bedrooms,bathrooms,sqft_living,sqft_lot,floors,waterfront,view,condition,grade,sqft_above,sqft_basement,lat,long,sqft_living15,sqft_lot15,l1area,l2area,l3area,yearsstand,yearsrenovated
4,2.25,3180,9600,2,0,0,3,10,3180,0,47.6313,-122.045,2840,10739,12780,13579,3180,31,31
4,4.5,3780,6000,2,0,4,4,11,2770,1010,47.5922,-122.388,2660,6000,9780,8660,3780,105,38
3,2.5,2330,9160,2,0,0,3,9,2330,0,47.5467,-122.181,2460,9160,11490,11620,2330,18,18
2,2.25,1190,1499,2,0,0,3,9,1100,90,47.6666,-122.285,1430,1332,2689,2762,1190,11,11
4,1.75,2530,5000,1,0,2,5,8,2070,460,47.6624,-122.348,1950,3600,7530,5550,2530,97,97
3,2,1900,9513,1,0,0,3,8,1900,0,47.2843,-122.357,1790,8028,11413,9818,1900,19,19
4,1.75,1400,7920,1,0,0,3,7,1400,0,47.4658,-122.184,1910,7700,9320,9610,1400,52,52
3,2.5,1690,4500,1,0,1,4,8,1690,0,47.5841,-122.383,2140,7200,6190,9340,1690,86,86
7,3.5,3890,8342,2,0,4,3,9,2840,1050,47.7011,-122.392,2870,8342,12232,11212,3890,47,47
3,3.5,4660,5500,2,0,4,5,10,3040,1620,47.6465,-122.319,2980,5500,10160,8480,4660,105,105
6,2.5,4410,14034,1,0,2,4,9,2350,2060,47.3376,-122.324,2600,13988,18444,16588,4410,49,49
3,2.5,1910,5125,2,0,0,3,9,1910,0,47.5481,-121.995,1910,3215,7035,5125,1910,8,8
4,2.25,2620,8100,1,0,0,4,7,1550,1070,47.4564,-122.351,1650,8100,10720,9750,2620,50,50
6,1.5,1680,5202,1,0,0,2,7,1680,0,47.6798,-122.206,1890,5500,6882,7390,1680,104,104
3,1,980,5600,1,0,0,2,6,980,0,47.5308,-122.361,1840,5302,6580,7142,980,66,66
6,4.5,5740,10312,2,0,2,3,11,3610,2130,47.5533,-122.11,4350,11917,16052,16267,5740,15,15
3,1.75,1620,5500,1,0,0,3,7,1110,510,47.6393,-122.308,2100,6500,7120,8600,1620,64,64
4,2.5,1740,7895,2,0,0,3,7,1740,0,47.3401,-122.282,1720,6813,9635,8533,1740,15,15
5,3,2870,4369,2,0,0,3,8,2090,780,47.7449,-122.192,2640,4610,7239,7250,2870,7,7
3,1,1060,20040,1,0,0,3,6,1060,0,47.7281,-122.235,1768,10800,21100,12568,1060,72,72
4,2.25,2940,20384,2,0,0,4,9,2940,0,47.6214,-122.227,3410,19910,23324,23320,2940,45,45
3,2.25,1520,1221,3,0,0,3,8,1520,0,47.674,-122.377,1550,4750,2741,6300,1520,1,1
3,2.5,2060,5750,1,0,0,3,7,1330,730,47.5671,-122.391,1920,5750,7810,7670,2060,38,38
4,1.75,1630,3000,1,0,0,3,7,930,700,47.5961,-122.305,1630,3000,4630,4630,1630,36,36
4,2.5,3270,24750,1,0,0,4,8,1690,1580,47.5221,-122.178,1520,13480,28020,15000,3270,36,36
4,2.25,2720,18295,1,0,0,4,8,2000,720,47.5851,-122.073,2720,18295,21015,21015,2720,35,35
3,1.75,2300,12000,1,0,0,3,8,1770,530,47.7599,-122.343,2030,6000,14300,8030,2300,72,72
3,1,1640,7187,1,0,0,3,7,1640,0,47.455,-122.182,1340,8346,8827,9686,1640,48,48
3,2.5,2360,11254,1,0,2,3,9,2360,0,47.3356,-122.333,2390,11254,13614,13644,2360,24,24
4,2,2360,6000,1,0,0,5,7,1260,1100,47.6534,-122.41,1720,6000,8360,7720,2360,75,75
2,2.75,2090,23962,2,0,3,4,8,2090,0,47.4145,-122.44,1820,32340,26052,34160,2090,27,27
5,1.75,1920,6500,1,0,0,3,7,1260,660,47.6394,-122.308,1970,5500,8420,7470,1920,63,63
3,2.25,1190,1200,3,0,0,3,8,1190,0,47.6542,-122.346,1180,1224,2390,2404,1190,7,7
3,2.5,1380,1389,3,0,0,3,8,1380,0,47.6427,-122.327,1380,1249,2769,2629,1380,6,6
4,2.25,1950,6000,1,0,0,3,7,1350,600,47.6909,-122.301,1980,6000,7950,7980,1950,54,54
5,2,1700,7314,1,0,0,3,7,1000,700,47.549,-122.305,2000,7176,9014,9176,1700,58,58
4,1.75,1900,10454,1,0,0,4,7,1180,720,47.5933,-122.195,2060,11325,12354,13385,1900,61,61
3,2.25,1750,8400,1,0,0,3,7,1350,400,47.4571,-122.272,2020,9110,10150,11130,1750,49,49
3,2.5,2260,3640,2,0,0,3,8,2260,0,47.7356,-122.157,2350,3710,5900,6060,2260,21,21
4,1,1460,16638,1,0,0,4,6,1460,0,47.3431,-122.048,1460,16638,18098,18098,1460,40,40
4,2.5,2320,11259,2,0,0,3,9,2320,0,47.6443,-122.194,2820,11770,13579,14590,2320,32,32
3,1.75,2110,56192,1,0,0,3,7,1480,630,47.7701,-122.138,2570,46609,58302,49179,2110,37,37
3,3.25,1480,983,2,0,0,3,8,1180,300,47.5555,-122.363,1330,1062,2463,2392,1480,1,1
2,2.25,1330,10838,2,0,0,3,8,1330,0,47.7689,-122.241,1390,10310,12168,11700,1330,29,29
4,1.75,1440,13296,1,0,0,4,8,1440,0,47.634,-122.204,3520,10802,14736,14322,1440,47,47
4,4.5,4240,13162,2,0,0,3,10,4240,0,47.6193,-122.229,3010,12163,17402,15173,4240,10,10
4,2.25,2040,7600,1,0,0,4,8,1580,460,47.3169,-122.365,2130,7200,9640,9330,2040,36,36
3,2.5,1670,3980,2,0,0,3,8,1670,0,47.5317,-122.047,1670,2897,5650,4567,1670,14,14
3,1.75,1410,45302,1,0,0,3,7,1410,0,47.7077,-121.914,2240,49222,46712,51462,1410,35,35
2,1,700,4700,1,0,0,5,5,700,0,47.4953,-122.169,960,5200,5400,6160,700,61,61
4,2.5,3310,5404,2,0,0,3,9,3310,0,47.6635,-122.083,2600,4730,8714,7330,3310,10,10
4,2.25,1990,21312,1,0,0,4,8,1990,0,47.439,-122.144,2400,19210,23302,21610,1990,46,46
4,2.5,2410,6440,1,0,0,3,8,1550,860,47.7153,-122.191,2330,6938,8850,9268,2410,41,41
2,1.5,1380,209959,1,0,0,1,6,1380,0,47.7461,-122.195,3130,19868,211339,22998,1380,60,60
3,2.25,2330,3600,1,0,0,3,8,2330,0,47.631,-122.061,2050,4275,5930,6325,2330,44,44
3,1.5,1190,9135,1,0,0,4,7,1190,0,47.5164,-122.189,1520,9146,10325,10666,1190,55,55
2,1,790,4000,1,0,0,3,6,790,0,47.6844,-122.289,990,5000,4790,5990,790,66,66
4,2.5,2360,43088,2,0,0,3,8,2360,0,47.7661,-122.071,2850,39216,45448,42066,2360,37,37
4,2.5,1980,4745,2,0,0,3,7,1980,0,47.3495,-122.04,1980,4878,6725,6858,1980,10,10
2,1,820,6400,1,0,0,4,7,820,0,47.55,-122.379,1490,6400,7220,7890,820,70,70
4,2.75,1810,7350,1,0,0,4,7,1200,610,47.3703,-122.171,1750,7350,9160,9100,1810,34,34
3,1.5,1320,7560,1,0,0,3,6,840,480,47.7451,-121.98,1210,7560,8880,8770,1320,32,32
1,1,740,5000,1,0,0,3,7,740,0,47.5519,-122.292,1400,4400,5740,5800,740,91,91
4,2,2090,40419,1,0,0,4,7,2090,0,47.4691,-121.993,2380,63162,42509,65542,2090,30,30
3,2.5,2320,5760,1,0,0,3,7,1480,840,47.504,-122.248,1660,5762,8080,7422,2320,27,27
4,1,1530,3900,1,0,0,4,7,1530,0,47.6748,-122.379,1300,3900,5430,5200,1530,107,107
3,2.5,1360,7293,2,0,0,3,8,1360,0,47.3304,-122.302,1540,7353,8653,8893,1360,27,27
6,3,2620,4350,1,0,0,3,7,1760,860,47.678,-122.373,1760,4300,6970,6060,2620,58,58
4,2.5,2181,5521,2,0,0,3,8,2181,0,47.3503,-122.291,2333,5143,7702,7476,2181,9,9
3,2.5,2430,15264,2,0,0,3,8,2430,0,47.3805,-122.208,2260,10416,17694,12676,2430,17,17
2,1,894,1552,2,0,0,3,7,894,0,47.6911,-122.313,1131,1992,2446,3123,894,4,4
4,2.5,2860,3638,1,0,2,5,7,1720,1140,47.6631,-122.361,1760,3880,6498,5640,2860,91,91
4,2.5,2090,6926,2,0,0,3,8,2090,0,47.6339,-122.022,2000,7151,9016,9151,2090,25,25
4,2.75,3410,35040,2,0,0,3,9,3410,0,47.4054,-122.03,2580,37263,38450,39843,3410,30,30
4,2.5,2090,10306,2,0,0,3,10,2090,0,47.6304,-122.051,2660,11481,12396,14141,2090,28,28
5,3.5,5470,35071,2,0,0,3,11,4590,880,47.6368,-122.159,3600,35074,40541,38674,5470,38,38
4,3,3290,10783,2,0,0,3,9,3290,0,47.3904,-122.178,2810,10783,14073,13593,3290,25,25
4,2.5,2340,5600,2,0,0,3,7,2340,0,47.5117,-122.379,1310,5600,7940,6910,2340,93,1
3,3.5,1280,1257,2,0,0,3,8,1040,240,47.6721,-122.374,1280,1249,2537,2529,1280,14,14
4,2,2760,27631,2,0,0,4,8,1800,960,47.7484,-122.291,2490,13158,30391,15648,2760,36,36
3,2.25,2230,11835,1,0,0,5,8,1630,600,47.563,-122.178,2190,10384,14065,12574,2230,40,40
3,2.75,2720,31314,3,0,2,3,8,2720,0,47.3689,-122.163,2290,15188,34034,17478,2720,28,28
2,3.25,1840,1500,3,0,0,3,8,1840,0,47.6595,-122.354,1910,2500,3340,4410,1840,13,13
4,3,3350,23781,1,0,0,4,9,2020,1330,47.56,-122.132,2870,12036,27131,14906,3350,35,35
4,2.5,1750,9000,1,0,0,3,8,1410,340,47.6403,-122.105,2120,9600,10750,11720,1750,37,11
3,1.75,1460,6360,1,0,2,3,7,1010,450,47.5311,-122.353,1400,4240,7820,5640,1460,36,36
3,3,1560,2250,2,0,0,3,9,1560,0,47.6929,-122.333,1610,4500,3810,6110,1560,5,5
3,2.5,1700,6200,2,0,0,3,8,1700,0,47.2621,-122.221,1720,6205,7900,7925,1700,17,17
2,1.5,950,865,3,0,0,3,8,950,0,47.6714,-122.382,1290,1189,1815,2479,950,9,9
4,2.5,2740,12899,2,0,0,4,10,2740,0,47.5811,-122.028,2830,9453,15639,12283,2740,24,24
4,2.5,1840,4593,2,0,0,3,7,1840,0,47.6866,-122.013,1740,3600,6433,5340,1840,4,4
3,2,2140,7200,1,0,0,4,8,1480,660,47.5084,-122.185,2070,7220,9340,9290,2140,48,48
3,2.25,1320,963,2,0,0,3,7,1040,280,47.5199,-122.357,1300,1285,2283,2585,1320,7,7
3,2.25,2390,7000,1,0,0,4,7,1990,400,47.4568,-122.169,1610,7000,9390,8610,2390,45,45
2,1,820,5700,1,0,0,5,5,820,0,47.4915,-122.184,1000,5700,6520,6700,820,72,72
3,1.75,2290,8234,1,0,0,4,7,1250,1040,47.7611,-122.351,1660,7200,10524,8860,2290,64,64
3,1.75,1260,8487,1,0,0,3,7,1260,0,47.7664,-122.201,1890,13051,9747,14941,1260,44,44
3,2.5,1340,8867,2,0,0,3,8,1340,0,47.724,-122.327,1630,7287,10207,8917,1340,30,30
4,5.5,5060,10320,2,0,0,3,11,5060,0,47.6245,-122.21,3010,10080,15380,13090,5060,6,6
3,1.75,1660,4800,2,0,0,3,7,1660,0,47.6296,-122.308,1660,4800,6460,6460,1660,108,0
5,2.5,2900,8711,1,0,0,3,8,1650,1250,47.7752,-122.197,2340,8869,11611,11209,2900,38,38
3,1.75,1770,2800,1,0,0,3,7,1770,0,47.6631,-122.357,1630,3254,4570,4884,1770,101,101
3,2,1200,10212,1,0,0,5,6,1200,0,47.206,-121.998,1280,10212,11412,11492,1200,66,66
3,1,990,4250,1,0,0,4,7,840,150,47.5392,-122.39,990,4500,5240,5490,990,90,90
4,2.5,2070,7476,2,0,0,3,8,2070,0,47.3352,-122.189,2430,5500,9546,7930,2070,11,11
5,2.75,2000,5885,1,0,0,3,7,1260,740,47.3155,-122.347,1960,6514,7885,8474,2000,20,20
3,1.75,1300,7770,1,0,0,3,7,1300,0,47.7347,-122.192,1520,7600,9070,9120,1300,47,47
3,2.5,2320,4721,2,0,0,3,8,2320,0,47.591,-122.017,2250,4356,7041,6606,2320,11,11
4,2.5,2230,5500,2,0,0,3,7,2230,0,47.3533,-122.023,1910,5500,7730,7410,2230,16,16
3,1.75,1330,12618,1,0,3,3,7,1330,0,47.4403,-122.271,1870,8429,13948,10299,1330,32,32
3,2.25,1340,873,3,0,0,3,8,1340,0,47.7325,-122.343,1340,1186,2213,2526,1340,6,6
5,1.75,1380,7620,1,0,0,3,7,1180,200,47.5279,-122.345,1990,7620,9000,9610,1380,60,60
3,1.5,1890,9000,1,0,0,3,7,1190,700,47.4425,-122.272,2060,9000,10890,11060,1890,55,55
3,2,1850,9550,1,0,0,3,8,1850,0,47.3225,-122.273,2250,9550,11400,11800,1850,26,26
3,1.75,1780,5850,1,0,0,5,7,980,800,47.5589,-122.392,1550,5850,7630,7400,1780,71,71
1,1,530,6350,1,0,0,5,5,530,0,47.6946,-122.357,1200,6350,6880,7550,530,73,73
2,1,910,7617,1,0,0,3,6,910,0,47.7332,-122.305,1310,6624,8527,7934,910,78,78
3,1.75,1460,9261,1,0,0,3,7,1460,0,47.5155,-122.189,1550,8800,10721,10350,1460,29,29
3,2.5,2120,7401,2,0,0,3,8,2120,0,47.5781,-122.018,2010,7972,9521,9982,2120,26,26
3,1.5,1780,5000,1,0,4,4,7,1030,750,47.5168,-122.256,1780,7500,6780,9280,1780,56,56
3,2.5,1510,10384,1,0,0,2,7,1030,480,47.758,-122.071,1490,10000,11894,11490,1510,38,38
3,1.75,1950,10633,1,0,0,3,7,1250,700,47.7019,-122.313,1290,6380,12583,7670,1950,37,37
1,1,710,6000,1,0,0,3,6,710,0,47.5756,-122.316,1440,4800,6710,6240,710,-1,-1
3,1,1310,7125,1,0,0,4,7,1310,0,47.3739,-122.148,1650,7290,8435,8940,1310,37,37
3,1.75,2320,6400,1,0,2,4,8,1420,900,47.6449,-122.389,2540,7680,8720,10220,2320,57,57
3,3.25,3240,8338,2,0,0,3,9,3240,0,47.6321,-122.064,3420,8405,11578,11825,3240,13,13
4,1.75,3130,18253,2,0,0,3,7,3130,0,47.7402,-122.348,1850,12220,21383,14070,3130,37,37
3,2.5,1590,3121,2,0,0,3,7,1590,0,47.5515,-122.284,1090,4900,4711,5990,1590,20,20
3,1.75,1870,9897,1,0,0,4,8,1870,0,47.5505,-122.221,1900,10005,11767,11905,1870,54,54
4,4.5,2690,7350,1,0,0,5,7,2690,0,47.7062,-122.311,1660,9000,10040,10660,2690,65,65
2,1,850,6174,1,0,0,4,7,850,0,47.7352,-122.328,1100,6174,7024,7274,850,64,64
3,2.5,1740,4948,2,0,0,3,7,1740,0,47.6966,-122.025,1290,3383,6688,4673,1740,6,6
2,1.75,1530,3503,1,0,1,4,7,830,700,47.6368,-122.371,1280,1531,5033,2811,1530,98,98
2,1,960,5508,1,0,0,3,6,770,190,47.5307,-122.277,1280,5304,6468,6584,960,63,63
4,3,2150,64694,1,0,0,3,8,1450,700,47.3268,-122.388,2430,59612,66844,62042,2150,45,45
4,2.25,2420,15482,2,0,0,4,8,2420,0,47.5907,-122.196,2870,13905,17902,16775,2420,89,17
3,1.75,1840,19501,1,0,0,4,8,1270,570,47.3364,-122.318,1910,12000,21341,13910,1840,43,43
4,4.25,5584,68257,2,0,0,3,11,5584,0,47.6113,-121.952,5030,101901,73841,106931,5584,16,16
3,1.75,1899,11325,2,0,0,3,7,1899,0,47.3987,-122.3,2000,10454,13224,12454,1899,71,9
3,1.75,2110,11250,1,0,0,4,8,2110,0,47.5402,-122.216,2560,10992,13360,13552,2110,53,53
5,2.25,3550,7992,2,0,0,3,8,3550,0,47.7285,-122.179,2110,7992,11542,10102,3550,46,46
4,3,2120,5520,1,0,0,3,8,1420,700,47.7085,-122.286,2020,8700,7640,10720,2120,29,29
4,1.75,1880,9880,1,0,0,4,8,1880,0,47.4551,-122.151,1880,9600,11760,11480,1880,47,47
4,1.75,1970,9389,1,0,0,5,7,1140,830,47.7771,-122.339,1820,8135,11359,9955,1970,54,54
6,2.5,1880,14350,1,0,0,5,7,1640,240,47.7556,-122.352,1510,9840,16230,11350,1880,60,60
4,2,2240,11040,1,0,0,5,8,1120,1120,47.693,-122.168,1790,11040,13280,12830,2240,53,53
4,1,1750,68841,1,0,0,3,7,1750,0,47.4442,-122.081,1550,32799,70591,34349,1750,72,72
3,1.5,1140,4800,1,0,0,3,7,1140,0,47.6368,-122.354,1260,4800,5940,6060,1140,100,100
4,2.5,1920,8562,2,0,2,4,7,1920,0,47.1932,-122.008,1820,8628,10482,10448,1920,20,20
4,2.5,3470,6651,2,0,0,3,9,3470,0,47.5426,-121.879,2730,6179,10121,8909,3470,9,9
3,1,1540,7740,1,0,0,4,7,1540,0,47.522,-122.375,1220,7740,9280,8960,1540,105,105
3,2.5,3520,237402,2,0,0,3,9,3520,0,47.2687,-122.056,2310,165963,240922,168273,3520,10,10
5,2.75,2040,7488,1,0,0,4,7,1200,840,47.7289,-122.172,1530,7488,9528,9018,2040,45,45
2,1,780,6380,1,0,0,3,6,780,0,47.5423,-122.351,1270,6960,7160,8230,780,68,68
3,2.5,1830,65340,1,0,0,3,8,1520,310,47.4553,-121.75,2100,84942,67170,87042,1830,23,23
3,1,1020,5500,1,0,0,3,7,1020,0,47.5502,-122.286,1160,5500,6520,6660,1020,54,54
4,2,2240,9240,1,0,0,3,7,1120,1120,47.3666,-122.288,2040,8250,11480,10290,2240,47,47
3,1.75,1600,7500,1,0,0,3,7,1600,0,47.2831,-122.199,1620,7461,9100,9081,1600,17,17
3,2.5,1760,1755,3,0,0,3,8,1760,0,47.6688,-122.279,1700,1721,3515,3421,1760,17,17
4,2.5,2490,40608,2,0,0,3,9,2490,0,47.6507,-122.004,3170,45441,43098,48611,2490,17,17
3,1.5,1770,17208,1,0,0,3,8,1160,610,47.5659,-122.117,2450,17118,18978,19568,1770,55,55
3,2.5,2200,9696,2,0,0,3,8,2200,0,47.4197,-122.205,2200,9915,11896,12115,2200,27,27
4,2.5,2770,10051,2,0,0,3,10,2770,0,47.6288,-122.043,2730,10675,12821,13405,2770,27,27
5,3,2400,10126,2,0,3,3,8,2400,0,47.5726,-122.373,2250,3946,12526,6196,2400,34,34
2,2,1180,2521,2,0,0,3,6,1180,0,47.3487,-122.021,1310,3003,3701,4313,1180,10,10
4,2.5,3160,8530,2,0,0,3,9,3160,0,47.5075,-122.148,3160,6460,11690,9620,3160,9,9
3,1,970,12300,1,0,0,3,7,970,0,47.7335,-122.227,2040,9994,13270,12034,970,32,32
3,3.5,3310,5558,2,0,0,3,9,3310,0,47.5553,-122.003,3310,5270,8868,8580,3310,10,10
4,2,2350,9329,2,0,0,3,8,2350,0,47.583,-122.17,1640,9403,11679,11043,2350,37,37
5,4,3460,5400,2,0,0,3,10,2830,630,47.5201,-122.204,1890,5400,8860,7290,3460,3,3
4,3.5,3100,5600,2,0,0,3,9,3100,0,47.5968,-121.978,3080,5600,8700,8680,3100,10,10
3,1,1030,6600,1,0,0,3,7,1030,0,47.4941,-122.34,1220,9040,7630,10260,1030,60,60
4,2.25,2130,8734,2,0,2,4,8,2130,0,47.5672,-122.161,2550,8800,10864,11350,2130,53,53
3,2,1550,34175,1,0,0,3,7,1550,0,47.4855,-121.698,2300,35174,35725,37474,1550,15,15
2,1.75,1310,3816,1,0,0,2,7,1110,200,47.679,-122.368,1510,3816,5126,5326,1310,86,86
4,2.25,2280,8550,1,0,0,3,8,1660,620,47.701,-122.231,2590,9500,10830,12090,2280,37,37
4,2.5,2740,9599,1,0,2,3,8,1820,920,47.7728,-122.385,2660,8280,12339,10940,2740,54,54
4,2.5,2320,3974,2,0,0,3,7,2320,0,47.532,-121.88,2620,4539,6294,7159,2320,16,16
5,2.5,3050,13212,1,0,0,4,8,1590,1460,47.5596,-122.142,2550,10826,16262,13376,3050,40,40
4,1.75,1830,6000,1,0,0,4,7,930,900,47.6536,-122.41,1540,6000,7830,7540,1830,75,75
2,1,1270,43560,1,0,0,4,5,1270,0,47.3651,-122.165,1870,6960,44830,8830,1270,107,107
5,3.5,3250,4800,2,0,0,3,9,2410,840,47.5618,-122.362,1330,4920,8050,6250,3250,5,5
4,1.75,1550,6000,1,0,0,5,7,1550,0,47.6567,-122.399,1550,6000,7550,7550,1550,71,71
4,1.75,2140,49658,1,0,0,5,7,2140,0,47.3583,-121.922,1720,99316,51798,101036,2140,55,55
3,1.75,1340,9975,1,0,0,4,7,1340,0,47.7012,-122.169,1340,10050,11315,11390,1340,53,53
3,1.75,1360,16000,1,0,0,3,7,1360,0,47.7583,-122.306,1360,12939,17360,14299,1360,36,36
4,2.75,3010,7427,2,0,0,3,8,3010,0,47.7068,-122.112,3000,4929,10437,7929,3010,5,5
3,1.5,1400,9750,1,0,0,4,6,1400,0,47.3768,-122.17,1160,9750,11150,10910,1400,51,51
3,2,1870,8442,1,0,0,5,7,1060,810,47.6964,-122.365,1640,6174,10312,7814,1870,87,87
4,3,3110,4408,2,0,3,4,10,2510,600,47.6583,-122.27,3250,5669,7518,8919,3110,83,83
4,2.25,2720,8712,2,0,0,4,9,2720,0,47.5616,-122.153,2470,8714,11432,11184,2720,38,38
4,2.5,3120,7448,2,0,0,3,9,3120,0,47.3645,-122.126,2980,8102,10568,11082,3120,17,17
4,2.5,3310,4839,2,0,0,3,9,3310,0,47.773,-122.161,3240,5280,8149,8520,3310,8,8
4,3,2430,7242,2,0,0,3,8,2430,0,47.3533,-122.015,2430,7242,9672,9672,2430,12,12
5,1.75,2330,3800,1,0,0,3,7,1360,970,47.6835,-122.308,2100,3800,6130,5900,2330,88,88
4,1.75,1860,9112,1,0,0,4,7,1110,750,47.3792,-122.282,1570,9112,10972,10682,1860,52,52
3,2.25,1430,2343,2,0,0,3,8,1430,0,47.5648,-122.294,1270,1916,3773,3186,1430,3,3
4,1.75,1980,10800,1,0,0,4,8,1320,660,47.5899,-122.173,2310,10800,12780,13110,1980,62,62
4,2.75,2710,45963,2,0,0,3,9,2710,0,47.4745,-121.724,2710,33955,48673,36665,2710,19,19
5,2.75,2670,4000,2,0,0,4,7,1800,870,47.6711,-122.315,2460,4000,6670,6460,2670,101,101
3,2.5,1930,1348,2,0,0,3,8,1300,630,47.6513,-122.384,1630,6000,3278,7630,1930,9,9
4,2.25,2360,7490,2,0,0,3,8,2360,0,47.6988,-122.169,2360,7490,9850,9850,2360,36,36
3,2.5,1580,12250,2,0,0,3,8,1580,0,47.3771,-122.315,1560,9900,13830,11460,1580,21,21
3,2.25,1620,6000,1,0,0,3,7,1280,340,47.2835,-122.2,1710,6318,7620,8028,1620,17,17
4,2.25,2390,12292,1,0,0,5,9,2390,0,47.5528,-122.221,2870,12337,14682,15207,2390,53,53
3,3.25,1710,1960,2,0,0,3,8,1360,350,47.5479,-122.003,1420,955,3670,2375,1710,10,10
3,1,1320,9239,1,0,0,4,7,1320,0,47.312,-122.183,1320,8415,10559,9735,1320,47,47
3,1.5,1480,2700,1,0,0,3,7,1480,0,47.623,-122.304,1970,4200,4180,6170,1480,87,87
2,1,700,4000,1,0,0,3,6,700,0,47.5487,-122.391,1060,6000,4700,7060,700,71,71
2,1.5,1480,7276,1,0,0,4,6,940,540,47.4942,-122.166,1090,6710,8756,7800,1480,36,36
2,1,720,4920,1,0,0,3,6,720,0,47.5352,-122.371,670,4920,5640,5590,720,73,73
3,2.5,2670,12806,2,0,0,3,9,2670,0,47.3686,-122.059,3010,7231,15476,10241,2670,5,5
2,1.5,1008,26487,1,1,4,4,6,1008,0,47.3853,-122.479,1132,24079,27495,25211,1008,72,13
3,2.5,2030,5100,2,0,0,3,7,2030,0,47.6594,-122.397,1790,4380,7130,6170,2030,6,6
4,2.5,1890,7200,1,0,0,4,7,1500,390,47.7278,-122.218,2070,7200,9090,9270,1890,36,36
2,2.5,1770,4950,1,0,0,3,7,1770,0,47.3497,-122.025,1770,4500,6720,6270,1770,11,11
3,2,2660,16677,1,0,0,3,9,2210,450,47.3689,-122.055,2660,11355,19337,14015,2660,25,25
3,1.5,2200,5000,1,0,0,3,9,2200,0,47.6404,-122.408,2860,5000,7200,7860,2200,82,82
4,1.75,1540,7200,1,0,0,3,7,1260,280,47.3424,-122.308,1540,8416,8740,9956,1540,48,48
4,2.5,2070,6175,2,0,0,3,8,2070,0,47.3262,-122.174,1940,6175,8245,8115,2070,21,21
4,1.75,1880,4080,1,0,0,3,7,940,940,47.6754,-122.327,1410,4080,5960,5490,1880,91,91
4,2.5,2240,7245,1,0,0,4,7,1140,1100,47.7161,-122.17,1740,7350,9485,9090,2240,42,42
4,3.25,4270,6384,2,0,0,3,9,3060,1210,47.5362,-121.874,2850,6285,10654,9135,4270,14,14
3,2.25,2900,35273,2,0,0,3,9,2900,0,47.4013,-122.03,2510,38487,38173,40997,2900,28,28
3,2,2010,12950,1,0,0,3,8,2010,0,47.7222,-122.229,1490,10181,14960,11671,2010,61,61
4,5,4550,18641,1,1,4,3,10,2600,1950,47.6053,-122.077,4550,19508,23191,24058,4550,12,12
5,4.5,6070,14731,2,0,0,3,11,6070,0,47.5306,-122.134,4750,13404,20801,18154,6070,10,10
2,1,910,9000,1,0,0,3,5,910,0,47.526,-121.81,1290,9000,9910,10290,910,92,92
2,1,840,6654,1,0,0,3,7,840,0,47.7319,-122.335,1350,5831,7494,7181,840,63,63
5,2.5,2130,7111,1,0,0,3,7,1330,800,47.5071,-122.16,1840,7592,9241,9432,2130,46,46
5,3.25,3420,5669,2,0,0,3,9,2620,800,47.5366,-122.067,3310,6006,9089,9316,3420,11,11
4,2,2050,4400,1,0,0,4,9,2050,0,47.644,-122.319,2320,5500,6450,7820,2050,92,92
6,3,2630,8800,1,0,0,3,7,1610,1020,47.7166,-122.293,1220,1173,11430,2393,2630,55,55
3,1,1430,10005,1,0,0,4,7,1430,0,47.7181,-122.338,1720,8822,11435,10542,1430,64,64
4,1,1720,4410,1,0,2,3,7,1720,0,47.6791,-122.402,2140,4500,6130,6640,1720,87,87
3,1,1040,8075,1,0,0,4,7,1040,0,47.6701,-122.176,1450,8075,9115,9525,1040,53,53
4,2.5,3340,10422,2,0,0,3,10,3340,0,47.6515,-122.197,1770,9490,13762,11260,3340,18,18
3,2.25,1410,1287,2,0,0,3,7,1290,120,47.5344,-122.068,1490,1435,2697,2925,1410,9,9
2,2,1110,1095,3,0,0,3,7,980,130,47.5494,-122.388,1110,1083,2205,2193,1110,7,7
3,1,1260,6000,1,0,3,3,7,1260,0,47.5058,-122.384,2020,6600,7260,8620,1260,64,64
4,2.75,2050,3960,1,0,0,4,7,1180,870,47.5808,-122.394,1440,5040,6010,6480,2050,28,28
5,2.75,2730,6401,2,0,0,3,8,2730,0,47.7685,-122.16,2520,6126,9131,8646,2730,-1,-1
3,1.75,1290,7205,1,0,0,3,7,1290,0,47.7329,-122.237,1340,7214,8495,8554,1290,43,43
3,1.5,1490,10132,1,0,0,4,6,1490,0,47.4779,-122.145,1720,9915,11622,11635,1490,46,46
3,1,1180,11862,1,0,0,4,7,1180,0,47.7153,-122.363,1540,8100,13042,9640,1180,66,66
4,2.5,1910,5000,2,0,0,3,7,1910,0,47.3608,-122.036,2020,5000,6910,7020,1910,9,9
3,1.5,1330,7125,2,0,0,3,7,1330,0,47.7308,-122.194,1570,7350,8455,8920,1330,47,47
4,3.75,4150,17424,1,0,0,3,9,3130,1020,47.639,-122.236,3930,21420,21574,25350,4150,52,15
3,1,1220,7695,1,0,0,3,7,1220,0,47.5191,-122.339,1210,7412,8915,8622,1220,61,61
3,1.5,2440,5750,1,0,0,3,8,1320,1120,47.6991,-122.296,2160,6820,8190,8980,2440,76,76
4,3,2940,7108,2,0,1,3,9,2220,720,47.5437,-122.395,2240,7950,10048,10190,2940,3,3
5,3.25,3690,12353,2,0,0,5,9,3690,0,47.7672,-122.292,2290,9082,16043,11372,3690,37,37
3,2,1630,7599,1,0,0,3,10,1630,0,47.6981,-122.376,2030,7599,9229,9629,1630,8,8
5,2.5,2400,4496,2,0,0,3,7,2400,0,47.3692,-122.126,1880,4319,6896,6199,2400,11,11
4,2.5,1930,6957,2,0,0,3,8,1930,0,47.4309,-122.191,2090,6996,8887,9086,1930,20,20
3,2.5,1720,6200,2,0,0,3,7,1720,0,47.2137,-121.989,1710,9520,7920,11230,1720,1,1
4,2.5,2720,8000,1,0,0,4,7,1360,1360,47.5237,-122.391,1790,8000,10720,9790,2720,60,60
4,2,3510,12905,1,0,2,3,8,2210,1300,47.4466,-122.36,2530,16143,16415,18673,3510,49,32
3,1.75,1490,11360,1,0,0,3,8,1490,0,47.5896,-122.12,2350,10320,12850,12670,1490,39,39
5,3.25,2610,3642,2,0,0,3,8,2080,530,47.535,-122.284,1750,3118,6252,4868,2610,10,10
2,1,1150,6835,1,0,1,3,7,1010,140,47.5567,-122.273,1150,6561,7985,7711,1150,92,92
3,1.75,2270,11472,1,0,0,4,7,1370,900,47.7057,-122.374,2270,8340,13742,10610,2270,58,58
3,1,1060,8040,1,0,0,4,6,1060,0,47.7121,-122.287,1300,7620,9100,8920,1060,65,65
3,1.75,2570,14033,1,0,2,4,8,2570,0,47.4335,-122.338,2550,16100,16603,18650,2570,62,62
3,2.5,3400,16603,2,0,0,3,10,3400,0,47.6012,-122.023,3400,12601,20003,16001,3400,15,15
4,3.25,3940,27591,2,0,3,3,9,3440,500,47.5157,-122.116,3420,29170,31531,32590,3940,14,14
5,2.25,2200,9600,1,0,0,4,7,1100,1100,47.3263,-122.364,1780,9680,11800,11460,2200,51,51
4,2,2410,4680,2,0,0,3,9,2410,0,47.6234,-122.113,1910,4611,7090,6521,2410,40,40
2,1,1320,8830,1,0,0,3,7,1020,300,47.6433,-122.404,1620,8531,10150,10151,1320,75,75
3,2,1210,9926,1,0,0,4,7,1210,0,47.5731,-122.135,1690,9737,11136,11427,1210,61,0
3,2.25,1320,1800,2,0,0,3,7,1320,0,47.6081,-122.289,2010,4500,3120,6510,1320,20,20
4,3.5,3820,13224,2,0,0,3,10,3280,540,47.6005,-122.199,3340,9700,17044,13040,3820,24,24
3,2,1330,8100,1,0,0,4,7,1330,0,47.7251,-122.175,1590,8100,9430,9690,1330,45,45
3,1.75,1720,7200,1,0,0,3,7,1140,580,47.6977,-122.132,1700,8400,8920,10100,1720,38,38
4,1.75,2030,7350,1,0,0,3,8,2030,0,47.6274,-122.094,2000,7998,9380,9998,2030,49,49
2,1,850,5225,1,0,0,3,7,850,0,47.5311,-122.38,1230,5225,6075,6455,850,65,65
4,2.5,3130,13202,2,0,0,3,10,3130,0,47.5878,-121.976,2840,10470,16332,13310,3130,19,19
3,2.25,2400,16301,1,0,0,3,8,1400,1000,47.6901,-122.282,1720,9828,18701,11548,2400,52,52
3,2.25,1570,3109,2,0,0,3,8,1570,0,47.3258,-122.186,1680,3590,4679,5270,1570,13,13
3,1.75,1620,10000,1,0,0,5,6,1620,0,47.5091,-122.262,1880,10000,11620,11880,1620,96,96
5,2.5,2820,67518,2,0,0,3,8,2820,0,47.5794,-122.025,2820,48351,70338,51171,2820,35,35
3,1.75,1530,5000,1,0,2,3,7,1020,510,47.6806,-122.36,1530,5000,6530,6530,1530,66,66
4,2.5,2400,4596,2,0,0,3,8,2400,0,47.3358,-122.265,2230,4763,6996,6993,2400,10,10
2,1.75,1220,5000,1,0,0,5,7,860,360,47.4906,-122.204,1120,5000,6220,6120,1220,93,93
4,2.5,3240,13978,1,0,0,3,9,1860,1380,47.6298,-122.057,3150,12767,17218,15917,3240,37,37
3,1,1230,4800,1,0,0,1,6,1230,0,47.6941,-122.365,1230,4800,6030,6030,1230,98,98
4,1.75,2180,10200,1,0,2,3,8,2000,180,47.7638,-122.27,2590,10445,12380,13035,2180,49,49
3,1.75,2080,12522,1,0,0,5,6,2080,0,47.267,-122.25,1690,11200,14602,12890,2080,64,64
2,1,1070,4500,1,0,0,3,7,1070,0,47.6802,-122.29,1320,4465,5570,5785,1070,77,77
4,2.5,2425,9017,2,0,0,3,9,2425,0,47.3003,-122.263,2725,7019,11442,9744,2425,1,1
4,2.5,2060,5742,2,0,0,3,7,2060,0,47.3612,-122.185,1610,7298,7802,8908,2060,15,15
4,3,3520,4895,1,0,0,3,8,1980,1540,47.6678,-122.361,1570,2153,8415,3723,3520,60,60
2,1,1070,5280,1,0,0,3,6,1070,0,47.6168,-122.303,1380,2370,6350,3750,1070,115,115
3,2,2350,8459,1,0,0,3,9,2350,0,47.3043,-122.349,2430,8459,10809,10889,2350,26,26
4,2.25,2510,4090,2,0,0,3,8,1840,670,47.7345,-121.967,2070,4090,6600,6160,2510,2,2
4,2.75,2780,6978,2,0,0,3,8,2780,0,47.6881,-122.04,2760,5460,9758,8220,2780,13,13
4,1.75,1920,9380,1,0,0,3,7,1920,0,47.6344,-122.118,1580,8580,11300,10160,1920,50,50
3,2,1450,7300,1,0,0,5,7,1450,0,47.7517,-122.342,1660,9069,8750,10729,1450,59,59
2,1,980,3400,1,0,0,3,7,980,0,47.6688,-122.323,1200,3420,4380,4620,980,91,91
3,2.25,1430,1448,3,0,0,3,8,1430,0,47.6916,-122.341,1430,1383,2878,2813,1430,9,9
2,1,700,5200,1,0,0,5,6,700,0,47.4924,-122.175,1030,5200,5900,6230,700,62,62
4,3.5,2440,3012,3,0,1,3,8,2440,0,47.6923,-122.392,1860,4650,5452,6510,2440,10,10
5,2,2500,7860,1,0,0,3,7,1040,1460,47.7212,-122.226,2060,9684,10360,11744,2500,52,52
3,2,1470,16500,1,0,0,3,7,1470,0,47.3617,-122.061,1720,14406,17970,16126,1470,54,54
4,2.5,2660,5500,2,0,2,3,9,2660,0,47.5439,-121.996,3620,5500,8160,9120,2660,11,11
3,1,1430,19901,1,0,0,4,7,1430,0,47.7558,-122.229,1780,12697,21331,14477,1430,87,87
4,2.5,3140,22100,1,0,0,4,8,1820,1320,47.319,-122.362,2700,25500,25240,28200,3140,54,54
5,4,5840,11652,2,0,1,3,11,4410,1430,47.5835,-122.202,3120,13639,17492,16759,5840,27,27
2,1.75,1480,4000,1,0,0,4,6,740,740,47.6916,-122.38,1060,4000,5480,5060,1480,89,89
3,2.5,1600,2788,2,0,0,4,7,1600,0,47.4034,-122.187,1720,3605,4388,5325,1600,22,22
3,1,1100,5100,2,0,0,4,7,1100,0,47.679,-122.386,1540,5100,6200,6640,1100,115,115
3,2.5,1640,6991,1,0,0,3,7,1110,530,47.7255,-122.327,1860,7342,8631,9202,1640,48,48
2,1,1400,19570,1,0,0,3,6,1100,300,47.4724,-122.271,2250,6500,20970,8750,1400,86,86
3,1,1060,8625,2,0,0,4,7,1060,0,47.6615,-122.179,2010,8901,9685,10911,1060,52,17
3,4,2550,3900,2,0,2,3,8,2050,500,47.6415,-122.392,2340,6400,6450,8740,2550,74,11
2,1,850,8400,1,0,0,4,6,850,0,47.4696,-122.359,1280,8400,9250,9680,850,74,74
5,1.75,3690,36036,1,0,0,3,9,1890,1800,47.3473,-122.085,2680,44131,39726,46811,3690,29,29
4,2.5,3010,6100,2,0,0,3,9,3010,0,47.6647,-122.08,2890,5176,9110,8066,3010,9,9
2,1,1220,10170,1,0,0,3,7,980,240,47.7297,-122.327,1990,9064,11390,11054,1220,67,67
3,1.75,1370,10866,1,0,0,4,6,1370,0,47.6774,-122.164,1580,14250,12236,15830,1370,69,69
3,1.75,1410,7215,1,0,0,3,7,1410,0,47.7343,-122.193,1550,7600,8625,9150,1410,47,47
2,1.5,1110,1189,3,0,0,3,8,1110,0,47.6711,-122.377,1420,1311,2299,2731,1110,14,14
4,2.5,2050,3784,2,0,0,3,8,2050,0,47.7189,-122.181,2050,3366,5834,5416,2050,14,14
3,2.75,2500,5568,2,0,0,5,9,2500,0,47.6258,-122.312,2810,5568,8068,8378,2500,109,109
3,1.5,1750,7000,2,0,0,3,8,1750,0,47.3108,-122.346,1840,9305,8750,11145,1750,31,31
3,2,1940,3800,1,0,0,4,7,1050,890,47.6842,-122.309,1700,3800,5740,5500,1940,87,87
3,2.25,1670,4800,1,0,3,3,8,1670,0,47.6356,-122.367,2300,4800,6470,7100,1670,111,111
4,1.75,3990,13470,2,0,0,3,11,3990,0,47.5305,-122.131,5790,13709,17460,19499,3990,8,8
3,3,2470,11900,2,0,0,3,9,2290,180,47.641,-122.057,2590,11900,14370,14490,2470,39,39
3,2.25,1760,10350,1,0,0,4,7,1330,430,47.6605,-122.188,2210,11337,12110,13547,1760,36,36
3,1.75,1270,4800,1,0,0,3,7,1270,0,47.693,-122.361,1490,4800,6070,6290,1270,61,61
2,1,740,11250,1,0,0,2,6,740,0,47.5036,-122.362,1390,11250,11990,12640,740,76,76
4,2.5,2665,5868,2,0,0,3,9,2665,0,47.3831,-122.185,2665,6092,8533,8757,2665,9,9
4,2.75,3010,15750,1,0,0,4,8,1560,1450,47.7336,-122.183,2110,9450,18760,11560,3010,41,41
4,2.25,2520,8000,1,0,2,3,8,1680,840,47.3202,-122.383,2300,8000,10520,10300,2520,44,44
3,2.5,2300,18540,1,0,0,3,8,1800,500,47.7767,-122.369,2460,18540,20840,21000,2300,53,53
4,3,3150,6175,2,0,0,3,9,3150,0,47.5968,-122.017,3150,6986,9325,10136,3150,13,13
4,2.5,1620,219542,2,0,0,3,7,1620,0,47.4014,-122.069,2240,217800,221162,220040,1620,35,35
4,2,2170,5404,1,0,0,5,6,1470,700,47.3046,-122.22,1030,5477,7574,6507,2170,95,95
4,2.5,3370,7200,2,0,0,3,8,3370,0,47.7698,-122.384,1880,7200,10570,9080,3370,0,0
4,2.75,2340,6350,1,0,0,4,7,1310,1030,47.5559,-122.379,2020,6350,8690,8370,2340,41,41
2,1,810,7980,1,0,0,1,6,810,0,47.489,-122.337,1440,7980,8790,9420,810,86,86
3,1.75,1880,8706,1,0,0,3,7,940,940,47.7362,-122.292,1880,7200,10586,9080,1880,88,88
4,2,1640,6000,1,0,0,4,9,1640,0,47.6505,-122.375,1900,6000,7640,7900,1640,103,103
3,1,1090,4000,1,0,0,4,7,1090,0,47.6846,-122.386,1520,4000,5090,5520,1090,70,70
4,2,3210,8400,1,0,0,5,7,2040,1170,47.5322,-122.391,2540,6458,11610,8998,3210,100,100
4,1.75,2440,7350,1,0,0,3,8,1610,830,47.3743,-122.285,2180,7680,9790,9860,2440,36,36
3,2.25,2070,15002,1,0,0,3,8,2070,0,47.7635,-122.274,2070,15002,17072,17072,2070,59,1
5,2.75,2440,8000,1,0,0,4,7,1240,1200,47.7283,-122.17,1780,8391,10440,10171,2440,42,42
4,1.5,1880,3500,1,0,0,4,7,1080,800,47.6835,-122.347,1690,3500,5380,5190,1880,88,88
2,1,1110,26051,1,0,0,3,6,1110,0,47.4711,-122.291,2240,12255,27161,14495,1110,63,63
3,2.5,1830,4997,2,0,0,3,7,1830,0,47.3035,-122.283,2488,4998,6827,7486,1830,11,11
4,2.5,2390,7115,2,0,0,3,9,2390,0,47.2593,-122.222,2600,7916,9505,10516,2390,15,15
3,1,1690,6658,1,0,0,3,7,1690,0,47.7099,-122.35,1080,5925,8348,7005,1690,72,32
3,1,1220,8573,1,0,0,4,7,1220,0,47.6088,-122.193,1390,8573,9793,9963,1220,60,60
3,1.75,1210,8864,1,0,0,3,7,1210,0,47.3639,-122.08,1510,8062,10074,9572,1210,30,30
4,2.5,1940,4517,1,0,0,3,8,1190,750,47.776,-122.26,1910,10410,6457,12320,1940,5,5
5,3,3670,9600,1,0,1,3,8,1980,1690,47.5648,-122.316,1730,4933,13270,6663,3670,60,60
4,2.75,2500,5995,2,0,0,3,8,2500,0,47.3749,-122.107,2530,5988,8495,8518,2500,6,6
3,1,1520,213444,1,0,3,5,8,1520,0,47.5081,-122.093,2640,213444,214964,216084,1520,26,26
3,2.5,2980,7338,2,0,0,3,8,2980,0,47.437,-122.207,3010,5267,10318,8277,2980,8,8
5,2.5,2820,9956,1,0,0,4,7,1410,1410,47.4715,-122.33,2700,9956,12776,12656,2820,47,47
4,3.75,3070,5850,2,0,0,5,9,2400,670,47.633,-122.283,2940,5573,8920,8513,3070,87,87
10,2,3610,11914,2,0,0,4,7,3010,600,47.5705,-122.175,2040,11914,15524,13954,3610,56,56
3,1.75,1580,6127,1,0,0,5,7,1580,0,47.7192,-122.32,1500,6128,7707,7628,1580,67,67
3,1,940,5904,1,0,0,3,6,940,0,47.699,-122.35,870,5728,6844,6598,940,68,68
4,2.5,2620,9873,2,0,0,3,8,2620,0,47.5822,-122.051,2520,9935,12493,12455,2620,27,27
3,2.75,1830,208216,2,0,0,3,8,1830,0,47.4377,-122.464,1530,16988,210046,18518,1830,17,17
3,1,1480,6550,1,0,0,4,6,1480,0,47.5498,-122.381,1200,6550,8030,7750,1480,89,89
3,2.5,1220,1330,2,0,0,3,8,1010,210,47.6904,-122.37,1360,3750,2550,5110,1220,6,6
3,1,1110,8423,1,0,0,3,7,1110,0,47.4718,-122.342,1140,9083,9533,10223,1110,62,62
4,3.5,3065,5440,3,0,0,3,9,3065,0,47.524,-122.2,2210,8400,8505,10610,3065,1,1
5,2.5,2900,5901,2,0,0,3,9,2900,0,47.5396,-121.998,3200,5775,8801,8975,2900,8,8
5,2.5,2570,7412,2,0,0,3,8,2570,0,47.7265,-121.957,2890,8056,9982,10946,2570,9,9
3,1,1600,5001,1,0,0,5,6,1080,520,47.7232,-122.289,1340,5001,6601,6341,1600,84,84
4,2.5,2190,9880,1,0,0,4,8,1410,780,47.6926,-122.186,2190,9198,12070,11388,2190,35,35
4,2.5,2480,91911,1,0,2,4,7,1470,1010,47.4579,-121.981,2540,91911,94391,94451,2480,42,42
3,1.75,1650,11220,1,0,0,4,7,1650,0,47.7567,-122.071,1340,10129,12870,11469,1650,45,45
3,3.25,1876,1531,3,0,0,3,9,1876,0,47.6864,-122.265,1876,1533,3407,3409,1876,6,6
3,1.75,1610,22496,1,0,0,4,7,1610,0,47.3443,-122.073,2050,35772,24106,37822,1610,40,40
4,2.5,2500,5831,2,0,0,3,8,2500,0,47.3454,-122.039,2500,5188,8331,7688,2500,7,7
3,2.25,1610,3764,2,0,0,3,7,1610,0,47.3589,-122.083,1610,3825,5374,5435,1610,3,3
3,1.75,1910,4800,1,0,0,3,7,1080,830,47.6844,-122.332,1750,4800,6710,6550,1910,55,55
3,1,1110,8593,1,0,0,3,7,1110,0,47.7595,-122.309,1780,8593,9703,10373,1110,35,35
1,1,780,10235,1,0,0,3,6,780,0,47.713,-121.315,930,10165,11015,11095,780,26,26
4,2.5,1950,5451,2,0,0,3,7,1950,0,47.4341,-122.144,2240,6221,7401,8461,1950,10,10
4,2.25,1810,4970,2,0,0,3,7,1810,0,47.5003,-122.156,1810,4858,6780,6668,1810,11,11
3,2.5,2160,1912,2,0,0,3,9,1970,190,47.5642,-122.292,1810,2653,4072,4463,2160,0,0
4,2.5,2280,7568,2,0,0,4,7,2280,0,47.5115,-122.194,2280,5312,9848,7592,2280,13,13
4,1.75,2520,21834,1,1,4,3,8,1420,1100,47.4996,-122.378,1700,8100,24354,9800,2520,54,54
3,1.75,1270,7350,1,0,0,4,7,1270,0,47.6046,-122.168,1880,7350,8620,9230,1270,48,48
3,1.5,1300,7370,1,0,0,4,7,900,400,47.3025,-122.37,1430,7500,8670,8930,1300,38,38
4,2,1570,11200,1,0,0,3,7,1120,450,47.7573,-122.217,1570,11200,12770,12770,1570,55,55
2,1.5,1480,43645,1,0,0,3,8,1480,0,47.5484,-122.045,1600,34326,45125,35926,1480,40,8
3,2.25,2570,8491,2,0,0,4,8,2570,0,47.3759,-122.125,2400,8049,11061,10449,2570,26,26
3,1.5,1440,9711,1,0,0,3,7,1140,300,47.7394,-122.252,1590,9711,11151,11301,1440,58,58
3,2.25,1850,2575,2,0,0,3,9,1850,0,47.5525,-122.273,1080,4120,4425,5200,1850,1,1
4,3.5,2650,3060,2,0,0,3,9,2060,590,47.6735,-122.332,1470,3060,5710,4530,2650,13,13
3,2.5,3370,167706,1,0,0,3,10,3370,0,47.4379,-122.022,3350,213444,171076,216794,3370,15,15
2,2.5,1560,1222,2,0,0,3,8,1080,480,47.604,-122.307,1560,2081,2782,3641,1560,6,6
2,1,980,5100,1,0,0,4,6,980,0,47.6824,-122.38,1190,5100,6080,6290,980,108,108
4,3.25,3200,4477,2,0,0,3,9,2390,810,47.664,-122.402,1830,4920,7677,6750,3200,8,8
3,2.5,2190,34528,2,0,0,3,8,2190,0,47.4594,-121.986,2460,37901,36718,40361,2190,21,21
4,2.5,2480,4334,2,0,0,3,8,2480,0,47.3826,-122.036,2480,5632,6814,8112,2480,3,3
2,1,900,1818,2,0,0,4,7,900,0,47.6485,-122.397,1570,1830,2718,3400,900,70,70
6,1.75,2750,9563,2,0,0,4,8,2750,0,47.6368,-122.097,2040,9563,12313,11603,2750,42,42
2,1,1600,7936,1,0,0,3,7,1600,0,47.7411,-122.322,1580,7440,9536,9020,1600,67,67
5,2.25,3700,7207,1,0,1,5,8,1850,1850,47.7736,-122.371,2340,7900,10907,10240,3700,44,44
4,1.5,1370,7904,1,0,0,3,7,900,470,47.3344,-122.28,1370,7900,9274,9270,1370,45,45
4,2,1440,5911,1,0,0,5,5,1440,0,47.5072,-122.181,1500,11089,7351,12589,1440,71,71
3,2.5,1330,2183,3,0,0,3,8,1330,0,47.6987,-122.365,1310,5000,3513,6310,1330,1,1
3,2.5,3000,8250,1,0,0,4,8,1760,1240,47.6191,-122.112,2040,8250,11250,10290,3000,52,52
3,1.75,1590,1113,3,0,0,3,8,1590,0,47.6691,-122.402,1520,1357,2703,2877,1590,1,1
2,1,890,5200,1,0,0,4,6,890,0,47.5311,-122.373,950,5200,6090,6150,890,74,74
6,4.5,3600,6110,2,0,0,3,9,2510,1090,47.5687,-122.291,1360,5800,9710,7160,3600,3,3
4,2.75,2620,4743,1,0,2,4,8,1310,1310,47.6829,-122.4,1900,4764,7363,6664,2620,65,65
3,1.75,2160,6272,1,0,0,4,8,1390,770,47.6777,-122.306,1290,5376,8432,6666,2160,54,54
4,1.75,1930,7245,1,0,0,4,8,1510,420,47.6396,-122.112,1880,7245,9175,9125,1930,42,42
6,2,2320,210830,2,0,0,4,8,2320,0,47.398,-122.081,2540,217800,213150,220340,2320,52,52
6,3,2320,4502,1,0,0,4,7,1200,1120,47.5552,-122.3,1160,5628,6822,6788,2320,27,27
3,2,1690,9583,1,0,0,4,7,1690,0,47.4825,-122.164,1690,9583,11273,11273,1690,45,45
4,3.75,5090,14823,1,0,0,3,11,4180,910,47.62,-122.207,3030,12752,19913,15782,5090,2,2
4,2.25,2420,59800,1,0,0,4,8,1350,1070,47.6206,-122.056,2160,17598,62220,19758,2420,29,29
2,1,1740,8100,1,0,0,3,6,1050,690,47.4942,-122.304,960,8100,9840,9060,1740,67,67
4,3.25,2557,9480,2,0,2,3,7,2557,0,47.5449,-122.262,2220,8340,12037,10560,2557,66,21
3,2.5,2200,4240,2,0,0,3,7,2200,0,47.3715,-122.127,2200,4311,6440,6511,2200,12,12
4,2.75,2910,9000,1,0,0,4,8,2130,780,47.544,-122.176,1970,9000,11910,10970,2910,48,48
3,1.75,1500,10269,1,0,0,3,7,1030,470,47.7672,-122.348,2090,10269,11769,12359,1500,57,57
2,1,1230,3800,1,0,0,3,7,1230,0,47.6797,-122.292,1610,3800,5030,5410,1230,86,86
3,2,720,7598,1,0,0,5,6,720,0,47.5483,-122.36,1080,7209,8318,8289,720,67,67
4,2.5,2660,9030,1,0,0,4,7,1450,1210,47.4558,-122.212,1870,9030,11690,10900,2660,38,38
3,1.5,990,4500,1,0,0,5,7,990,0,47.6051,-122.298,1490,4000,5490,5490,990,66,66
3,1,1120,8407,1,0,0,5,6,1120,0,47.2051,-122.006,1250,8658,9527,9908,1120,28,28
3,2.5,1370,1350,2,0,0,3,7,1010,360,47.5534,-122.382,1450,6000,2720,7450,1370,7,7
3,2.5,2497,4400,2,0,0,3,8,2497,0,47.2873,-122.283,2434,4400,6897,6834,2497,7,7
4,4,4550,54013,1,0,1,4,9,2300,2250,47.5964,-122.077,3540,39634,58563,43174,4550,26,26
3,2.5,1740,2350,2,0,0,3,8,1120,620,47.6206,-122.297,1750,3802,4090,5552,1740,18,18
4,2.75,1970,37026,1,0,0,4,8,1970,0,47.4375,-122.446,1970,51836,38996,53806,1970,53,53
5,3,2750,3800,1,0,0,5,7,1750,1000,47.6845,-122.313,1900,3800,6550,5700,2750,88,88
3,1.75,1760,7482,1,0,0,4,8,1760,0,47.3129,-122.369,2000,7500,9242,9500,1760,48,48
3,2.25,1350,944,2,0,0,3,8,1050,300,47.5997,-122.312,1350,1245,2294,2595,1350,7,7
3,1,1280,9898,1,0,0,3,7,1280,0,47.7677,-122.163,1290,9625,11178,10915,1280,46,46
3,1.75,1660,7210,1,0,0,4,7,1660,0,47.3609,-122.274,2150,7350,8870,9500,1660,37,37
3,2.5,2760,11287,2,0,3,3,10,2000,760,47.739,-122.264,2760,13719,14047,16479,2760,23,23
3,2,1260,1125,2,0,0,3,7,810,450,47.5262,-122.361,1260,1172,2385,2432,1260,3,3
4,1.75,2320,7500,1,0,0,3,7,1220,1100,47.7574,-122.343,2230,7500,9820,9730,2320,60,60
3,3.5,2740,3785,2,0,0,3,9,2190,550,47.7195,-122.182,2060,3457,6525,5517,2740,14,14
4,1.5,1240,8158,1,0,0,4,7,1110,130,47.3716,-122.31,1520,8147,9398,9667,1240,54,54
3,1.5,1350,7620,1,0,0,5,6,1350,0,47.4565,-122.35,1350,7620,8970,8970,1350,73,73
3,2,1290,5700,1,0,0,5,7,1290,0,47.5713,-122.397,1160,5700,6990,6860,1290,64,64
4,3.5,4500,44384,1,0,0,3,12,3340,1160,47.6323,-122.192,2540,26287,48884,28827,4500,25,25
3,1.5,1480,9606,1,0,0,4,7,1100,380,47.2978,-122.363,1600,9619,11086,11219,1480,51,51
4,2.5,3910,22710,1,0,0,3,8,3910,0,47.6295,-122.217,2920,16544,26620,19464,3910,106,11
4,2.5,4010,37076,2,0,0,4,12,4010,0,47.7139,-122.106,4280,35326,41086,39606,4010,24,24
3,2.25,1800,43647,1,0,0,4,8,1800,0,47.7757,-122.132,2480,25608,45447,28088,1800,38,38
2,1,590,10945,1,0,0,3,5,590,0,47.3364,-122.033,2020,15180,11535,17200,590,31,31
4,2.5,2190,8100,1,0,0,4,8,1250,940,47.3131,-122.392,2100,8840,10290,10940,2190,37,37
3,1.5,1370,4790,2,0,0,4,7,1370,0,47.7253,-122.164,1370,3799,6160,5169,1370,33,33
2,1,840,4500,1,0,0,3,6,840,0,47.5441,-122.39,1300,5000,5340,6300,840,76,76
3,2.5,1980,7309,2,0,0,3,7,1980,0,47.7257,-122.172,2060,9681,9289,11741,1980,21,21
4,1.75,2220,15600,1,0,0,5,7,1140,1080,47.492,-122.166,1670,4800,17820,6470,2220,51,51
3,1.75,2030,32565,1,0,0,3,8,1600,430,47.7112,-122.098,2910,34190,34595,37100,2030,33,33
3,2.5,2010,3300,2,0,0,3,9,1610,400,47.5573,-122.287,1660,4950,5310,6610,2010,0,0
4,2.5,2030,39049,1,0,0,4,7,1530,500,47.4413,-122.345,2400,14605,41079,17005,2030,61,61
2,1,1300,11080,1,0,0,4,7,1300,0,47.7281,-122.233,1600,9259,12380,10859,1300,60,60
4,2.5,2050,6705,1,0,0,4,7,1230,820,47.7242,-122.217,1610,7292,8755,8902,2050,42,42
3,2.5,2450,4332,2,0,0,3,8,2450,0,47.6942,-122.016,2450,4154,6782,6604,2450,4,4
2,1.75,1540,4025,1,0,0,4,7,1190,350,47.5876,-122.391,1950,4420,5565,6370,1540,106,106
4,2.5,2370,10858,2,0,0,3,9,2370,0,47.6336,-122.192,2510,21673,13228,24183,2370,11,11
2,1,870,7020,1,0,0,4,6,570,300,47.5404,-122.352,1730,7020,7890,8750,870,72,72
4,2.5,2170,14024,2,0,0,3,8,2170,0,47.7346,-121.97,2240,14029,16194,16269,2170,22,22
4,3.75,4610,40202,1,0,0,4,10,2500,2110,47.4599,-122,3050,41056,44812,44106,4610,34,34
3,1.75,1560,21000,1,0,0,3,7,1560,0,47.4776,-122.337,1070,7920,22560,8990,1560,61,61
3,2.5,1790,4038,2,0,0,3,8,1790,0,47.5499,-121.998,1700,3365,5828,5065,1790,9,9
4,1,1150,8184,1,0,0,3,6,1150,0,47.7431,-122.319,990,8184,9334,9174,1150,67,67
4,2.5,2434,4400,2,0,0,3,8,2434,0,47.2874,-122.283,2434,4400,6834,6834,2434,7,7
2,2.5,1230,987,2,0,0,3,7,1060,170,47.6007,-122.305,1290,1328,2217,2618,1230,3,3
4,3.25,3730,7071,3,0,2,3,11,3730,0,47.6292,-122.355,3730,7680,10801,11410,3730,30,30
4,1.75,2100,6613,2,0,0,3,8,2100,0,47.567,-122.385,1630,5750,8713,7380,2100,105,10
4,2.5,2640,4725,2,0,0,3,8,2640,0,47.371,-122.017,2370,4725,7365,7095,2640,0,0
3,1.75,1800,5102,1,0,0,3,7,1170,630,47.6514,-122.407,1720,5102,6902,6822,1800,63,63
2,1.75,1350,4614,1,0,0,3,8,1350,0,47.7091,-122.015,1680,4775,5964,6455,1350,6,6
4,2.5,2720,8666,2,0,0,3,9,2720,0,47.3846,-122.169,2410,8100,11386,10510,2720,22,22
3,2.25,1900,18000,1,0,0,4,7,1280,620,47.3251,-122.354,1920,15000,19900,16920,1900,47,47
4,1.75,2060,4080,1,0,0,3,7,1460,600,47.6698,-122.325,1620,4080,6140,5700,2060,92,18
4,1.75,1730,11700,1,0,0,3,7,880,850,47.6031,-122.13,1570,7820,13430,9390,1730,58,58
4,3.25,3660,5800,2,0,0,3,10,3360,300,47.6283,-122.312,3240,5800,9460,9040,3660,105,19
3,2.25,1300,1180,3,0,0,3,8,1300,0,47.6871,-122.339,1300,1174,2480,2474,1300,6,6
4,2.25,2090,35040,1,0,0,3,8,1490,600,47.5739,-122.032,2910,21132,37130,24042,2090,35,35
4,2.5,3380,27589,2,0,0,3,10,3380,0,47.6292,-122.225,3390,20075,30969,23465,3380,48,48
4,2,2000,6250,1,0,0,3,7,1480,520,47.5532,-122.389,1110,6250,8250,7360,2000,84,84
3,1.75,1340,6300,1,0,0,3,7,1340,0,47.7186,-122.218,1780,7200,7640,8980,1340,43,43
3,2.25,2080,26574,1,0,2,3,7,1380,700,47.2846,-122.192,1770,8140,28654,9910,2080,22,22
2,1,1000,6000,1,0,0,3,6,1000,0,47.5208,-122.372,1250,6000,7000,7250,1000,64,64
4,1,1620,6000,1,0,0,5,7,1620,0,47.4763,-122.206,1310,6000,7620,7310,1620,109,109
4,2.75,3140,9085,1,0,2,5,8,1570,1570,47.5675,-122.16,2430,9350,12225,11780,3140,53,53
3,1,1430,3840,1,0,0,3,7,950,480,47.6847,-122.381,1430,3840,5270,5270,1430,69,69
3,1.5,1650,9936,1,0,0,3,7,1090,560,47.3285,-122.328,1560,9890,11586,11450,1650,47,47
2,1.5,1220,3568,1,0,0,4,8,1220,0,47.3804,-122.318,1180,3678,4788,4858,1220,38,38
4,2.5,2430,9103,2,0,0,3,8,2430,0,47.2939,-122.368,2260,8090,11533,10350,2430,25,25
3,2.5,2340,3466,2,0,0,3,7,2340,0,47.5322,-121.851,1970,3739,5806,5709,2340,10,10
4,2,1740,6369,1,0,0,5,6,870,870,47.7461,-122.332,1560,7200,8109,8760,1740,60,60
3,1.5,1390,12500,1,0,0,4,6,1390,0,47.6496,-121.908,1390,9000,13890,10390,1390,38,38
3,1,2020,8100,1,0,0,3,7,1170,850,47.7136,-122.288,1480,7620,10120,9100,2020,58,58
2,2.25,1260,1032,2,0,0,3,7,1170,90,47.5323,-122.072,1240,809,2292,2049,1260,6,6
5,1.75,2000,10246,1,0,2,3,7,1200,800,47.5084,-122.246,2340,9030,12246,11370,2000,62,62
3,2.5,1340,10290,1,0,0,4,7,1140,200,47.3553,-122.149,1760,7903,11630,9663,1340,33,33
3,1,820,5200,1,0,0,4,6,820,0,47.363,-122.094,1120,5200,6020,6320,820,38,38
3,2.5,1690,4584,2,0,0,3,7,1690,0,47.6866,-122.043,1600,3164,6274,4764,1690,12,12
3,1.75,1530,7650,1,0,0,4,8,1530,0,47.4435,-122.128,1850,6804,9180,8654,1530,37,37
3,2.25,1590,9960,1,0,0,3,7,1060,530,47.7742,-122.287,1860,9760,11550,11620,1590,39,39
3,1,1200,5525,1,0,0,2,7,1200,0,47.6981,-122.325,1580,7200,6725,8780,1200,68,68
2,2.25,1800,2748,2,0,0,4,9,1800,0,47.6104,-122.113,1800,2755,4548,4555,1800,36,36
4,2.5,2210,49375,1,0,0,3,8,2210,0,47.3828,-122.071,2670,49385,51585,52055,2210,18,18
5,2.5,2080,8347,1,0,0,4,7,1460,620,47.7334,-122.168,1840,7713,10427,9553,2080,39,39
3,2.5,2760,9471,1,0,2,3,8,1760,1000,47.676,-122.272,3040,6765,12231,9805,2760,58,58
1,0.75,470,15000,1,0,0,3,4,470,0,47.6554,-121.908,1730,22500,15470,24230,470,68,68
3,2.5,1870,7942,2,0,0,3,7,1870,0,47.342,-122.279,1870,7392,9812,9262,1870,24,24
9,7.5,4050,6504,2,0,0,3,7,4050,0,47.5923,-122.301,1448,3866,10554,5314,4050,18,18
3,1.5,1120,6653,1,0,0,4,7,1120,0,47.7321,-122.334,1580,7355,7773,8935,1120,78,78
3,1.75,1690,9826,1,0,0,4,7,1690,0,47.314,-122.365,1980,9826,11516,11806,1690,27,27
5,2,1910,5508,1,0,0,3,7,1020,890,47.7074,-122.349,1030,7440,7418,8470,1910,46,46
4,4,1550,6596,1,0,0,5,7,1550,0,47.6711,-122.398,1830,4850,8146,6680,1550,107,107
3,2.25,1850,4050,2,0,0,4,7,1850,0,47.5669,-122.017,1650,4468,5900,6118,1850,29,29
5,2.75,2860,5280,2,0,0,3,9,2860,0,47.707,-122.102,3150,6442,8140,9592,2860,9,9
3,1.75,1080,1306,1,0,0,3,7,580,500,47.6601,-122.4,1440,2225,2386,3665,1080,60,11
3,1,1550,8778,1,0,0,3,7,1250,300,47.5413,-122.281,2120,7268,10328,9388,1550,62,62
3,2,2632,18743,2,0,3,3,10,2632,0,47.3743,-122.421,1970,14171,21375,16141,2632,15,15
2,1,1050,4800,1,0,0,4,7,1050,0,47.5128,-122.388,1230,4800,5850,6030,1050,45,45
4,2.5,2820,4174,2,0,0,3,9,2820,0,47.7112,-122.226,2560,4853,6994,7413,2820,10,10
3,1,1320,5000,1,0,0,4,7,1090,230,47.6674,-122.365,1700,5000,6320,6700,1320,94,94
3,2.25,1940,217800,2,0,0,3,9,1940,0,47.5636,-121.932,2580,83558,219740,86138,1940,24,24
3,1,1000,4959,1,0,0,3,8,1000,0,47.6629,-122.277,2240,4959,5959,7199,1000,69,69
3,2.75,1560,7392,1,0,0,5,7,1030,530,47.7382,-122.182,1870,7520,8952,9390,1560,42,42
4,1,1070,7467,1,0,0,3,7,1070,0,47.4942,-122.235,1160,7467,8537,8627,1070,70,70
3,2.5,2320,57063,1,0,0,4,9,1790,530,47.6163,-122.056,3290,7314,59383,10604,2320,35,35
6,2,2570,4240,1,0,0,4,7,1970,600,47.6754,-122.307,2030,4240,6810,6270,2570,103,103
3,1.5,1600,10548,1,0,0,4,7,1600,0,47.2925,-122.284,2880,13609,12148,16489,1600,52,52
3,2.5,1850,4957,2,0,0,3,8,1850,0,47.3311,-122.17,2400,6367,6807,8767,1850,16,16
3,1.75,1800,18000,1,0,0,3,8,1200,600,47.4406,-122.146,1800,18000,19800,19800,1800,46,46
2,1.75,1430,7921,1,0,0,3,7,1430,0,47.5088,-122.371,1290,8040,9351,9330,1430,32,32
3,2,1090,6090,1,0,0,3,7,940,150,47.5118,-122.259,1840,6090,7180,7930,1090,75,75
3,2.5,1610,3516,2,0,0,3,8,1610,0,47.4491,-122.188,1610,3056,5126,4666,1610,9,9
3,2.25,1920,8223,2,0,0,4,7,1920,0,47.735,-122.201,1940,7274,10143,9214,1920,25,25
4,2.5,3130,5999,2,0,0,3,7,3130,0,47.3837,-122.099,3020,5997,9129,9017,3130,9,9
2,1,1280,7861,1,0,0,4,6,1280,0,47.3007,-122.228,1020,6480,9141,7500,1280,101,101
3,2.5,1930,5790,2,0,0,4,7,1930,0,47.7733,-122.17,1790,4901,7720,6691,1930,27,27
3,2,1380,9000,2,0,0,2,7,1380,0,47.2613,-122.248,1460,9732,10380,11192,1380,68,32
2,2.5,2350,2390,3,0,2,3,10,2000,350,47.5999,-122.286,1950,2390,4740,4340,2350,7,7
2,0.75,780,55764,1,0,0,4,4,780,0,47.442,-122.105,1620,30847,56544,32467,780,69,69
3,1.75,2450,2691,2,0,0,3,8,1750,700,47.6386,-122.36,1760,3573,5141,5333,2450,99,99
4,3.25,4060,20822,2,0,0,3,10,4060,0,47.7213,-122.055,4170,23958,24882,28128,4060,23,23
4,1.75,2120,5400,1,0,0,4,8,1060,1060,47.6501,-122.395,2052,6000,7520,8052,2120,74,74
3,1,1010,9360,1,0,0,3,6,1010,0,47.6874,-122.168,1470,9360,10370,10830,1010,33,33
2,1,1760,27332,1,1,4,4,7,1300,460,47.3799,-122.325,2590,16630,29092,19220,1760,63,63
3,2.5,1420,2581,3,0,0,3,7,1420,0,47.7027,-122.357,1420,2509,4001,3929,1420,10,10
4,2.75,2390,9968,1,0,0,4,9,1390,1000,47.3706,-122.056,2560,12385,12358,14945,2390,26,26
2,2.5,1330,1249,3,0,0,3,8,1330,0,47.6668,-122.285,1430,1328,2579,2758,1330,11,11
3,1,1200,10800,1,0,0,4,7,1200,0,47.5771,-122.144,1370,9950,12000,11320,1200,60,60
3,2.25,1630,2490,2,0,0,3,7,1630,0,47.6807,-122.031,1630,2680,4120,4310,1630,10,10
4,3.25,3840,6214,1,0,3,4,10,2590,1250,47.6388,-122.406,3280,5915,10054,9195,3840,76,76
3,1.75,1700,17355,1,0,0,3,7,1200,500,47.3637,-122.057,1900,9528,19055,11428,1700,36,36
3,1.75,1670,7415,1,0,0,3,7,1320,350,47.3776,-122.116,1650,8585,9085,10235,1670,27,27
3,2.25,1410,905,3,0,0,3,9,1410,0,47.5818,-122.402,1510,1352,2315,2862,1410,1,1
3,1,1280,9656,1,0,0,4,6,920,360,47.4485,-122.175,1340,8808,10936,10148,1280,55,55
4,2.5,2190,6896,2,0,0,3,7,2190,0,47.5191,-121.869,2190,5900,9086,8090,2190,7,7
3,1.75,1580,3764,1,0,0,3,7,1280,300,47.672,-122.397,1560,3764,5344,5324,1580,69,69
4,2.5,2530,9933,2,0,2,3,8,2010,520,47.2654,-122.216,2140,9933,12463,12073,2530,24,24
3,1,680,2400,1,0,0,4,6,680,0,47.5982,-122.299,1470,3600,3080,5070,680,111,111
4,2.25,2400,13430,1,0,0,4,9,2400,0,47.5987,-122.178,2580,10077,15830,12657,2400,51,51
3,2.5,1790,4065,2,0,0,3,8,1790,0,47.7344,-121.965,2480,4252,5855,6732,1790,5,5
4,1.5,2130,5000,2,0,0,4,8,2130,0,47.5828,-122.291,2560,5000,7130,7560,2130,94,94
4,2,2195,2681,1,0,0,3,7,1060,1135,47.6965,-122.342,1710,1280,4876,2990,2195,102,102
3,2.25,1430,7222,2,0,0,3,7,1430,0,47.5112,-122.19,1430,7220,8652,8650,1430,21,21
3,2,1490,7599,1,0,0,3,7,1490,0,47.3687,-122.088,1560,7710,9089,9270,1490,25,25
3,1.5,1630,9282,1,0,0,4,7,1630,0,47.2021,-122.002,1420,9282,10912,10702,1630,51,51
3,1.5,2110,5195,1,0,0,3,7,1210,900,47.5283,-122.286,1950,5195,7305,7145,2110,55,55
4,2.5,3180,9603,2,0,2,3,9,3180,0,47.7717,-122.277,2440,15261,12783,17701,3180,13,13
3,2.25,2610,9409,1,1,4,4,8,2610,0,47.5789,-122.076,2970,9156,12019,12126,2610,51,51
4,2,1764,15600,1,0,0,5,7,1764,0,47.4318,-122.181,1490,22387,17364,23877,1764,73,73
3,2.5,2370,5344,2,0,0,3,9,2370,0,47.54,-121.863,2990,5418,7714,8408,2370,12,12
3,2,1220,6404,1,0,0,3,7,1220,0,47.3523,-122.059,1570,7000,7624,8570,1220,20,20
3,2,1800,5000,2,0,0,5,7,1600,200,47.5447,-122.389,1640,5000,6800,6640,1800,89,89
5,3.5,4330,11979,1,0,4,3,12,2090,2240,47.6251,-122.218,4320,12000,16309,16320,4330,6,6
4,1.75,1670,10200,1,0,0,3,7,1390,280,47.5524,-122.267,1720,6860,11870,8580,1670,61,61
3,1.75,1310,8600,1,0,0,4,7,1310,0,47.686,-122.185,2510,8515,9910,11025,1310,27,27
4,2.5,2150,7670,1,0,0,5,7,1240,910,47.3942,-122.189,1610,7350,9820,8960,2150,38,38
5,2.5,3860,42733,1,0,3,4,8,2300,1560,47.3117,-122.254,2520,19353,46593,21873,3860,59,59
2,1.75,950,15219,1,0,0,3,8,950,0,47.7723,-122.262,1560,12416,16169,13976,950,6,6
3,2,2500,6733,1,0,0,3,8,1770,730,47.6691,-122.36,1770,6343,9233,8113,2500,36,36
3,1.5,1230,7200,1,0,0,3,7,1230,0,47.7281,-122.311,1400,6240,8430,7640,1230,62,62
3,1.75,1090,7200,1,0,0,3,7,1090,0,47.7227,-122.179,1240,7200,8290,8440,1090,46,46
4,4.5,5030,11023,2,0,2,3,11,3250,1780,47.5722,-122.236,3640,11490,16053,15130,5030,6,6
3,3,1260,1251,2,0,0,3,7,1040,220,47.5943,-122.296,1780,7715,2511,9495,1260,11,11
4,1,1450,8960,1,0,0,3,6,1450,0,47.4972,-122.348,1160,7680,10410,8840,1450,71,71
1,0.75,1170,14149,1,0,0,5,7,880,290,47.2653,-121.91,1130,24513,15319,25643,1170,52,52
2,2.5,1500,1174,2,0,0,3,8,1140,360,47.6689,-122.363,1550,1519,2674,3069,1500,0,0
4,1.5,2180,22870,1,0,0,4,6,1280,900,47.3187,-122.081,2420,22614,25050,25034,2180,60,39
3,2.5,3420,25150,1,0,0,4,10,1750,1670,47.5706,-122.152,2900,19604,28570,22504,3420,27,27
3,2,1010,14183,1,0,0,3,8,1010,0,47.6232,-122.043,1750,11700,15193,13450,1010,33,33
2,1.75,1870,6625,1,0,0,3,7,960,910,47.5071,-122.249,1680,6000,8495,7680,1870,67,67
3,2.25,2730,7521,2,0,2,3,9,2730,0,47.7704,-122.196,2700,8204,10251,10904,2730,23,23
3,2.5,2870,5163,2,0,0,3,9,2870,0,47.6935,-122.352,1630,7995,8033,9625,2870,0,0
3,2,1310,7349,1,0,0,3,7,870,440,47.3639,-122.186,1690,6580,8659,8270,1310,20,20
4,3.5,2550,3600,2,0,2,3,8,1880,670,47.7709,-122.39,2090,6000,6150,8090,2550,18,18
3,3.75,1950,8625,1,0,0,3,8,1360,590,47.505,-122.258,1950,6670,10575,8620,1950,55,55
4,2,3090,41147,1,0,0,3,7,3090,0,47.6748,-122.049,3300,34280,44237,37580,3090,24,24
2,1.75,2050,11900,1,0,0,4,8,2050,0,47.6209,-122.219,2980,11900,13950,14880,2050,64,64
5,3.5,7350,12231,2,0,4,3,11,4750,2600,47.5373,-121.865,5380,12587,19581,17967,7350,13,13
4,2.5,2410,55931,2,0,0,3,9,2410,0,47.3109,-122.097,2780,55931,58341,58711,2410,26,26
2,2.25,2910,6110,2,0,2,4,9,2910,0,47.5279,-122.387,2090,5763,9020,7853,2910,30,30
3,1,1460,8400,1,0,0,3,7,1460,0,47.4243,-122.198,1460,9600,9860,11060,1460,57,57
4,4.25,5770,21300,2,1,4,4,11,5770,0,47.585,-122.222,4620,22748,27070,27368,5770,34,34
3,2.5,1880,4499,2,0,0,3,8,1880,0,47.5664,-121.999,2130,5114,6379,7244,1880,22,22
4,2.5,2170,7275,1,0,0,3,8,1820,350,47.5672,-122.09,2390,7275,9445,9665,2170,36,36
2,1,880,1712,2,0,0,4,7,880,0,47.6475,-122.397,1360,1748,2592,3108,880,70,70
4,1.5,1600,6180,1,0,0,3,6,1600,0,47.5681,-122.285,1410,6180,7780,7590,1600,69,69
3,1.5,1170,1174,2,0,0,3,7,840,330,47.5459,-122.376,1170,2537,2344,3707,1170,7,7
4,1.75,4060,4000,2,0,3,3,10,2890,1170,47.6375,-122.389,1860,4000,8060,5860,4060,61,19
2,1,860,10400,1,0,0,4,6,860,0,47.3682,-122.096,1390,9086,11260,10476,860,31,31
5,2.5,3340,24755,2,0,0,3,10,3340,0,47.4565,-122.066,3420,23274,28095,26694,3340,12,12
5,2.25,3120,10400,2,0,0,3,8,3120,0,47.3097,-122.34,2160,8267,13520,10427,3120,35,35
4,2.5,3240,20301,2,0,0,3,10,3240,0,47.719,-122.114,3010,23650,23541,26660,3240,29,29
3,1,1430,5960,1,0,0,4,7,1430,0,47.562,-122.289,1140,3960,7390,5100,1430,98,98
3,1,1230,9600,1,0,0,3,7,1230,0,47.5553,-122.288,1510,6600,10830,8110,1230,63,63
3,2.5,2280,6031,2,0,0,3,8,2280,0,47.7322,-121.966,2430,7200,8311,9630,2280,3,3
5,3,2430,8000,1,0,0,4,7,1370,1060,47.603,-122.12,1770,8000,10430,9770,2430,57,57
3,1,1040,7288,1,0,0,3,7,1040,0,47.7287,-122.311,1160,7287,8328,8447,1040,55,55
3,1.75,2040,5000,1,0,0,3,7,1780,260,47.6756,-122.299,1690,5000,7040,6690,2040,91,91
3,2.5,2480,4950,2,0,0,3,7,2480,0,47.4389,-122.116,2230,5298,7430,7528,2480,11,11
2,1,1400,4500,1,0,0,3,7,900,500,47.4866,-122.219,1400,5500,5900,6900,1400,92,92
4,2.5,3000,9793,2,0,0,3,7,3000,0,47.3655,-122.028,1890,7557,12793,9447,3000,12,12
2,1,660,6509,1,0,0,4,5,660,0,47.4938,-122.171,970,5713,7169,6683,660,63,63
3,2,1800,43995,2,0,0,3,8,1800,0,47.7585,-122.022,2290,51400,45795,53690,1800,27,27
5,1.75,2150,7171,1,0,0,4,7,1460,690,47.3952,-122.176,1710,7300,9321,9010,2150,44,44
2,1,1070,5000,1,0,0,3,7,1070,0,47.6666,-122.331,1710,5000,6070,6710,1070,91,91
3,1.75,1350,8548,1,0,0,3,7,1350,0,47.3179,-122.33,1660,8538,9898,10198,1350,29,29
2,1.75,1320,2609,1,0,0,4,7,920,400,47.6878,-122.366,1200,4220,3929,5420,1320,76,76
3,2.5,1530,5032,2,0,0,3,7,1530,0,47.6985,-122.349,1450,2136,6562,3586,1530,16,16
3,2,1360,3090,2,0,0,3,8,1360,0,47.6838,-122.353,1500,3090,4450,4590,1360,24,24
3,2.5,1530,3464,2,0,0,3,8,1530,0,47.6179,-122.141,1530,3446,4994,4976,1530,16,16
5,2.5,2980,5377,2,0,0,3,9,2980,0,47.7074,-122.101,3150,6593,8357,9743,2980,8,8
2,1,920,2332,1,0,0,4,8,920,0,47.3779,-122.32,1310,2853,3252,4163,920,34,34
2,2.5,2380,6600,1,0,0,3,8,2380,0,47.717,-122.02,1870,6600,8980,8470,2380,4,4
4,2.5,2810,4500,2,0,0,3,9,2810,0,47.3552,-122.023,2980,5046,7310,8026,2810,0,0
5,2.75,2210,13500,1,0,0,5,7,1460,750,47.4468,-122.282,1590,10850,15710,12440,2210,51,51
3,2.25,1220,2980,2,0,0,3,7,1220,0,47.7151,-122.203,1220,2140,4200,3360,1220,29,29
4,2.25,2350,18600,2,0,0,4,9,2350,0,47.7473,-122.257,2880,14400,20950,17280,2350,37,37
3,2.5,1560,2740,2,0,0,3,8,1560,0,47.4909,-122.154,1310,2698,4300,4008,1560,15,15
4,2.5,3010,5040,2,0,0,3,8,3010,0,47.709,-122.35,1090,5040,8050,6130,3010,8,8
3,1.5,1990,5978,1,1,4,4,7,1990,0,47.3449,-122.329,2100,6221,7968,8321,1990,88,88
3,1.5,1050,6615,1,0,0,4,6,800,250,47.6578,-122.39,1530,5250,7665,6780,1050,64,64
5,2.75,2910,16410,1,0,0,4,8,2910,0,47.44,-122.145,1980,18000,19320,19980,2910,48,48
6,3,1880,7200,1,0,0,4,7,1880,0,47.5029,-122.188,1540,13022,9080,14562,1880,48,48
5,2.25,2120,4000,1,0,0,4,7,1720,400,47.644,-122.353,1960,4000,6120,5960,2120,104,104
3,3,1910,4800,1,0,0,3,9,1910,0,47.6572,-122.346,1280,1310,6710,2590,1910,114,23
3,1,980,7560,1,0,0,3,7,980,0,47.5256,-122.375,1300,7560,8540,8860,980,63,63
6,2,2390,8660,1,0,0,4,7,2390,0,47.7589,-122.216,2250,12942,11050,15192,2390,89,89
3,1.75,1500,7560,1,0,0,3,7,1500,0,47.3467,-122.296,1500,7560,9060,9060,1500,36,36
4,3.5,3090,100835,2,0,0,3,9,3090,0,47.3087,-122.088,2400,50543,103925,52943,3090,16,16
3,2,1610,6911,1,0,0,3,7,1260,350,47.7188,-122.177,1630,6911,8521,8541,1610,26,26
4,2.5,3140,14421,2,0,0,3,10,3140,0,47.5943,-122.018,3140,17417,17561,20557,3140,20,20
4,2.5,2410,4708,2,0,0,3,8,2410,0,47.3229,-122.182,2517,5290,7118,7807,2410,13,13
3,1.75,1270,12420,1,0,0,4,7,1270,0,47.5387,-122.179,1560,9910,13690,11470,1270,53,53
2,1,1210,4800,1,0,0,3,8,1060,150,47.5625,-122.316,1380,4800,6010,6180,1210,64,64
4,2.5,3220,20251,1,0,0,3,10,3220,0,47.5692,-122.192,4200,22114,23471,26314,3220,45,45
3,2.5,1180,1262,3,0,0,3,8,1180,0,47.6381,-122.375,1180,2632,2442,3812,1180,4,4
3,2,1980,7680,1,0,0,4,6,1070,910,47.6839,-122.195,1330,8704,9660,10034,1980,104,104
2,1,1250,4960,1,0,0,3,7,940,310,47.6893,-122.325,2030,7440,6210,9470,1250,77,77
4,2.5,2020,32710,1,0,0,3,7,1070,950,47.4969,-122.33,1340,17700,34730,19040,2020,73,73
4,4.5,3870,35889,2,0,0,3,10,2530,1340,47.4677,-122.01,3020,35366,39759,38386,3870,13,13
4,2.5,1940,10200,1,0,0,4,8,1140,800,47.4157,-122.161,1920,12600,12140,14520,1940,37,37
5,3.5,3900,4400,2,0,0,3,9,2650,1250,47.6607,-122.362,1190,4400,8300,5590,3900,0,0
4,1.75,2400,21196,1,0,0,5,8,1590,810,47.4282,-122.347,2200,19134,23596,21334,2400,58,58
3,2.5,2040,2500,2,0,0,3,7,1470,570,47.573,-122.372,1410,2500,4540,3910,2040,7,7
3,2.5,1460,1613,2,0,0,3,8,1180,280,47.6781,-122.375,1460,1403,3073,2863,1460,7,7
3,1,1380,9875,1,0,0,3,7,1380,0,47.5131,-122.334,1200,6250,11255,7450,1380,56,56
3,2.5,2140,40173,2,0,0,4,8,2140,0,47.4786,-122.066,2380,43016,42313,45396,2140,24,24
4,2.75,2730,4683,2,0,0,3,7,2730,0,47.3608,-122.043,2230,4924,7413,7154,2730,10,10
3,2.5,2790,48994,2,0,0,4,9,2790,0,47.3487,-122.088,2550,37834,51784,40384,2790,30,30
2,1,1670,8195,1,0,0,3,7,1670,0,47.6627,-122.192,1980,7500,9865,9480,1670,61,40
5,3,2170,2440,1,0,0,4,8,1450,720,47.6724,-122.317,2070,4000,4610,6070,2170,103,103
3,3.25,1689,1388,3,0,0,3,8,1689,0,47.7174,-122.317,1459,1384,3077,2843,1689,6,6
3,2.5,1730,8490,1,0,0,3,7,1210,520,47.7187,-122.219,1870,7400,10220,9270,1730,45,45
4,2.5,3010,6903,2,0,0,3,9,3010,0,47.5213,-122.193,2860,6435,9913,9295,3010,14,14
4,2.5,1714,3250,2,0,0,3,8,1714,0,47.429,-122.189,1714,3250,4964,4964,1714,5,5
4,2.5,2250,4119,2,0,0,3,8,2250,0,47.5973,-122.034,2290,3115,6369,5405,2250,14,14
3,2.5,1720,4120,2,0,0,3,7,1720,0,47.4319,-122.328,1720,5544,5840,7264,1720,16,16
3,2.5,1710,1904,2,0,0,3,8,1140,570,47.5827,-122.387,1260,1316,3614,2576,1710,11,11
4,2.25,2210,7665,2,0,0,4,8,2210,0,47.5424,-122.168,1960,7903,9875,9863,2210,46,46
3,1,1690,4250,1,0,0,3,7,1020,670,47.4945,-122.258,1820,8865,5940,10685,1690,47,47
4,1.75,2160,4333,1,0,0,4,8,1260,900,47.6893,-122.388,1670,4426,6493,6096,2160,72,72
3,2,2100,72745,1,0,0,4,9,2100,0,47.7479,-122.062,2290,54885,74845,57175,2100,19,19
4,3,2920,33976,1,0,3,5,8,1460,1460,47.6164,-122.104,2970,15210,36896,18180,2920,50,50
4,3.5,4210,10308,2,0,0,3,10,4210,0,47.5905,-122.117,3860,10200,14518,14060,4210,8,8
5,4,4700,22326,2,0,0,3,11,4700,0,47.5417,-122.111,4730,27110,27026,31840,4700,13,13
3,1.5,1740,9547,1,0,0,4,7,1740,0,47.4475,-122.213,1780,9936,11287,11716,1740,52,52
4,3,4040,20001,1,0,0,3,9,2020,2020,47.6408,-122.212,2990,20098,24041,23088,4040,42,13
3,2.5,2070,6145,2,0,0,3,7,2070,0,47.3357,-122.172,2070,5297,8215,7367,2070,11,11
5,2.5,2030,8400,1,0,0,3,7,1330,700,47.6713,-122.152,1920,8400,10430,10320,2030,47,47
3,2.25,2120,6710,1,0,0,5,7,1420,700,47.7461,-122.324,1880,6960,8830,8840,2120,55,55
3,2.5,3680,203860,1,0,0,3,9,3680,0,47.6903,-121.929,2410,144183,207540,146593,3680,20,20
3,2,1720,4200,2,0,0,3,8,1720,0,47.6285,-122.301,1720,4200,5920,5920,1720,106,22
4,2.5,3620,42580,2,0,0,3,10,3620,0,47.7204,-122.115,2950,33167,46200,36117,3620,30,30
5,3.25,2980,7095,2,0,0,3,9,2980,0,47.6919,-122.294,1670,7140,10075,8810,2980,17,8
3,2.5,1600,9830,2,0,0,4,8,1600,0,47.339,-122.266,1890,8910,11430,10800,1600,21,21
3,1,1250,7280,1,0,0,3,7,1250,0,47.6986,-122.129,1690,7280,8530,8970,1250,40,40
4,2,1980,4500,2,0,0,4,7,1980,0,47.6728,-122.379,1550,2541,6480,4091,1980,105,105
3,1,1050,5233,1,0,0,5,5,1050,0,47.3106,-121.999,970,7500,6283,8470,1050,108,108
3,1.5,1860,10379,1,0,0,3,7,1240,620,47.3962,-122.309,2240,11328,12239,13568,1860,52,52
4,2,1680,5000,1,0,0,3,7,980,700,47.6858,-122.286,1680,6000,6680,7680,1680,64,64
5,2.5,2540,5100,2,0,0,3,7,2540,0,47.5123,-122.316,1400,9440,7640,10840,2540,0,0
3,3.5,1710,2212,2,0,0,3,7,1400,310,47.5459,-122.368,1580,2212,3922,3792,1710,2,2
3,2,2040,4800,1,0,0,4,7,1020,1020,47.5561,-122.377,1640,4800,6840,6440,2040,89,89
3,2.5,1700,4000,2,0,0,3,7,1700,0,47.5327,-121.871,1700,4417,5700,6117,1700,11,11
2,1.75,1250,7029,1,0,0,4,7,1250,0,47.6936,-122.186,1680,8470,8279,10150,1250,28,28
3,1.5,1540,8110,1,0,0,4,7,1190,350,47.7329,-122.291,1290,8110,9650,9400,1540,55,55
3,2,1450,2400,1,0,0,3,8,1450,0,47.6726,-122.381,1450,4275,3850,5725,1450,114,11
3,1.75,1070,7200,1,0,0,3,7,1070,0,47.3134,-122.023,1480,7200,8270,8680,1070,20,20
4,3.5,2210,7597,1,0,0,4,9,1550,660,47.5816,-122.197,2370,8811,9807,11181,2210,37,8
3,1,1290,4000,1,0,0,3,7,1290,0,47.5462,-122.277,1160,5040,5290,6200,1290,89,89
3,2.25,2110,11319,2,0,0,4,8,2110,0,47.742,-122.105,1860,11319,13429,13179,2110,36,36
4,2.75,1610,11201,1,0,0,5,7,1020,590,47.7024,-122.198,1610,9000,12811,10610,1610,32,32
4,2.5,3160,6961,2,0,0,3,8,3160,0,47.6125,-122.01,3110,5058,10121,8168,3160,9,9
5,3,3030,4120,1,0,0,4,7,1930,1100,47.6771,-122.319,1280,3090,7150,4370,3030,102,102
4,1.5,1940,6386,1,0,0,3,7,1140,800,47.5533,-122.285,1340,6165,8326,7505,1940,60,60
4,1.5,1420,4923,1,0,0,4,8,1420,0,47.6901,-122.339,1470,4923,6343,6393,1420,86,86
3,2.5,1400,4400,1,0,0,3,7,1400,0,47.553,-122.365,1060,4400,5800,5460,1400,84,0
3,1,1010,3520,1,0,0,3,7,1010,0,47.6208,-122.319,1300,1233,4530,2533,1010,113,113
4,3.5,2680,10000,2,0,0,3,8,2040,640,47.726,-122.296,1530,8000,12680,9530,2680,72,0
3,2.75,1320,1125,3,0,0,3,8,1320,0,47.6598,-122.348,1320,1266,2445,2586,1320,6,6
3,1.75,1360,4998,1,0,0,3,8,1360,0,47.547,-122.302,1350,4998,6358,6348,1360,47,1
5,3,4290,17100,1,0,3,3,9,2480,1810,47.5473,-122.211,3550,16988,21390,20538,4290,42,7
2,1,770,5160,1,0,0,3,6,770,0,47.5304,-122.356,920,5160,5930,6080,770,71,71
2,1.75,2110,8700,1,0,4,4,9,1760,350,47.4912,-122.365,2120,9500,10810,11620,2110,54,54
4,4.25,3500,8750,1,0,4,5,9,2140,1360,47.7222,-122.367,3110,8750,12250,11860,3500,63,63
3,1.5,1520,9041,1,0,0,4,7,1520,0,47.6158,-122.213,3260,10020,10561,13280,1520,60,60
4,2.25,3440,35025,2,0,0,3,10,3440,0,47.6674,-122.055,3210,35005,38465,38215,3440,27,27
3,2.25,1700,8800,1,0,0,5,7,850,850,47.6863,-122.189,2180,8960,10500,11140,1700,45,45
4,2.25,2130,8410,2,0,0,4,8,2130,0,47.5589,-122.128,2170,8400,10540,10570,2130,37,37
4,2.5,2920,7200,1,0,3,3,8,1470,1450,47.5947,-122.288,3210,6825,10120,10035,2920,93,8
3,1.75,1590,9417,1,0,0,4,7,1590,0,47.7617,-122.36,1600,9272,11007,10872,1590,60,60
3,1.75,2050,5160,1,0,0,4,8,1300,750,47.6374,-122.304,2220,5960,7210,8180,2050,89,89
4,2.25,2480,9780,1,0,0,4,8,1900,580,47.6388,-122.099,2640,9780,12260,12420,2480,39,39
4,2.5,2100,8800,1,0,0,5,8,1250,850,47.6909,-122.186,2100,9000,10900,11100,2100,34,34
4,4.25,4480,5715,2,0,0,3,7,3680,800,47.373,-122.179,2190,6070,10195,8260,4480,11,11
4,1.75,1814,5000,1,0,0,4,7,944,870,47.684,-122.281,1290,5000,6814,6290,1814,63,63
4,2.5,2770,9798,2,0,0,4,9,2770,0,47.562,-122.081,3040,11100,12568,14140,2770,29,29
2,1,1470,25661,1,0,0,3,4,1470,0,47.4878,-122.13,1670,43301,27131,44971,1470,82,82
4,2.25,2090,8941,2,0,0,3,7,2090,0,47.4332,-122.167,1890,7946,11031,9836,2090,40,40
3,1.75,1400,4000,1,0,0,4,7,1400,0,47.6902,-122.388,1050,4330,5400,5380,1400,89,89
3,2.5,2150,4332,2,0,0,3,8,2150,0,47.7373,-121.969,2140,4332,6482,6472,2150,2,2
3,1.75,1360,10742,1,0,0,5,7,960,400,47.4351,-122.173,1830,9000,12102,10830,1360,43,43
4,1.75,1720,7200,1,0,0,3,7,1220,500,47.306,-122.375,1790,7200,8920,8990,1720,40,40
3,2.75,2430,14861,1,0,0,3,9,1530,900,47.7461,-122.247,2230,10300,17291,12530,2430,26,26
4,2.5,2690,6124,2,0,0,3,7,2690,0,47.3343,-122.058,2300,6002,8814,8302,2690,7,7
4,3.5,3560,16782,2,0,0,3,10,2560,1000,47.5569,-122.225,3100,18047,20342,21147,3560,0,0
3,2,1680,7900,2,0,0,4,7,1680,0,47.3255,-122.305,1250,15600,9580,16850,1680,62,62
3,2.25,2510,6339,1,0,2,5,8,1810,700,47.6496,-122.391,1820,5741,8849,7561,2510,82,82
2,1.5,1440,725,2,0,0,3,8,1100,340,47.5607,-122.378,1440,4255,2165,5695,1440,3,3
4,2.5,2150,8165,1,0,0,3,8,1430,720,47.773,-122.371,2360,7980,10315,10340,2150,58,58
5,3.5,5430,10327,2,0,2,3,10,4010,1420,47.5476,-122.116,4340,10324,15757,14664,5430,7,7
3,1,1160,10881,1,0,0,2,7,920,240,47.6339,-122.033,1280,10843,12041,12123,1160,32,32
2,1,1030,4365,1,0,0,3,7,1030,0,47.6875,-122.387,1420,4268,5395,5688,1030,72,72
3,2.5,2450,7062,2,0,0,3,8,2450,0,47.3061,-122.36,1960,7200,9512,9160,2450,21,21
4,1.75,1760,6000,1,0,0,3,7,880,880,47.6508,-122.373,2040,6000,7760,8040,1760,69,69
1,1,1090,32010,1,0,0,4,6,1090,0,47.6928,-121.87,1870,25346,33100,27216,1090,56,56
4,2.5,2250,14440,1,0,0,3,7,1550,700,47.5221,-122.045,2090,11400,16690,13490,2250,47,47
4,2.25,2100,12172,1,0,0,5,9,2100,0,47.5458,-122.227,2400,10713,14272,13113,2100,54,54
3,1.75,1830,51836,1,0,0,4,7,1430,400,47.4774,-122.098,1320,51400,53666,52720,1830,48,48
3,2.5,1860,3730,2,0,0,3,8,1860,0,47.7442,-121.984,2110,4509,5590,6619,1860,2,2
3,1.5,1320,15053,1,0,0,3,7,1320,0,47.7405,-122.095,1250,13368,16373,14618,1320,35,35
3,2.5,2790,6720,2,0,0,3,8,2790,0,47.5958,-122.038,2620,6720,9510,9340,2790,12,12
2,1,1310,7128,1,0,0,4,7,940,370,47.3958,-122.189,1400,7161,8438,8561,1310,34,34
2,1,710,4618,1,0,1,3,5,710,0,47.64,-122.394,1810,4988,5328,6798,710,90,90
4,3.5,2600,5100,2,0,0,3,8,1820,780,47.6948,-122.395,2000,6720,7700,8720,2600,11,11
4,2.25,2350,10664,1,0,1,2,7,1510,840,47.5743,-122.238,2350,10140,13014,12490,2350,63,63
2,1,790,5240,1,0,0,4,6,790,0,47.5303,-122.288,1430,5320,6030,6750,790,89,89
1,0.75,680,9600,1,0,0,3,5,680,0,47.6964,-122.306,1580,6624,10280,8204,680,67,67
3,2.5,1180,932,3,0,0,3,8,1180,0,47.638,-122.375,1180,2632,2112,3812,1180,4,4
3,2.25,1830,8831,1,0,0,3,7,1460,370,47.7286,-122.215,2330,8064,10661,10394,1830,36,36
3,2.5,2890,21780,2,0,0,3,8,2890,0,47.4326,-122.286,2120,8117,24670,10237,2890,14,14
3,2.5,1450,3850,2,0,0,3,7,1450,0,47.5318,-121.85,1970,3748,5300,5718,1450,11,11
3,2.5,1660,2890,2,0,0,3,7,1660,0,47.5434,-122.293,1540,2890,4550,4430,1660,14,14
4,2.5,2490,7694,2,0,0,3,8,2490,0,47.567,-122.016,2140,8126,10184,10266,2490,28,28
3,1.75,1670,5209,1,0,0,5,7,1670,0,47.5362,-122.271,1990,4960,6879,6950,1670,106,106
3,2,2220,94300,1,0,0,5,7,1640,580,47.3459,-121.95,2070,80100,96520,82170,2220,39,39
3,2.25,1940,6500,1,0,0,3,8,1440,500,47.3565,-122.149,1880,8991,8440,10871,1940,36,36
4,2.5,3060,7920,1,0,0,3,8,1810,1250,47.7675,-122.261,2690,7767,10980,10457,3060,41,41
3,2.5,1630,7700,1,0,0,3,7,1120,510,47.3876,-122.211,1640,8160,9330,9800,1630,36,36
4,1.75,960,8863,1,0,0,5,6,580,380,47.5372,-122.289,1720,8249,9823,9969,960,65,65
2,1.5,770,850,2,0,0,3,7,770,0,47.5644,-122.388,1350,915,1620,2265,770,8,8
4,2.5,2303,3680,2,0,0,3,8,2303,0,47.2599,-122.283,2303,3760,5983,6063,2303,1,1
3,1,1160,7912,1,0,0,4,7,1160,0,47.7336,-122.306,1190,7482,9072,8672,1160,59,59
3,1.75,1720,8867,1,0,0,3,8,1320,400,47.44,-122.136,2200,9170,10587,11370,1720,29,29
3,2.5,1800,2790,2,0,0,3,8,1800,0,47.5455,-122.371,1580,2036,4590,3616,1800,3,3
3,1.5,2010,9480,1,0,0,3,8,1570,440,47.7102,-122.281,1920,8791,11490,10711,2010,63,63
5,2.5,2970,24759,1,0,0,4,8,1670,1300,47.3908,-122.173,2100,21803,27729,23903,2970,45,45
4,2.5,3210,8938,2,0,0,3,10,3210,0,47.582,-121.971,3740,8108,12148,11848,3210,9,9
6,3.75,2940,5054,2,0,0,3,7,2940,0,47.5122,-122.385,1530,5320,7994,6850,2940,73,12
3,1,1070,4000,1,0,0,4,7,1070,0,47.5529,-122.305,1090,4000,5070,5090,1070,44,44
3,1.75,1150,10466,1,0,0,5,7,1150,0,47.5531,-122.177,1350,10384,11616,11734,1150,55,55
3,1,1470,7680,1,0,0,3,7,1220,250,47.5276,-122.359,1470,6784,9150,8254,1470,69,69
4,1.75,1890,9623,1,0,0,4,7,1290,600,47.2901,-122.279,1510,9711,11513,11221,1890,46,46
3,1,1100,4600,1,0,0,3,7,1100,0,47.5686,-122.385,1200,5175,5700,6375,1100,97,97
2,2.5,1470,690,3,0,3,3,8,1470,0,47.6523,-122.346,1480,1284,2160,2764,1470,7,7
3,2,1710,4697,1,0,0,5,6,1710,0,47.3048,-122.218,1030,4705,6407,5735,1710,73,73
9,4.5,3830,6988,2,0,0,3,7,2450,1380,47.6927,-122.338,1460,6291,10818,7751,3830,76,76
3,2,1970,4166,2,0,3,5,8,1270,700,47.5717,-122.375,2390,4166,6136,6556,1970,85,85
3,1,1230,10170,1,0,0,3,7,1230,0,47.4437,-121.772,1380,10098,11400,11478,1230,35,35
4,2.5,2270,11500,1,0,0,3,8,1540,730,47.7089,-122.241,2020,10918,13770,12938,2270,48,48
5,5.5,6640,40014,2,1,4,3,12,6350,290,47.7493,-122.28,3030,23408,46654,26438,6640,10,10
4,2.5,3670,49658,2,0,0,3,10,3670,0,47.6219,-122.015,3040,49658,53328,52698,3670,15,15
4,2.25,2730,35100,2,0,0,3,8,2730,0,47.5913,-122.012,2730,36677,37830,39407,2730,37,37
3,1.75,1780,11096,1,0,0,3,7,1210,570,47.617,-122.051,1780,10640,12876,12420,1780,35,35
3,2,2000,10490,1,0,0,3,8,1430,570,47.6976,-122.166,1530,7659,12490,9189,2000,36,36
3,2,1920,33630,1,0,0,3,8,1920,0,47.4983,-122.167,2080,7505,35550,9585,1920,22,22
3,1,1300,8800,1,0,0,3,7,1300,0,47.64,-121.966,1600,12210,10100,13810,1300,37,37
3,1,1780,7800,1,0,0,3,7,1060,720,47.4932,-122.263,1450,7800,9580,9250,1780,57,57
3,2.25,1440,9806,1,0,0,3,7,1440,0,47.3857,-122.212,1590,9782,11246,11372,1440,50,50
3,1,1160,11799,1,0,0,3,7,1160,0,47.7263,-122.229,1220,10500,12959,11720,1160,48,48
3,2.25,1370,1533,3,0,0,3,8,1370,0,47.7326,-122.343,1370,1125,2903,2495,1370,5,5
4,2,2280,7200,1,0,0,4,7,2280,0,47.7132,-122.355,1100,7620,9480,8720,2280,58,58
3,1,1270,8508,1,0,0,4,6,650,620,47.4961,-122.322,1200,9415,9778,10615,1270,72,72
4,3.5,3570,27699,2,0,0,3,11,3570,0,47.7173,-122.098,3800,35880,31269,39680,3570,25,25
3,1.5,1070,5150,1,0,0,4,6,1070,0,47.5335,-122.349,1020,4800,6220,5820,1070,74,74
5,5.25,3410,8118,2,0,0,3,11,3410,0,47.6295,-122.236,3410,16236,11528,19646,3410,9,9
4,4.25,6410,43838,2,0,2,4,12,5610,800,47.5703,-122.28,2270,6630,50248,8900,6410,108,108
5,2.75,2810,13144,1,0,0,3,8,1440,1370,47.6199,-122.141,2480,13144,15954,15624,2810,50,50
4,2.75,3800,9606,2,0,0,3,9,3800,0,47.7368,-122.208,3400,9677,13406,13077,3800,6,6
4,2.5,2660,4000,2,0,0,3,8,2660,0,47.6876,-122.038,2330,4517,6660,6847,2660,13,13
4,1.75,2190,8400,2,0,0,2,8,2190,0,47.3003,-122.373,2410,7700,10590,10110,2190,37,37
4,2,2240,7725,1,0,0,5,7,1120,1120,47.5331,-122.365,1340,6300,9965,7640,2240,58,58
4,2.25,1790,7203,1,0,0,4,7,1110,680,47.7709,-122.294,2270,9000,8993,11270,1790,41,41
3,3.5,3620,8072,2,0,0,3,10,2920,700,47.5646,-122.127,3680,9624,11692,13304,3620,16,16
3,1,1280,8184,1,0,0,4,6,1280,0,47.7467,-122.319,1120,8184,9464,9304,1280,67,67
4,2,2310,31850,1,0,0,4,8,2310,0,47.7713,-122.122,2710,36042,34160,38752,2310,31,31
3,1.75,2050,9580,1,0,0,3,8,1400,650,47.6212,-122.038,1740,11952,11630,13692,2050,30,30
5,1.75,3240,34510,2,0,0,4,7,2690,550,47.5529,-122.027,2650,28250,37750,30900,3240,52,52
3,1.75,1480,800,2,0,0,3,8,1000,480,47.5493,-122.387,1480,1143,2280,2623,1480,0,0
4,2.75,2060,6659,1,0,0,3,7,1280,780,47.4276,-122.157,2020,8720,8719,10740,2060,33,33
3,1,900,4770,1,0,0,3,6,900,0,47.3038,-122.362,900,3480,5670,4380,900,45,5
3,1,1250,150117,1,0,0,3,7,1250,0,47.5956,-122.009,3060,50055,151367,53115,1250,40,40
4,2.25,2360,11523,2,0,0,4,10,2360,0,47.5318,-122.224,2850,11362,13883,14212,2360,47,47
4,2.5,2030,4596,2,0,0,3,8,2030,0,47.3515,-122.275,2040,4705,6626,6745,2030,0,0
2,2,1640,3021,1,0,2,3,7,840,800,47.666,-122.358,1780,4500,4661,6280,1640,55,55
4,2.25,1910,5120,1,0,0,3,8,1300,610,47.6534,-122.409,1810,5153,7030,6963,1910,60,60
4,2,2350,4815,1,0,0,4,7,1450,900,47.6681,-122.338,1640,4013,7165,5653,2350,101,101
5,2.75,2660,8737,1,0,4,5,8,1470,1190,47.5667,-122.155,3280,8783,11397,12063,2660,45,45
3,1.5,1560,20251,1,0,0,5,7,1200,360,47.619,-122.054,1560,19119,21811,20679,1560,25,25
3,2.5,1490,8102,2,0,0,4,7,1490,0,47.3712,-122.092,1640,7943,9592,9583,1490,24,24
3,1.75,2210,8955,1,0,1,3,8,1560,650,47.6621,-122.189,2210,8976,11165,11186,2210,41,41
4,2.5,3180,15358,2,0,0,3,9,3180,0,47.5172,-122.053,3020,15522,18538,18542,3180,26,26
4,2.75,2110,8751,1,0,0,3,7,1510,600,47.7617,-122.215,1660,10295,10861,11955,2110,52,52
6,3,2980,7200,1,0,2,3,8,2980,0,47.6366,-122.362,1720,3600,10180,5320,2980,104,104
3,2.25,2260,54014,1,0,0,3,7,1450,810,47.7657,-122.131,2140,44431,56274,46571,2260,52,52
6,5.25,6160,27490,2,0,0,3,11,4040,2120,47.6094,-122.023,4225,9100,33650,13325,6160,7,7
3,1,1230,171190,1,0,0,3,7,1230,0,47.4397,-122.46,1550,15450,172420,17000,1230,41,41
3,2.25,1780,9315,2,0,0,3,7,1780,0,47.7484,-122.353,1780,8545,11095,10325,1780,19,19
3,1,970,6828,1,0,0,3,6,970,0,47.5476,-122.36,1160,11666,7798,12826,970,86,86
3,1.75,1300,8500,1,0,0,4,7,1300,0,47.209,-122.005,1410,7800,9800,9210,1300,50,50
3,1.75,1490,10844,1,0,0,3,7,1210,280,47.6208,-122.106,2090,9944,12334,12034,1490,40,40
3,2.5,2100,6825,2,0,0,3,8,2100,0,47.4314,-122.189,2180,7614,8925,9794,2100,20,20
3,2,1840,3075,1,0,0,5,7,920,920,47.6894,-122.35,1480,3774,4915,5254,1840,87,87
3,2,1430,14250,1,0,0,3,7,1430,0,47.701,-122.199,1530,11475,15680,13005,1430,61,61
4,2.5,3284,6516,2,0,0,3,8,3284,0,47.3393,-122.181,2555,5008,9800,7563,3284,0,0
3,1.75,1250,5963,1,0,0,4,7,1250,0,47.6796,-122.301,970,5100,7213,6070,1250,62,62
3,1.75,1470,27000,1,0,0,3,7,1470,0,47.3943,-122.311,2230,14186,28470,16416,1470,56,56
4,2.75,2240,8162,2,0,0,5,7,1380,860,47.7427,-122.34,1550,8163,10402,9713,2240,69,69
3,2.5,2100,12338,2,0,0,3,9,2100,0,47.7412,-122.168,2320,6257,14438,8577,2100,17,17
3,2.5,1810,4332,2,0,0,3,8,1810,0,47.5776,-121.996,1740,4332,6142,6072,1810,22,22
4,2.5,3000,8584,2,0,0,3,7,3000,0,47.369,-122.032,2610,7570,11584,10180,3000,11,11
2,1,1290,6272,1,0,0,4,6,890,400,47.6777,-122.305,1260,5376,7562,6636,1290,92,92
3,2.5,1830,7585,2,0,0,4,8,1830,0,47.3893,-122.154,2070,7585,9415,9655,1830,20,20
4,3,2230,108900,1,0,0,3,7,1410,820,47.52,-121.845,1960,65340,111130,67300,2230,36,36
3,2.25,1550,1919,3,0,0,3,8,1550,0,47.6729,-122.379,1550,2918,3469,4468,1550,12,12
3,1,1090,10620,1,0,0,3,7,1090,0,47.3748,-122.294,1380,10620,11710,12000,1090,56,56
3,1,1870,7671,1,0,0,4,8,1720,150,47.7162,-122.36,1460,7679,9541,9139,1870,77,77
2,1,1010,3627,1,0,2,4,6,1010,0,47.5873,-122.294,1630,4040,4637,5670,1010,91,91
2,1,960,4400,1,0,0,4,7,960,0,47.5269,-122.264,1520,5000,5360,6520,960,63,63
6,2.5,2680,11250,1,0,0,5,7,1340,1340,47.6553,-122.19,2200,9875,13930,12075,2680,47,47
3,1,1830,6453,1,0,0,4,7,1830,0,47.7139,-122.288,1670,8012,8283,9682,1830,59,59
5,2.5,2730,17240,1,0,0,5,7,1660,1070,47.7646,-122.267,2250,13200,19970,15450,2730,56,56
2,1,1080,4000,1,0,0,3,7,1080,0,47.6902,-122.387,1530,4240,5080,5770,1080,75,75
5,2.25,2560,10360,1,0,0,4,8,1870,690,47.5819,-122.126,2070,7875,12920,9945,2560,49,49
4,3,5430,108900,2,0,0,4,10,5430,0,47.6582,-122.038,3170,107076,114330,110246,5430,27,27
3,2.5,2120,10021,1,0,0,4,8,1230,890,47.5621,-122.135,2690,10183,12141,12873,2120,39,39
3,1.75,1720,8102,1,0,0,5,6,860,860,47.7336,-122.29,1440,8106,9822,9546,1720,74,74
4,1,1680,5043,1,0,0,4,6,1680,0,47.5354,-122.273,1560,5765,6723,7325,1680,104,104
5,1.75,2000,3750,2,0,0,4,7,2000,0,47.6618,-122.355,1520,3750,5750,5270,2000,93,93
5,2.5,2780,12335,1,0,0,4,8,1590,1190,47.5681,-122.128,2750,9930,15115,12680,2780,46,46
2,1,770,7554,1,0,0,3,6,770,0,47.7057,-122.36,1390,7500,8324,8890,770,68,68
3,1,1140,7785,1,0,0,3,8,1140,0,47.709,-122.363,2080,10620,8925,12700,1140,61,61
3,2.5,1540,7773,2,0,0,4,8,1540,0,47.722,-122.194,1630,7340,9313,8970,1540,32,32
3,1.75,1450,61419,1,0,0,4,8,1450,0,47.3343,-122.16,2256,82328,62869,84584,1450,39,39
3,1.5,1820,5756,1,0,0,3,7,1640,180,47.6479,-122.367,1760,6169,7576,7929,1820,68,68
2,1,860,6800,1,0,0,3,6,860,0,47.7274,-122.337,1220,6800,7660,8020,860,71,71
4,1.75,2120,6250,1,0,0,5,7,1060,1060,47.5506,-122.385,1410,6250,8370,7660,2120,98,98
2,1.5,1320,1194,3,0,0,3,7,1320,0,47.6704,-122.39,1320,1250,2514,2570,1320,13,13
2,1,1210,10000,1,0,0,3,7,1210,0,47.4402,-122.333,1620,10959,11210,12579,1210,62,62
5,2.75,2980,9838,1,0,0,3,7,1710,1270,47.3807,-122.222,2240,9838,12818,12078,2980,47,47
3,2.5,1430,1002,3,0,0,3,8,1430,0,47.698,-122.349,1430,1530,2432,2960,1430,12,12
3,1,1430,15246,1,0,0,4,7,980,450,47.4075,-122.214,1960,13068,16676,15028,1430,54,54
5,2.25,3410,35536,2,0,0,3,10,2530,880,47.65,-122.155,3140,43453,38946,46593,3410,41,41
2,1.5,2440,6900,2,0,0,3,7,1590,850,47.5568,-122.271,1770,6900,9340,8670,2440,105,105
4,2,1710,4178,1,0,0,4,8,1710,0,47.6373,-122.3,1760,4178,5888,5938,1710,88,88
5,1.75,1400,5071,1,0,0,3,5,1400,0,47.6499,-121.908,1200,7500,6471,8700,1400,99,99
4,2.5,2880,12349,2,0,0,3,10,2880,0,47.5879,-121.973,3490,11539,15229,15029,2880,18,18
4,2.5,1520,3370,2,0,0,3,8,1520,0,47.5696,-122.004,1860,4486,4890,6346,1520,21,21
3,2.25,1820,7326,2,0,0,3,8,1820,0,47.7133,-122.217,2430,7696,9146,10126,1820,31,31
3,2,2140,4923,1,0,0,4,8,1070,1070,47.6902,-122.339,1470,4923,7063,6393,2140,86,86
2,1.75,1560,7575,1,0,0,3,8,1560,0,47.3776,-122.228,2050,9000,9135,11050,1560,12,12
4,2.5,2612,5850,2,0,0,3,8,2612,0,47.3751,-122.189,2419,8984,8462,11403,2612,1,1
3,2,2050,11454,1,0,0,3,8,2050,0,47.6389,-122.11,1980,11424,13504,13404,2050,28,28
2,2.5,2540,7089,2,0,0,3,9,2540,0,47.5747,-122.414,1330,7089,9629,8419,2540,10,10
3,1.5,1660,7221,1,0,0,3,7,980,680,47.4962,-122.32,1770,8083,8881,9853,1660,52,52
2,1.75,1210,7507,1,0,0,3,7,1210,0,47.7078,-122.234,1840,7500,8717,9340,1210,32,32
2,2,1480,804,3,0,0,3,8,1480,0,47.602,-122.308,1380,1751,2284,3131,1480,6,6
4,2.5,2120,9603,2,0,0,3,8,2120,0,47.5348,-122.053,1990,9611,11723,11601,2120,29,29
2,1,990,10556,2,0,0,3,7,990,0,47.5118,-122.188,1350,7295,11546,8645,990,33,33
4,1.75,2520,15205,1,0,0,4,7,2040,480,47.7642,-122.264,1680,10000,17725,11680,2520,60,60
4,2.5,1820,6916,2,0,0,3,7,1820,0,47.3862,-122.029,1680,6995,8736,8675,1820,20,20
3,2.5,2630,10131,2,0,0,3,9,2630,0,47.7695,-122.259,2800,10123,12761,12923,2630,25,25
4,4,2790,16117,2,0,0,4,9,2790,0,47.6033,-122.155,2740,25369,18907,28109,2790,15,15
3,1.75,1100,10005,1,0,0,5,7,1100,0,47.5374,-122.173,1340,9709,11105,11049,1100,51,51
3,2.5,1530,1131,3,0,0,3,8,1530,0,47.6993,-122.346,1530,1445,2661,2975,1530,5,5
3,1.5,1220,9000,1,0,0,4,7,1220,0,47.3642,-122.109,1220,9472,10220,10692,1220,47,47
4,2.5,2660,8027,2,0,0,3,8,2660,0,47.4831,-121.781,2480,8095,10687,10575,2660,17,17
2,1.5,1260,5100,1,0,0,3,7,1260,0,47.6914,-122.288,1640,5100,6360,6740,1260,74,74
5,2.5,3370,5092,2,0,0,3,7,3370,0,47.3594,-122.036,2910,5092,8462,8002,3370,8,8
4,2.5,2360,81892,1,0,0,3,8,2360,0,47.369,-122.156,1730,18096,84252,19826,2360,14,14
5,3.25,3760,9792,2,0,0,3,9,2550,1210,47.5654,-122.115,2960,16500,13552,19460,3760,30,30
3,2.5,2550,7709,2,0,0,3,9,2550,0,47.3081,-122.391,2410,9250,10259,11660,2550,26,26
3,2,2240,11250,1,0,0,3,8,2240,0,47.6371,-122.119,2200,12500,13490,14700,2240,46,46
4,2,1960,2166,1,0,0,4,7,1260,700,47.6545,-122.344,1670,4000,4126,5670,1960,88,88
4,2.75,2270,24237,1,0,0,4,7,1360,910,47.4672,-122.175,2050,8016,26507,10066,2270,38,38
5,2.5,2803,8550,1,0,0,3,8,2803,0,47.3032,-122.306,1810,8550,11353,10360,2803,52,4
4,1,1200,7552,1,0,0,3,6,1060,140,47.5317,-122.37,1580,7680,8752,9260,1200,95,95
3,2.25,1352,1694,3,0,0,3,8,1352,0,47.7265,-122.315,1439,1387,3046,2826,1352,7,7
4,3,3080,10757,2,0,3,5,8,3080,0,47.5671,-122.159,2810,10757,13837,13567,3080,54,54
5,2,2900,11970,2,0,0,4,7,2900,0,47.741,-122.095,1260,12398,14870,13658,2900,46,46
4,2.25,2270,8480,1,0,0,5,8,1310,960,47.5448,-122.174,1910,9050,10750,10960,2270,41,41
3,2.5,2790,21043,2,0,0,3,9,2790,0,47.673,-122.03,2900,34589,23833,37489,2790,22,22
3,1,1240,4000,1,0,0,3,8,1240,0,47.5467,-122.359,1200,17707,5240,18907,1240,87,15
3,2.25,2130,8466,1,0,0,3,7,1290,840,47.4537,-122.211,2250,9682,10596,11932,2130,31,31
4,3,3220,8936,2,0,0,3,9,2450,770,47.4208,-122.213,2810,10500,12156,13310,3220,24,24
4,2.25,2070,8893,2,0,0,4,8,2070,0,47.4388,-122.162,2390,7700,10963,10090,2070,28,28
3,2.75,1720,28000,1,0,0,4,7,1720,0,47.4375,-122.176,2000,41817,29720,43817,1720,57,57
4,2.5,2550,10623,2,0,0,3,9,2550,0,47.5695,-121.992,2750,8100,13173,10850,2550,23,23
2,1.5,1200,6380,1,0,0,3,7,1200,0,47.697,-122.319,1290,6598,7580,7888,1200,85,85
3,1.75,2080,5200,1,0,0,3,7,1040,1040,47.4738,-122.35,1410,6550,7280,7960,2080,41,41
4,2.5,2495,5751,2,0,0,3,7,2495,0,47.7243,-121.957,2490,6300,8246,8790,2495,12,12
4,1,1220,7980,1,0,0,3,6,1220,0,47.4924,-122.237,1210,7920,9200,9130,1220,70,70
2,1,900,23000,1,0,0,2,7,900,0,47.3576,-122.156,1460,8265,23900,9725,900,62,62
4,2.75,1930,3840,1,0,0,3,7,1170,760,47.5303,-122.346,1610,3840,5770,5450,1930,17,17
4,1.75,2400,7700,1,0,0,4,7,1500,900,47.7125,-122.332,1530,7700,10100,9230,2400,87,87
3,1.75,1850,8667,1,0,0,4,7,880,970,47.7025,-122.198,1450,10530,10517,11980,1850,32,32
4,2.5,2990,5280,2,0,0,3,9,2210,780,47.5353,-122.066,2990,6299,8270,9289,2990,11,11
3,2.5,1510,6095,2,0,0,4,7,1510,0,47.3498,-122.037,1520,6000,7605,7520,1510,23,23
3,1.75,2050,11313,1,0,0,3,7,1520,530,47.2837,-122.358,1620,8065,13363,9685,2050,27,27
4,3.5,3770,47480,2,0,0,3,9,3770,0,47.3552,-121.99,3380,42689,51250,46069,3770,11,11
3,1.5,1460,15000,1,0,0,3,7,1460,0,47.3182,-122.271,1510,15000,16460,16510,1460,48,48
3,2,1770,7251,1,0,0,4,8,1770,0,47.4087,-122.17,2560,7210,9021,9770,1770,24,24
6,3,2960,5000,1,0,0,3,8,1790,1170,47.6971,-122.341,1280,1251,7960,2531,2960,47,47
3,3.5,3950,111078,1,0,0,3,9,2460,1490,47.697,-122.072,2480,88500,115028,90980,3950,25,25
3,3,3040,5067,3,0,2,3,10,3040,0,47.5409,-122.267,1820,5998,8107,7818,3040,21,21
3,1,1090,7400,1,0,0,4,7,1090,0,47.2923,-122.19,1140,8165,8490,9305,1090,53,53
4,2.5,4570,74487,2,0,4,5,12,4570,0,47.7282,-122.372,3810,74487,79057,78297,4570,66,29
4,2.5,2680,8062,1,0,3,4,7,1530,1150,47.4132,-122.328,1920,8600,10742,10520,2680,47,47
3,1.75,1760,26055,1,0,0,3,7,920,840,47.3664,-122.1,1350,13475,27815,14825,1760,35,35
3,2.5,2313,5700,2,0,0,3,9,2313,0,47.3572,-122.202,2323,5701,8013,8024,2313,3,3
2,1.5,1340,1210,2,0,0,3,8,1120,220,47.588,-122.305,1340,1213,2550,2553,1340,6,6
4,2,2660,8160,1,0,0,4,7,1380,1280,47.7229,-122.359,1660,8160,10820,9820,2660,65,65
2,1,990,8250,1,0,0,3,7,990,0,47.7252,-122.331,1080,8168,9240,9248,990,59,59
3,2.5,2290,3475,2,0,0,3,9,2290,0,47.5551,-122.001,2340,3626,5765,5966,2290,8,8
3,1.75,2040,273556,1,0,0,3,7,2040,0,47.4361,-122.469,1790,273556,275596,275346,2040,17,17
4,2.5,2040,21781,2,0,0,3,8,2040,0,47.6458,-121.904,2410,21781,23821,24191,2040,20,20
4,3,2320,7200,2,0,0,3,7,2320,0,47.7703,-122.312,2050,10000,9520,12050,2320,38,38
2,1.5,1790,4250,1,0,0,3,7,920,870,47.6367,-122.301,1910,4250,6040,6160,1790,99,0
4,2,2260,6000,1,0,0,3,8,1430,830,47.6876,-122.298,2030,5874,8260,7904,2260,56,56
4,3.5,3350,3752,2,0,0,3,9,2550,800,47.6782,-122.365,1050,4960,7102,6010,3350,7,7
2,2.5,1390,1302,2,0,0,3,7,1390,0,47.3081,-122.329,1390,2052,2692,3442,1390,28,28
4,2.5,2990,5342,2,0,0,3,8,2990,0,47.6124,-122.009,2990,5936,8332,8926,2990,10,10
2,1,920,5000,1,0,0,4,6,490,430,47.7008,-122.338,1500,5000,5920,6500,920,65,65
3,2.5,1570,3143,2,0,0,3,7,1570,0,47.7364,-121.969,1740,3591,4713,5331,1570,14,14
3,2.25,1970,7210,1,0,0,4,8,1380,590,47.3821,-122.171,1970,7350,9180,9320,1970,37,37
3,1.75,1840,7350,1,0,0,3,8,1310,530,47.7089,-122.23,1860,7000,9190,8860,1840,38,38
4,2.5,2800,28254,2,0,0,3,9,2800,0,47.3552,-122.063,2530,4694,31054,7224,2800,13,13
3,1.75,1100,7224,1,0,0,3,7,1100,0,47.3717,-122.277,1700,8447,8324,10147,1100,33,33
3,1.75,1680,2552,1,0,0,4,7,840,840,47.6848,-122.391,1220,3880,4232,5100,1680,62,62
3,2.5,2110,4099,2,0,0,3,8,2110,0,47.7508,-122.17,2110,4871,6209,6981,2110,13,13
3,3.25,2640,16090,1,0,2,4,8,1960,680,47.5374,-122.213,3690,15000,18730,18690,2640,38,38
3,1,1020,6120,1,0,0,3,7,1020,0,47.6787,-122.285,2370,6695,7140,9065,1020,73,73
3,1.75,1680,8725,1,0,0,3,8,1240,440,47.3107,-122.397,2020,8352,10405,10372,1680,37,37
3,3,3450,16200,2,0,0,3,10,3450,0,47.6319,-122.041,3130,12150,19650,15280,3450,31,31
3,2.5,2750,35440,2,0,0,3,9,2750,0,47.4745,-121.723,2710,35440,38190,38150,2750,20,20
5,2.5,3597,4972,2,0,0,3,7,3597,0,47.3002,-122.282,3193,6000,8569,9193,3597,8,8
4,1,1220,5120,1,0,0,5,6,1220,0,47.205,-121.996,1540,7670,6340,9210,1220,75,75
3,1.5,1640,8922,1,0,0,4,7,1640,0,47.495,-122.342,1540,9040,10562,10580,1640,51,51
3,2.5,2020,4845,2,0,0,3,7,2020,0,47.3848,-122.033,1930,5134,6865,7064,2020,14,14
3,2.25,1660,6000,1,0,0,3,7,1110,550,47.6113,-122.297,1440,4080,7660,5520,1660,35,35
1,1,830,3200,1,0,0,3,7,830,0,47.6557,-122.348,1350,2512,4030,3862,830,90,90
3,1,1100,10125,1,0,0,3,7,1100,0,47.367,-122.107,1570,10650,11225,12220,1100,45,45
2,1,1120,4284,1,0,0,3,6,730,390,47.6688,-122.324,2050,4160,5404,6210,1120,93,93
3,1,940,8400,1,0,0,5,7,940,0,47.5112,-122.167,950,8400,9340,9350,940,56,56
2,1,760,5240,1,0,0,3,6,760,0,47.388,-122.234,980,5080,6000,6060,760,65,65
3,2,1010,2820,1,0,0,3,7,1010,0,47.6066,-122.304,1330,3000,3830,4330,1010,110,110
3,1.5,2220,4830,2,0,3,3,9,1790,430,47.5825,-122.4,1670,4830,7050,6500,2220,87,5
3,2,1800,11419,1,0,0,3,8,1800,0,47.2623,-122.217,2220,11406,13219,13626,1800,25,25
4,1.75,1420,5382,1,0,0,5,5,1040,380,47.4946,-122.187,1150,5382,6802,6532,1420,72,72
3,2.5,3080,12476,2,0,0,3,10,3080,0,47.3752,-122.029,3130,13631,15556,16761,3080,24,24
3,2.25,2520,212137,2,0,0,3,9,1590,930,47.7384,-121.878,2000,212137,214657,214137,2520,9,9
3,2.5,1370,1911,2,0,0,3,9,1370,0,47.6375,-122.354,1630,2090,3281,3720,1370,107,3
4,3.5,4460,16271,2,0,2,3,11,4460,0,47.5862,-121.97,4540,17122,20731,21662,4460,13,13
3,2.5,1520,3041,2,0,0,3,7,1520,0,47.4874,-122.152,1820,3229,4561,5049,1520,5,5
3,2.5,3120,12406,2,0,2,3,9,1940,1180,47.5507,-122.141,3240,13141,15526,16381,3120,32,32
3,2,1410,10078,1,0,0,4,6,1410,0,47.7587,-122.144,2090,9202,11488,11292,1410,31,31
3,2.75,1960,2500,1,0,0,5,7,1410,550,47.6744,-122.353,2040,5000,4460,7040,1960,88,88
3,1,1660,8800,1,0,0,4,7,960,700,47.3212,-122.352,1370,10112,10460,11482,1660,51,51
4,1.75,1580,9382,1,0,0,3,7,1080,500,47.6353,-122.232,2010,9382,10962,11392,1580,51,51
4,5,6055,21630,1,0,3,4,12,3555,2500,47.5524,-122.112,4890,19223,27685,24113,6055,18,18
4,2.5,2880,8833,2,0,0,3,7,2880,0,47.5388,-121.89,2570,5234,11713,7804,2880,9,9
4,2.5,2530,7563,1,0,0,3,7,1440,1090,47.7762,-122.21,1960,7811,10093,9771,2530,36,36
4,1.5,2120,8554,1,0,0,4,7,1170,950,47.2933,-122.195,1790,8554,10674,10344,2120,38,38
3,2.5,2040,10086,2,0,0,3,8,2040,0,47.679,-122.113,1940,10272,12126,12212,2040,27,27
3,2.25,2680,100188,2,0,0,4,8,1580,1100,47.4776,-122.02,2540,60548,102868,63088,2680,36,36
5,1.5,2170,8610,1,0,0,4,7,1230,940,47.6111,-122.126,1670,8610,10780,10280,2170,55,55
5,4,1400,8580,1,0,0,5,7,900,500,47.456,-122.292,1220,8832,9980,10052,1400,60,60
3,1,1020,12289,1,0,0,4,7,1020,0,47.4235,-122.155,1300,9894,13309,11194,1020,47,47
4,2.25,1780,6120,1,0,0,3,8,1310,470,47.6955,-122.287,1780,6120,7900,7900,1780,63,63
4,2.75,2900,5803,2,0,0,3,9,2900,0,47.7368,-122.232,2900,6212,8703,9112,2900,8,8
3,1.75,1610,7200,1,0,0,3,7,1180,430,47.5966,-122.144,1520,7973,8810,9493,1610,39,39
4,3,3330,7650,1,0,0,3,9,1830,1500,47.6889,-122.352,1200,3876,10980,5076,3330,7,7
3,1.5,1290,1286,3,0,0,3,7,1290,0,47.6617,-122.349,1720,1286,2576,3006,1290,14,14
2,1,940,7700,1,0,0,4,6,940,0,47.7067,-122.354,1290,7375,8640,8665,940,98,98
4,2.5,2310,5813,2,0,0,3,8,2310,0,47.5107,-122.362,1830,7200,8123,9030,2310,1,1
4,2.5,2930,7806,2,0,0,3,9,2930,0,47.6219,-122.024,2600,6051,10736,8651,2930,9,9
3,1.75,1570,12506,1,0,0,4,8,1570,0,47.3365,-122.319,2120,13243,14076,15363,1570,56,56
4,1.75,1880,8800,1,0,0,3,7,1130,750,47.5137,-122.333,1340,8733,10680,10073,1880,54,54
2,1,1070,4200,1,0,0,4,6,1070,0,47.3336,-122.215,1150,4200,5270,5350,1070,32,32
3,1.75,1470,8645,1,0,0,3,6,1470,0,47.7524,-122.323,1470,7680,10115,9150,1470,65,65
3,1.75,1790,50529,1,0,0,5,7,1090,700,47.3511,-122.073,1940,50529,52319,52469,1790,50,50
2,1,890,2100,1,0,0,4,6,760,130,47.656,-122.359,1600,4250,2990,5850,890,95,95
4,1.75,2000,3728,1,0,0,4,9,1820,180,47.643,-122.299,1950,3728,5728,5678,2000,89,89
4,2.5,2500,11070,1,0,2,4,8,1300,1200,47.336,-122.334,2500,11070,13570,13570,2500,50,50
3,2.5,2200,4544,2,0,0,3,8,2200,0,47.5319,-121.867,2400,5431,6744,7831,2200,15,15
2,1,790,7153,1,0,0,4,6,790,0,47.4869,-122.324,810,7128,7943,7938,790,71,71
2,1,1140,5400,1,0,0,5,7,1140,0,47.6205,-122.294,1520,4800,6540,6320,1140,106,106
4,1,1120,2685,1,0,0,3,5,860,260,47.4904,-122.203,1120,4838,3805,5958,1120,75,75
4,2.5,2630,6283,2,0,0,3,9,2630,0,47.5079,-122.158,2630,7210,8913,9840,2630,9,9
3,2,2350,12480,1,0,0,3,7,1600,750,47.7661,-122.262,2160,12000,14830,14160,2350,33,33
2,1,920,5157,1,0,0,3,6,920,0,47.5499,-122.269,1700,5150,6077,6850,920,106,106
3,2.25,2820,8100,1,0,0,4,7,1720,1100,47.4944,-122.304,1040,8100,10920,9140,2820,68,68
2,1.5,1260,6660,1,0,0,4,7,1260,0,47.6792,-122.287,2140,4770,7920,6910,1260,88,88
3,2.5,1620,7320,2,0,0,3,7,1620,0,47.3617,-122.054,1550,7686,8940,9236,1620,26,26
5,2.75,3300,7560,2,0,0,3,10,3300,0,47.6467,-122.118,3150,8580,10860,11730,3300,7,7
5,2.5,1900,9460,1,0,0,3,7,1190,710,47.7096,-122.202,1940,8360,11360,10300,1900,46,46
5,4.25,4050,18827,1,0,2,4,10,2150,1900,47.5323,-122.237,3600,25120,22877,28720,4050,36,36
3,3.5,1690,1432,2,0,0,3,7,1360,330,47.6513,-122.4,1650,2788,3122,4438,1690,6,6
3,1.75,1300,10030,1,0,0,4,7,1300,0,47.7359,-122.192,1520,7713,11330,9233,1300,48,48
3,1.75,1760,6300,1,0,0,3,7,1060,700,47.5003,-122.26,1340,7300,8060,8640,1760,52,52
3,1.75,1380,7350,1,0,0,3,7,990,390,47.369,-122.093,1660,8400,8730,10060,1380,33,33
4,2.25,1750,6120,1,0,0,3,7,1150,600,47.6958,-122.29,1350,6120,7870,7470,1750,53,53
3,2,1790,32379,1,0,0,3,7,1790,0,47.4826,-121.698,2290,43560,34169,45850,1790,7,7
3,1,1030,6127,1,0,0,3,7,880,150,47.7192,-122.32,1610,6127,7157,7737,1030,67,67
3,1.75,1960,7705,1,0,0,4,7,980,980,47.53,-122.347,1380,4349,9665,5729,1960,64,64
4,2.5,1900,4054,2,0,0,3,7,1900,0,47.3767,-122.124,2520,4085,5954,6605,1900,12,12
3,2.25,1740,9682,1,0,0,5,8,1740,0,47.5138,-122.173,2100,9536,11422,11636,1740,45,45
3,1.75,1560,7930,2,0,0,4,7,1560,0,47.4779,-122.161,1720,8073,9490,9793,1560,34,34
5,3.5,3080,7759,2,0,0,3,8,2310,770,47.7454,-121.977,2980,8223,10839,11203,3080,11,11
3,1,1660,6992,1,0,0,5,7,1260,400,47.7576,-122.318,1390,7359,8652,8749,1660,62,62
5,1.5,2050,9360,1,0,0,3,7,1520,530,47.436,-122.195,1840,9383,11410,11223,2050,46,46
0,2.5,1810,5669,2,0,0,3,7,1810,0,47.3493,-122.053,1810,5685,7479,7495,1810,11,11
4,2.75,2390,9650,1,0,2,3,8,1620,770,47.3438,-122.322,2390,10000,12040,12390,2390,38,38
4,1.75,1960,9300,1,0,0,5,7,1340,620,47.4487,-121.772,1500,9752,11260,11252,1960,35,35
4,2.75,5440,239580,1,0,0,2,9,2720,2720,47.354,-122.293,1970,40392,245020,42362,5440,45,45
3,1.75,2259,26831,1,0,3,5,7,1491,768,47.2741,-122.266,1980,15794,29090,17774,2259,106,106
2,1,2160,2192,1,0,0,5,8,1170,990,47.6364,-122.371,1150,2152,4352,3302,2160,89,89
3,1.5,1750,32500,1,0,0,4,7,1750,0,47.5316,-121.959,1820,102801,34250,104621,1750,48,48
3,1.75,1340,63597,1,0,0,4,7,1340,0,47.4379,-122.011,1950,87120,64937,89070,1340,51,51
3,2.5,2210,10119,1,0,0,4,7,1450,760,47.3783,-122.22,2110,10119,12329,12229,2210,48,48
3,2,1250,1306,3,0,0,3,7,1250,0,47.6705,-122.39,1320,1306,2556,2626,1250,15,15
3,2.25,1440,10500,1,0,0,3,8,1130,310,47.318,-122.391,1510,8125,11940,9635,1440,31,31
5,2.5,2340,5670,2,0,0,3,7,2340,0,47.4913,-122.152,2190,4869,8010,7059,2340,5,5
5,2,2300,7897,2,0,0,4,8,2300,0,47.7556,-122.356,2030,7902,10197,9932,2300,59,59
3,2.5,1810,1988,2,0,0,3,7,1350,460,47.6513,-122.385,1600,1525,3798,3125,1810,18,18
3,1.75,1890,5000,1,0,0,3,7,1890,0,47.3357,-122.175,2960,5421,6890,8381,1890,12,12
3,3.25,3230,5000,2,0,0,3,9,3230,0,47.5558,-122.002,2670,3977,8230,6647,3230,8,8
4,1,3410,5000,2,0,0,5,8,2190,1220,47.5807,-122.291,2550,5000,8410,7550,3410,104,104
4,1.5,1100,9600,1,0,0,4,6,1100,0,47.7,-122.175,1100,9630,10700,10730,1100,55,55
4,3.75,3370,6766,2,0,0,3,9,3370,0,47.7063,-122.106,3530,6766,10136,10296,3370,9,9
4,1.75,2140,8162,1,0,0,3,7,1420,720,47.3096,-122.377,2040,7632,10302,9672,2140,46,46
4,3,2090,7500,1,0,0,3,7,1370,720,47.4888,-122.182,1810,7650,9590,9460,2090,28,28
3,2,1640,9750,1,0,0,3,7,1640,0,47.7425,-122.241,1340,9750,11390,11090,1640,55,55
4,2,1400,4800,2,0,0,3,7,1400,0,47.6168,-122.298,1620,2595,6200,4215,1400,28,28
3,2.5,2110,8304,1,0,0,4,7,2110,0,47.3558,-122.173,1680,7508,10414,9188,2110,29,29
3,3.25,3680,7650,2,0,0,3,9,2340,1340,47.6272,-122.033,2280,8515,11330,10795,3680,27,27
3,1,1330,5850,1,0,0,3,7,930,400,47.5498,-122.298,1440,5850,7180,7290,1330,60,60
3,2.25,1350,6775,1,0,0,3,7,930,420,47.3593,-122.289,1460,7210,8125,8670,1350,34,34
5,3.5,4410,13000,2,0,3,3,10,2920,1490,47.5382,-122.111,5790,12969,17410,18759,4410,1,1
3,2.25,1520,1245,3,0,0,3,8,1520,0,47.6907,-122.34,1520,1470,2765,2990,1520,10,10
5,2.75,2530,7601,1,0,0,3,7,1520,1010,47.4683,-122.263,2400,7776,10131,10176,2530,22,22
3,1,1000,8470,1,0,0,4,6,1000,0,47.3056,-122.37,1020,8470,9470,9490,1000,52,52
4,1.75,2150,9000,1,0,0,4,7,1110,1040,47.6812,-122.113,2040,9000,11150,11040,2150,48,48
2,1,860,8189,1,0,0,3,6,860,0,47.735,-122.306,1180,8189,9049,9369,860,66,66
3,2.5,2530,43733,2,0,0,3,8,1530,1000,47.46,-121.708,1730,43548,46263,45278,2530,23,23
4,1.75,2550,39460,1,0,0,3,8,1890,660,47.7707,-122.123,2560,38638,42010,41198,2550,32,32
4,2.5,2150,3721,2,0,0,3,8,2150,0,47.3363,-122.217,2150,3721,5871,5871,2150,8,8
3,2.5,2310,11993,2,0,0,3,9,2310,0,47.5438,-122.139,2830,10031,14303,12861,2310,27,27
4,1.75,1370,9993,1,0,0,3,6,1370,0,47.7572,-122.228,1650,11592,11363,13242,1370,97,97
3,2.5,1920,1896,3,0,3,3,8,1920,0,47.6616,-122.356,1670,2994,3816,4664,1920,15,15
2,0.75,890,19703,1,0,0,3,6,890,0,47.4922,-121.783,1270,9800,20593,11070,890,81,81
4,2.5,2870,5118,2,0,0,3,9,2870,0,47.5544,-121.99,2940,4800,7988,7740,2870,8,8
4,2.5,2580,7465,2,0,0,3,8,2580,0,47.6319,-122.022,2350,7596,10045,9946,2580,21,21
4,2.75,2900,17400,1,0,0,4,8,2410,490,47.6431,-122.108,2620,12240,20300,14860,2900,36,36
2,1,870,5400,1,0,0,3,6,870,0,47.52,-122.374,990,5200,6270,6190,870,64,7
5,3.25,3340,4900,2,0,2,3,9,2500,840,47.5193,-121.877,3220,5200,8240,8420,3340,0,0
3,1.75,1850,10920,1,0,0,3,6,1850,0,47.7244,-122.222,1510,7871,12770,9381,1850,100,100
4,3.25,3080,4120,2,0,0,3,9,2380,700,47.6845,-122.359,1410,4120,7200,5530,3080,1,1
4,1.5,1410,10648,1,0,0,4,7,1410,0,47.3736,-122.188,1410,10522,12058,11932,1410,49,49
3,2.5,2100,2200,2,0,0,4,7,1500,600,47.614,-122.294,1750,4400,4300,6150,2100,96,96
3,1,1440,4268,1,0,0,3,7,1040,400,47.5468,-122.293,1370,4268,5708,5638,1440,61,61
2,1,1150,7552,1,0,0,3,7,1150,0,47.7215,-122.323,1150,7346,8702,8496,1150,64,64
3,2.75,1990,19991,1,0,0,3,7,1340,650,47.7434,-122.106,1750,9775,21981,11525,1990,37,37
4,2.5,3370,10602,2,0,0,3,10,3370,0,47.6591,-122.147,2950,9949,13972,12899,3370,15,15
3,2.5,2670,10481,2,0,0,3,9,2670,0,47.6673,-122.176,2620,8895,13151,11515,2670,11,11
3,2,1190,4072,1,0,0,5,6,1190,0,47.5276,-122.274,1680,5850,5262,7530,1190,107,107
3,1.75,1870,12381,1,0,0,4,8,1870,0,47.3358,-122.32,1950,12667,14251,14617,1870,57,57
4,2.5,2400,7270,2,0,0,3,8,2400,0,47.2697,-122.312,2150,6584,9670,8734,2400,22,22
3,2.25,1830,7651,2,0,0,3,8,1830,0,47.2642,-122.219,2160,8442,9481,10602,1830,28,28
2,1,1100,8281,1,0,0,4,7,1100,0,47.7414,-122.315,1510,8281,9381,9791,1100,67,67
4,1,1530,7920,1,0,0,3,7,1030,500,47.4544,-122.36,1690,7920,9450,9610,1530,60,60
3,3.5,2300,5611,1,0,0,3,8,2300,0,47.7122,-122.026,2170,5926,7911,8096,2300,10,10
4,2.5,1980,6568,2,0,0,3,8,1980,0,47.704,-122.101,2310,6496,8548,8806,1980,11,11
4,2.5,2110,35091,1,0,0,4,8,1290,820,47.467,-122.014,2740,36427,37201,39167,2110,29,29
3,2.5,2370,11172,2,0,0,3,9,2370,0,47.5345,-122.179,2550,11558,13542,14108,2370,21,21
3,2.5,1720,3676,2,0,0,3,7,1720,0,47.4039,-122.188,1720,3510,5396,5230,1720,22,22
4,2.5,2310,5573,2,0,0,4,9,2310,0,47.5197,-122.2,2310,6189,7883,8499,2310,11,11
3,2.5,1900,3255,2,0,0,3,8,1900,0,47.6075,-122.147,1880,3350,5155,5230,1900,26,14
4,3.5,2100,7560,2,0,0,5,8,2100,0,47.7076,-122.356,1250,7560,9660,8810,2100,10,10
3,2,1730,12219,1,0,0,4,7,1730,0,47.5825,-122.189,2470,13594,13949,16064,1730,28,28
4,2.75,1960,8937,1,0,0,5,7,980,980,47.451,-122.278,1480,10016,10897,11496,1960,61,61
4,1.5,1890,6938,1,0,0,3,8,1890,0,47.5896,-122.389,1700,6250,8828,7950,1890,95,95
3,2,1270,1333,3,0,0,3,8,1270,0,47.6933,-122.342,1330,1333,2603,2663,1270,9,9
3,1.75,2000,14733,1,0,0,4,8,2000,0,47.6001,-122.178,2620,14733,16733,17353,2000,57,57
3,2.5,1365,1090,3,0,0,3,7,1315,50,47.6776,-122.324,1360,1124,2455,2484,1365,11,11
3,2.5,1408,989,3,0,0,3,8,1408,0,47.6856,-122.315,1408,1342,2397,2750,1408,9,9
3,2.5,1920,4480,2,0,1,3,9,1920,0,47.6472,-122.373,1790,4500,6400,6290,1920,66,18
3,2.5,1600,2231,2,0,0,3,7,1600,0,47.3314,-122.29,1600,2962,3831,4562,1600,11,11
4,2.5,2930,8679,2,0,0,3,8,2930,0,47.5164,-122.19,2030,7264,11609,9294,2930,0,0
4,2,1720,5413,2,0,0,3,7,1470,250,47.6929,-122.321,1510,5413,7133,6923,1720,77,35
3,2,1270,1320,3,0,0,3,8,1270,0,47.6937,-122.342,1370,1320,2590,2690,1270,8,8
3,2.5,2120,196995,1,0,1,3,9,2120,0,47.4089,-122.459,1304,92423,199115,93727,2120,18,18
4,2.5,4250,19387,2,0,2,4,9,3260,990,47.5578,-122.212,3690,17024,23637,20714,4250,42,42
2,1.5,1930,3521,2,0,0,3,8,1930,0,47.6092,-122.146,1840,3576,5451,5416,1930,25,25
2,1,730,5200,1,0,0,3,6,730,0,47.4943,-122.337,1220,6240,5930,7460,730,86,86
4,2.5,2223,5780,2,0,0,3,8,2223,0,47.3586,-122.157,1690,7766,8003,9456,2223,4,4
3,2.5,2810,7700,2,0,0,3,9,2810,0,47.5464,-122.191,2910,8250,10510,11160,2810,13,13
2,1,940,5000,1,0,0,3,7,940,0,47.7518,-122.279,1800,7400,5940,9200,940,64,64
3,1.75,1150,9600,1,0,0,3,7,1150,0,47.4434,-121.774,1520,9976,10750,11496,1150,35,35
4,2.5,3080,4553,2,0,0,3,8,3080,0,47.7066,-122.112,2750,4929,7633,7679,3080,6,6
2,2,920,1201,2,0,0,3,8,800,120,47.5926,-122.295,1150,1161,2121,2311,920,5,5
2,1,2020,7540,1,0,0,3,7,1010,1010,47.5359,-122.28,1270,4652,9560,5922,2020,94,94
4,2.25,2470,8686,1,0,0,4,7,1270,1200,47.4371,-122.166,1900,7350,11156,9250,2470,40,40
4,2,1790,61419,2,0,2,2,7,1790,0,47.7216,-121.907,1790,62290,63209,64080,1790,27,27
3,2.25,1470,2500,2,0,0,3,8,1080,390,47.6762,-122.36,1640,4300,3970,5940,1470,30,30
3,2.5,1950,3600,2,0,0,3,7,1950,0,47.3658,-122.021,1870,4184,5550,6054,1950,4,4
4,2.5,1660,2500,2,0,0,3,7,1660,0,47.5437,-122.283,1030,5000,4160,6030,1660,8,8
3,2.25,1720,9000,1,0,0,4,8,1320,400,47.3191,-122.383,1930,8000,10720,9930,1720,45,45
4,2.5,2110,3825,2,0,0,3,7,2110,0,47.359,-122.082,1950,3825,5935,5775,2110,2,2
5,2,1600,4168,1,0,0,3,7,1600,0,47.5297,-122.381,1190,4168,5768,5358,1600,87,87
3,3,1520,1800,3,0,0,3,7,1520,0,47.6822,-122.326,1520,1500,3320,3020,1520,12,12
4,2.5,2040,4443,2,0,0,3,8,2040,0,47.3182,-122.189,2040,4637,6483,6677,2040,13,13
4,2.5,2100,7355,1,0,0,5,7,2100,0,47.5078,-122.161,1750,7200,9455,8950,2100,46,46
2,1,1060,6120,1,0,0,3,7,1060,0,47.6739,-122.329,1730,4080,7180,5810,1060,107,107
3,1.75,1950,52256,1,0,0,4,8,1950,0,47.3133,-122.078,2450,51836,54206,54286,1950,29,29
3,2.5,2420,7307,2,0,0,3,7,2420,0,47.5361,-121.871,2420,5577,9727,7997,2420,16,16
3,2.5,3200,203425,1,0,0,3,10,3200,0,47.7614,-122.015,3200,203425,206625,206625,3200,14,14
3,1.75,1490,8000,1,0,0,4,7,1200,290,47.3187,-122.18,1540,8000,9490,9540,1490,36,36
5,4.5,5160,44315,2,0,0,3,12,5160,0,47.6568,-122.154,4760,44315,49475,49075,5160,19,19
3,2.5,2450,19744,2,0,0,3,10,2450,0,47.3746,-122.026,2650,19597,22194,22247,2450,24,24
4,2.5,3010,9323,2,0,0,3,10,3010,0,47.578,-122.053,2840,8413,12333,11253,3010,23,23
3,1.5,1450,9477,1,0,0,4,7,1450,0,47.4215,-122.203,1460,9477,10927,10937,1450,51,51
3,1,1010,8906,1,0,0,5,7,1010,0,47.3627,-122.108,1150,10414,9916,11564,1010,46,46
3,1.75,1560,7245,1,0,0,3,7,1560,0,47.6868,-122.119,2220,8502,8805,10722,1560,52,29
3,2,2190,5400,1,0,2,5,7,1260,930,47.6737,-122.4,2160,5400,7590,7560,2190,62,62
3,2.25,1310,12825,1,0,0,3,7,1310,0,47.4515,-122.368,1600,11250,14135,12850,1310,64,1
2,1.5,1240,1055,2,0,0,3,8,1200,40,47.6104,-122.112,1410,1340,2295,2750,1240,47,47
3,1,970,9600,1,0,0,3,7,970,0,47.4451,-121.768,1110,9600,10570,10710,970,42,42
4,1.5,1400,8500,2,0,0,3,7,1400,0,47.3314,-122.275,1580,7650,9900,9230,1400,39,39
4,1.75,2290,4400,1,0,3,3,7,1290,1000,47.5698,-122.375,1820,4000,6690,5820,2290,55,55
4,2.5,1880,3853,2,0,0,3,8,1880,0,47.5636,-122.094,1890,3078,5733,4968,1880,5,5
2,1,960,8236,1,0,0,2,6,960,0,47.4698,-122.166,1260,8236,9196,9496,960,67,67
3,3.5,1890,1710,2,0,0,3,8,1640,250,47.6592,-122.349,1680,1562,3600,3242,1890,15,15
4,1,1420,6000,1,0,0,3,7,1420,0,47.6844,-122.302,1420,6180,7420,7600,1420,64,64
3,1.75,1550,9720,1,0,0,3,7,1050,500,47.3433,-122.037,1550,9750,11270,11300,1550,38,38
2,1,1040,7372,1,0,0,5,7,840,200,47.5285,-122.378,1930,5150,8412,7080,1040,76,76
4,1.75,2460,10061,1,1,4,3,7,1410,1050,47.5105,-122.238,2300,10061,12521,12361,2460,53,53
3,2,1660,7509,1,0,0,3,7,1660,0,47.4872,-122.144,2380,8598,9169,10978,1660,13,13
4,3.5,4200,14353,2,0,2,3,12,3640,560,47.5331,-122.217,3750,16316,18553,20066,4200,18,18
3,1.75,2010,3090,1,0,0,5,7,1510,500,47.682,-122.348,1600,3150,5100,4750,2010,89,89
2,1,1170,8925,1,0,2,3,6,1170,0,47.4017,-122.321,1380,7440,10095,8820,1170,103,103
3,1,1130,4100,1,0,0,3,7,990,140,47.6856,-122.385,1800,4100,5230,5900,1130,73,73
4,2.25,2270,5102,1,0,0,5,8,1340,930,47.6528,-122.408,1800,5102,7372,6902,2270,60,60
4,2.5,4070,57587,2,0,0,3,10,4070,0,47.6908,-122.052,3890,35960,61657,39850,4070,25,25
2,2.5,1590,1679,2,0,0,3,8,1590,0,47.5449,-122.011,1590,1680,3269,3270,1590,2,2
3,2.5,2140,9897,1,0,0,4,8,2140,0,47.5505,-122.219,2680,10083,12037,12763,2140,55,55
3,1,2000,21780,1,0,0,3,8,1480,520,47.6064,-122.039,2000,45738,23780,47738,2000,37,37
4,2,1400,3600,1,0,0,3,7,1100,300,47.6385,-122.37,1630,2048,5000,3678,1400,114,114
5,2.75,3010,5398,2,0,0,3,9,3010,0,47.6067,-122.053,3360,5407,8408,8767,3010,0,0
3,2.5,2510,9240,2,0,0,4,8,2510,0,47.1896,-122.013,2690,9240,11750,11930,2510,14,14
2,2,1180,2553,2,0,0,3,6,1180,0,47.3501,-122.02,1310,2687,3733,3997,1180,10,10
4,2.75,2790,7803,2,0,0,3,8,2790,0,47.4823,-121.772,2620,6178,10593,8798,2790,1,1
4,1.75,2010,5070,1,0,1,4,7,1300,710,47.5793,-122.402,2180,5400,7080,7580,2010,51,51
3,1.75,2030,9032,2,0,2,4,7,2030,0,47.586,-122.117,2350,8937,11062,11287,2030,51,51
4,2.5,2460,4862,2,0,0,3,8,2460,0,47.7719,-122.235,2900,4895,7322,7795,2460,10,10
4,3,2890,6885,1,0,0,3,7,1590,1300,47.6763,-122.282,2180,6885,9775,9065,2890,69,0
3,1.5,1340,11744,1,0,0,2,7,1340,0,47.4947,-122.36,2020,13673,13084,15693,1340,64,64
4,2.25,1800,2752,2,0,0,3,8,1800,0,47.5167,-122.346,1650,2752,4552,4402,1800,0,0
4,2.5,2100,6783,2,0,0,3,8,2100,0,47.3504,-122.141,2100,6192,8883,8292,2100,11,11
2,1,1330,4140,1,0,0,4,7,930,400,47.6802,-122.306,1410,5100,5470,6510,1330,95,74
4,1.75,2000,10890,1,0,0,4,7,1390,610,47.3203,-122.321,1520,9250,12890,10770,2000,53,53
3,2.5,2370,6752,2,0,0,3,8,2370,0,47.2703,-122.312,1870,7455,9122,9325,2370,20,20
4,2.75,2500,11659,1,0,2,3,9,1490,1010,47.3381,-122.332,2830,9915,14159,12745,2500,36,36
2,1,1150,3775,1,0,0,3,7,1150,0,47.6539,-122.329,2240,3753,4925,5993,1150,97,97
4,2.25,2000,10374,2,0,1,4,7,2000,0,47.3342,-122.34,2170,10374,12374,12544,2000,48,48
4,2,1930,5398,1,0,0,3,7,1430,500,47.646,-122.363,1910,4902,7328,6812,1930,62,62
3,1,1270,6612,1,0,3,3,7,1270,0,47.5433,-122.264,2100,7680,7882,9780,1270,88,88
5,1.75,2020,7902,1,0,0,3,7,1220,800,47.51,-122.327,2220,8819,9922,11039,2020,52,52
5,4.75,6390,13180,2,0,0,3,10,4560,1830,47.6312,-122.291,4010,8137,19570,12147,6390,74,74
3,2.5,2640,432036,1,0,3,3,10,2640,0,47.1795,-122.036,1500,560617,434676,562117,2640,18,18
3,1,920,6612,1,0,0,3,6,920,0,47.548,-122.284,1860,8424,7532,10284,920,66,66
2,1,700,5940,1,0,0,3,7,700,0,47.7289,-122.337,1070,5995,6640,7065,700,66,66
4,2.5,2660,5043,2,0,2,3,9,2660,0,47.5445,-121.996,3010,5500,7703,8510,2660,11,11
4,1.75,1930,7650,1,0,0,4,8,1280,650,47.3078,-122.386,1860,8800,9580,10660,1930,33,33
2,2.25,1100,1695,2,0,0,3,9,1100,0,47.5663,-122.289,1100,3082,2795,4182,1100,5,5
3,1,1860,6360,1,0,0,3,8,1470,390,47.5327,-122.392,1770,6175,8220,7945,1860,60,60
3,2.5,3050,7410,1,0,0,5,8,1950,1100,47.6772,-122.296,1890,5814,10460,7704,3050,64,64
3,2.5,2060,4030,2,0,0,3,7,2060,0,47.3909,-122.238,2060,4029,6090,6089,2060,15,15
3,2.5,2330,3141,2,0,0,3,8,2330,0,47.5622,-122.392,1980,5265,5471,7245,2330,11,11
3,1.75,2340,12443,1,0,0,4,8,2340,0,47.5432,-122.177,1970,9600,14783,11570,2340,50,50
4,3,4410,5104,2,0,0,3,9,3400,1010,47.5392,-121.861,4390,5537,9514,9927,4410,8,8
2,1,860,8250,1,0,0,3,7,860,0,47.7132,-122.334,1780,11200,9110,12980,860,74,74
3,2.5,3200,35012,1,0,0,3,8,2100,1100,47.4651,-121.993,2690,35100,38212,37790,3200,50,50
4,2.5,2460,45738,1,0,0,4,8,1650,810,47.5952,-122.056,2550,32040,48198,34590,2460,46,46
5,2.75,2520,4643,1,0,0,4,8,2120,400,47.6348,-122.301,2100,4564,7163,6664,2520,99,99
4,2.5,2510,6853,2,0,2,3,9,2510,0,47.3547,-122.003,3400,6965,9363,10365,2510,8,8
5,2.5,3780,20000,1,0,1,4,9,1890,1890,47.7603,-122.273,2840,19908,23780,22748,3780,36,36
3,1.75,2350,20820,1,0,0,4,8,1800,550,47.6095,-122.059,2040,10800,23170,12840,2350,36,36
3,1.75,2700,18246,1,0,0,4,7,1510,1190,47.4817,-122.097,1620,16986,20946,18606,2700,47,47
2,1.75,1180,5000,1,0,0,2,7,880,300,47.6749,-122.398,1470,5000,6180,6470,1180,90,90
3,2.75,3010,12432,1,0,0,4,8,1890,1120,47.6392,-122.108,2500,12432,15442,14932,3010,44,44
3,2.5,1650,13816,2,0,0,3,7,1650,0,47.6553,-121.913,1630,18750,15466,20380,1650,16,16
4,1,1040,4420,1,0,0,3,6,1040,0,47.6945,-122.368,1310,4920,5460,6230,1040,71,71
3,1.75,1400,8640,1,0,0,3,7,1400,0,47.7659,-122.204,1630,8640,10040,10270,1400,53,53
4,1.75,2440,7475,1,0,0,4,9,2040,400,47.6339,-122.096,2040,8480,9915,10520,2440,46,46
4,2.75,2310,5000,2,0,0,3,7,2310,0,47.3614,-122.035,1980,5000,7310,6980,2310,8,8
2,1,1290,4650,1,0,0,4,7,1290,0,47.6877,-122.325,1640,3900,5940,5540,1290,108,108
5,2.25,2440,20828,1,0,0,4,8,2440,0,47.3762,-122.158,2670,14472,23268,17142,2440,39,39
2,2.75,1310,1268,3,0,0,3,8,1310,0,47.6534,-122.355,1350,1288,2578,2638,1310,7,7
3,1.75,1480,7700,1,0,0,3,8,1480,0,47.7225,-122.202,1930,8560,9180,10490,1480,39,39
3,1.5,1320,4400,1,0,0,3,6,1320,0,47.6231,-122.292,1350,4400,5720,5750,1320,105,105
5,3,2320,7229,1,0,0,4,8,1370,950,47.697,-122.097,2090,7554,9549,9644,2320,28,28
3,2.5,1750,2150,2,0,0,3,7,1230,520,47.6037,-122.311,1410,3300,3900,4710,1750,114,0
4,2.5,2620,4469,2,0,0,3,7,2620,0,47.3663,-122.115,2250,4500,7089,6750,2620,6,6
3,2.75,2760,8476,1,0,0,4,8,1690,1070,47.5402,-122.215,2610,9835,11236,12445,2760,47,47
4,2.75,2190,14937,2,0,0,3,8,2190,0,47.3535,-122.273,1920,11360,17127,13280,2190,21,21
8,3,2850,12714,1,0,0,3,7,2850,0,47.4859,-122.205,1480,4942,15564,6422,2850,56,56
5,2.5,3000,10560,1,0,0,3,8,1500,1500,47.6249,-122.206,2690,11616,13560,14306,3000,49,49
5,3,3880,8432,2,0,0,3,7,3880,0,47.4806,-122.176,2620,5623,12312,8243,3880,10,10
2,2.25,1330,1380,2,0,0,3,8,1060,270,47.577,-122.41,1580,4802,2710,6382,1330,9,9
3,2.5,2340,3630,2,0,0,3,9,2340,0,47.6059,-122.307,1820,5120,5970,6940,2340,16,16
3,2,1980,3478,1,0,0,4,7,1440,540,47.6775,-122.372,1610,3478,5458,5088,1980,85,85
3,1.75,1140,9800,1,0,0,4,7,1140,0,47.3063,-122.27,1370,9800,10940,11170,1140,46,46
4,2.75,2620,6019,2,0,0,3,8,2620,0,47.484,-121.771,2790,6716,8639,9506,2620,1,1
3,1.75,1830,5488,1,0,2,4,7,1010,820,47.6914,-122.309,1200,5488,7318,6688,1830,75,75
3,1.75,2090,7667,1,0,2,3,7,1200,890,47.7007,-122.312,1480,7666,9757,9146,2090,62,62
3,2.5,2100,15120,1,0,0,4,8,2100,0,47.6201,-122.222,3070,16078,17220,19148,2100,62,62
4,2,2180,6000,1,0,0,3,8,2060,120,47.5958,-122.306,1370,4500,8180,5870,2180,88,88
4,2.5,2240,12032,1,0,0,3,9,2240,0,47.6143,-122.017,2520,12368,14272,14888,2240,31,31
6,3,2020,4129,1,0,0,3,7,1230,790,47.6648,-122.324,2080,4080,6149,6160,2020,21,21
5,3.5,4790,12957,2,0,1,3,9,3110,1680,47.5469,-122.194,2620,13538,17747,16158,4790,9,9
4,4.75,4790,25412,2,0,0,3,12,4790,0,47.603,-122.012,3830,16314,30202,20144,4790,15,15
2,1,620,6600,1,0,0,3,6,620,0,47.4862,-122.33,1050,6600,7220,7650,620,52,52
4,2.25,2350,8140,1,0,0,4,8,1430,920,47.5579,-122.129,2640,8700,10490,11340,2350,37,37
3,1,1120,10665,1,0,0,4,6,1120,0,47.2886,-122.274,1240,10639,11785,11879,1120,53,53
5,2.5,3050,8200,1,0,4,4,8,1650,1400,47.5647,-122.155,2970,8792,11250,11762,3050,52,52
3,2.5,2230,5348,2,0,0,3,8,2230,0,47.5347,-121.866,2190,5205,7578,7395,2230,14,14
4,3.5,6370,205603,2,0,0,3,12,6370,0,47.5016,-121.905,1490,33580,211973,35070,6370,7,7
4,2.25,2240,45738,2,0,0,3,7,2240,0,47.687,-122.047,3180,45738,47978,48918,2240,27,27
3,1.75,2320,6090,2,0,3,3,8,2040,280,47.643,-122.412,3110,7052,8410,10162,2320,75,75
3,1,880,7648,1,0,2,4,6,880,0,47.1963,-121.997,1020,7566,8528,8586,880,75,75
3,1,880,6050,1,0,0,3,6,880,0,47.4995,-122.248,1130,6050,6930,7180,880,70,70
4,1.75,1810,7480,1,0,0,3,7,1230,580,47.3275,-122.361,1870,9594,9290,11464,1810,38,38
3,1,1190,8820,1,0,0,3,6,1190,0,47.4616,-122.184,1230,7980,10010,9210,1190,55,55
3,2.25,1750,1879,3,0,0,3,8,1750,0,47.6722,-122.391,1750,3155,3629,4905,1750,13,13
2,2,1370,7920,1,0,0,3,8,950,420,47.6589,-122.397,1370,4680,9290,6050,1370,66,66
3,1,1160,9600,1,0,0,4,7,1160,0,47.7419,-122.073,1160,9730,10760,10890,1160,47,47
3,1,1580,3774,1,0,0,3,6,1580,0,47.6839,-122.361,1580,3860,5354,5440,1580,114,114
3,2.5,1232,1130,3,0,0,3,7,1232,0,47.7185,-122.317,1232,1202,2362,2434,1232,7,7
5,1.75,3000,6000,1,0,0,5,7,1500,1500,47.492,-122.225,2230,7125,9000,9355,3000,56,56
5,4,4390,6656,2,0,0,3,9,2930,1460,47.648,-122.397,1560,6656,11046,8216,4390,6,6
4,3.5,4230,20377,2,0,0,3,11,4230,0,47.5954,-122.206,3980,20489,24607,24469,4230,17,17
5,1,1880,3774,1,0,0,3,6,1360,520,47.566,-122.37,1420,2550,5654,3970,1880,98,98
3,2.5,1280,1920,3,0,0,3,8,1280,0,47.6621,-122.324,1450,1900,3200,3350,1280,5,5
3,2,1750,7000,1,0,0,3,8,1750,0,47.3693,-122.041,1840,6969,8750,8809,1750,21,21
4,2.5,2680,4499,2,0,0,3,9,2680,0,47.565,-122.125,2920,4500,7179,7420,2680,16,16
3,1,1220,4800,1,0,0,3,6,1220,0,47.6101,-122.307,1200,4800,6020,6000,1220,113,113
3,2.5,1470,1256,2,0,0,3,8,930,540,47.6033,-122.309,1510,1797,2726,3307,1470,8,8
2,1,840,7414,1,0,0,4,6,840,0,47.6771,-122.172,1740,9784,8254,11524,840,86,86
4,2.5,1830,5331,2,0,0,3,7,1830,0,47.3557,-122.016,1830,5175,7161,7005,1830,12,12
3,2.5,2120,9653,2,0,0,3,8,2120,0,47.3843,-122.213,1780,9801,11773,11581,2120,22,22
4,3,3680,5854,1,0,3,3,10,2060,1620,47.6327,-122.395,3140,5000,9534,8140,3680,47,47
2,1.75,1330,6000,1,0,0,4,7,960,370,47.6539,-122.396,1620,6000,7330,7620,1330,100,69
4,3.5,3950,9600,2,0,0,3,10,3950,0,47.5945,-121.981,3110,10213,13550,13323,3950,17,17
3,2.25,1510,6071,1,0,0,4,7,1150,360,47.3619,-122.077,1510,7271,7581,8781,1510,29,29
3,2,1620,5101,1,0,0,3,7,590,1030,47.5448,-122.288,1700,7750,6721,9450,1620,8,8
3,1,990,8840,1,0,0,3,6,990,0,47.3074,-122.371,1120,8625,9830,9745,990,49,49
3,2.25,2300,7200,1,0,0,4,8,1550,750,47.324,-122.328,2000,7350,9500,9350,2300,36,36
4,2,2100,4857,2,0,0,3,8,2100,0,47.7521,-122.279,1450,5965,6957,7415,2100,49,30
4,2.5,2210,17715,2,0,0,3,8,2210,0,47.3818,-122.2,2210,16907,19925,19117,2210,17,17
2,1,1100,27007,1,0,0,4,6,1100,0,47.4471,-122.473,1746,91476,28107,93222,1100,71,71
4,3.5,2770,10505,2,0,0,3,8,2770,0,47.7412,-122.355,1760,10505,13275,12265,2770,74,0
5,2.5,2500,11900,1,0,0,3,7,1400,1100,47.5915,-122.132,2820,11900,14400,14720,2500,52,52
3,1.75,1930,14389,1,0,0,3,7,1130,800,47.7733,-122.317,1730,14378,16319,16108,1930,52,17
3,1.5,1310,10491,1,0,0,4,7,1310,0,47.3682,-122.148,1430,9664,11801,11094,1310,45,45
3,2.75,2840,39324,1,0,0,3,9,2200,640,47.3076,-122.101,2840,39413,42164,42253,2840,27,27
4,1.5,2020,8474,1,0,0,5,7,1010,1010,47.4579,-122.17,1720,8166,10494,9886,2020,53,53
3,2,1870,3388,1,0,0,4,8,1230,640,47.6372,-122.395,1780,4050,5258,5830,1870,89,89
4,2.75,2930,22000,1,0,3,4,9,1580,1350,47.3227,-122.384,2930,9758,24930,12688,2930,36,36
5,4.5,4000,6713,2,0,0,3,9,4000,0,47.5254,-121.886,3690,6600,10713,10290,4000,0,0
3,1.75,1540,13002,1,0,0,2,8,1200,340,47.6231,-122.044,1620,10098,14542,11718,1540,30,30
4,2,1580,6250,1,0,0,3,7,860,720,47.7659,-122.31,1580,6250,7830,7830,1580,38,38
4,1.75,1490,8544,1,0,0,4,7,1490,0,47.3894,-122.166,1180,8372,10034,9552,1490,45,45
3,1,1200,7210,1,0,0,4,6,1200,0,47.3729,-122.183,1200,7650,8410,8850,1200,37,37
3,1,960,6500,1,0,0,4,5,960,0,47.497,-122.171,1150,6500,7460,7650,960,60,60
3,2.25,1990,4977,3,0,0,3,9,1990,0,47.5404,-122.268,1280,5000,6967,6280,1990,3,3
2,1,840,7425,1,0,0,4,6,840,0,47.4749,-122.339,1300,11674,8265,12974,840,62,62
5,2.25,2480,12070,2,0,0,3,9,2480,0,47.631,-122.052,2570,12000,14550,14570,2480,36,36
3,2.5,1760,3097,2,0,0,3,8,1760,0,47.5764,-121.996,1760,3285,4857,5045,1760,23,23
3,2.5,1930,5080,2,0,0,4,8,1930,0,47.5694,-122.001,2190,5085,7010,7275,1930,24,24
4,2.5,1820,9161,1,0,0,4,7,1220,600,47.4333,-122.168,1860,7650,10981,9510,1820,39,39
3,2.25,2220,16020,1,0,0,4,8,1780,440,47.3758,-122.217,2080,9583,18240,11663,2220,48,48
4,1.75,2780,9900,2,0,0,4,10,2780,0,47.6348,-122.06,2600,12000,12680,14600,2780,36,36
3,2.5,2400,7478,2,0,0,3,9,2400,0,47.7362,-121.974,2980,8182,9878,11162,2400,12,12
3,1,1320,8625,1,0,0,4,7,1320,0,47.4902,-122.179,1370,8295,9945,9665,1320,57,57
2,1,1000,5375,1,0,0,3,7,1000,0,47.5404,-122.268,1380,5000,6375,6380,1000,62,62
3,2.5,1420,1237,3,0,0,3,8,1420,0,47.674,-122.387,1510,2501,2657,4011,1420,0,0
2,1.75,1550,9230,1,0,0,3,6,970,580,47.4701,-121.744,1550,10856,10780,12406,1550,45,45
2,1,820,6771,1,0,0,4,6,820,0,47.52,-122.354,1000,4440,7591,5440,820,96,96
3,2.75,2460,3600,2,0,0,3,9,2460,0,47.5409,-121.994,2570,3600,6060,6170,2460,8,8
3,2.5,1730,46638,2,0,0,3,8,1730,0,47.4614,-121.709,1750,35508,48368,37258,1730,23,23
3,2,1310,8440,1,0,0,5,6,1310,0,47.5003,-122.269,1790,10775,9750,12565,1310,63,63
3,2.5,1690,17383,2,0,0,3,7,1690,0,47.3691,-122.031,2610,7999,19073,10609,1690,11,11
3,2.25,1740,8491,1,0,0,3,8,1240,500,47.7758,-122.379,2080,8494,10231,10574,1740,56,56
4,3.5,4970,16582,2,0,3,4,11,3930,1040,47.5496,-122.12,3580,13335,21552,16915,4970,23,23
4,2.5,2100,7208,2,0,0,3,8,2100,0,47.4478,-122.128,2060,7480,9308,9540,2100,41,41
2,1,940,8532,1,0,0,4,7,940,0,47.4814,-122.343,1050,8100,9472,9150,940,55,55
3,3,2230,1407,2,0,0,3,8,1850,380,47.5446,-122.017,2290,1407,3637,3697,2230,1,1
3,2.25,2120,18500,2,0,0,4,8,2120,0,47.3914,-122.169,2120,14479,20620,16599,2120,31,31
4,2.5,1889,6000,2,0,0,3,7,1889,0,47.2676,-122.256,1990,6350,7889,8340,1889,2,2
4,1.75,1360,4840,1,0,0,4,7,1360,0,47.556,-122.376,1320,4840,6200,6160,1360,86,86
4,2.5,3520,9901,2,0,0,3,10,3520,0,47.6084,-122.011,3490,9667,13421,13157,3520,16,16
2,1.5,1800,4144,1,0,4,4,7,900,900,47.5934,-122.39,2090,4173,5944,6263,1800,53,53
4,4,4690,6900,2,0,0,3,11,3480,1210,47.6165,-122.216,2800,11240,11590,14040,4690,13,13
4,4,3280,8448,2,0,0,3,10,3280,0,47.5818,-121.973,3730,8030,11728,11760,3280,7,7
3,3,1970,24318,1,0,0,3,8,1970,0,47.7651,-122.246,2150,14695,26288,16845,1970,4,4
4,2.5,3010,46173,2,0,0,3,9,3010,0,47.6471,-121.964,2590,49222,49183,51812,3010,18,18
4,2.5,2960,26742,1,0,3,3,8,1480,1480,47.6846,-122.268,2500,9460,29702,11960,2960,65,18
2,1,1550,15250,1,0,0,5,7,1550,0,47.407,-122.045,1520,34929,16800,36449,1550,95,95
3,2.25,2510,9900,1,0,0,3,8,1610,900,47.2988,-122.374,1940,8510,12410,10450,2510,37,37
5,3.75,2890,5000,1,0,0,3,7,1310,1580,47.5701,-122.296,1930,5117,7890,7047,2890,8,8
3,2.25,1640,1204,3,0,0,3,8,1640,0,47.6196,-122.297,1630,3136,2844,4766,1640,0,0
3,1,1330,8912,1,0,0,3,6,1330,0,47.4493,-122.274,1200,8913,10242,10113,1330,66,66
3,1.75,1960,5000,1,0,0,5,6,980,980,47.5576,-122.317,1790,5000,6960,6790,1960,103,103
5,4.25,4010,8252,2,0,0,3,10,4010,0,47.5974,-122.013,3370,8252,12262,11622,4010,0,0
4,2.5,2730,4847,2,0,0,3,9,2730,0,47.549,-122.374,1250,4840,7577,6090,2730,6,6
4,2.25,2520,2370,2,0,0,3,8,1690,830,47.6109,-122.303,1530,2370,4890,3900,2520,106,106
4,3.5,4490,5805,2,0,0,3,9,3390,1100,47.5389,-121.86,4410,6299,10295,10709,4490,8,8
2,0.75,1160,15029,1,0,0,4,6,870,290,47.6929,-121.87,1870,25346,16189,27216,1160,77,77
4,3,2170,2500,2,0,0,3,8,1710,460,47.6742,-122.303,2170,4080,4670,6250,2170,17,17
3,1.75,2790,36585,1,0,0,4,8,1410,1380,47.4734,-121.999,1900,45302,39375,47202,2790,44,44
2,1,1040,5527,1,0,0,3,7,1040,0,47.6774,-122.284,2080,7020,6567,9100,1040,63,63
3,1,1890,3330,1,0,0,4,7,1390,500,47.6597,-122.352,1530,3330,5220,4860,1890,113,113
5,2.75,2470,19200,1,0,0,5,8,1250,1220,47.4496,-122.083,2140,35140,21670,37280,2470,37,37
3,1,940,6695,1,0,0,4,6,940,0,47.6195,-122.12,1230,7400,7635,8630,940,55,55
4,2.25,2330,8994,2,0,0,3,8,2330,0,47.7264,-122.104,2330,8396,11324,10726,2330,28,28
4,3.25,3430,9870,2,0,0,3,9,3430,0,47.776,-122.173,3360,9724,13300,13084,3430,0,0
4,1,1670,4600,1,0,0,5,8,1670,0,47.6838,-122.332,1820,4600,6270,6420,1670,108,108
2,1,1020,47044,1,0,0,5,7,1020,0,47.4206,-122.155,1930,12139,48064,14069,1020,110,56
4,3,2840,13554,1,0,2,4,9,1990,850,47.7153,-122.257,2840,16940,16394,19780,2840,40,40
3,2,2930,29136,2,0,0,3,8,2240,690,47.3102,-122.042,2110,29362,32066,31472,2930,25,25
3,2.25,2130,8721,1,0,0,3,8,1570,560,47.4202,-122.204,2130,9477,10851,11607,2130,27,27
3,1,1220,20400,1,0,0,5,6,1220,0,47.2063,-122.023,1640,53578,21620,55218,1220,55,55
4,2.5,2110,3750,2,0,0,3,8,2110,0,47.6789,-122.363,1700,5000,5860,6700,2110,14,14
4,3,2240,7035,2,0,0,3,7,2240,0,47.5124,-122.374,1060,6300,9275,7360,2240,72,21
3,1,1380,6250,1,0,0,4,7,1380,0,47.5514,-122.385,2270,6250,7630,8520,1380,97,97
3,1,970,8580,1,0,0,3,7,970,0,47.3363,-122.311,1430,11907,9550,13337,970,55,55
2,1,910,9612,1,0,0,4,7,910,0,47.4297,-122.152,1410,9611,10522,11021,910,33,33
3,1.75,2440,10179,1,0,0,4,7,1220,1220,47.4118,-122.314,1650,9711,12619,11361,2440,52,52
4,2.5,2440,14470,1,0,0,4,9,1660,780,47.6401,-122.168,2810,15564,16910,18374,2440,44,44
3,1,1100,5132,1,0,0,3,6,840,260,47.7011,-122.336,1280,5132,6232,6412,1100,66,66
3,2.25,1540,1005,3,0,0,3,8,1540,0,47.6827,-122.346,1510,1501,2545,3011,1540,6,6
3,2,1010,7896,1,0,0,3,7,1010,0,47.4046,-122.181,1540,7896,8906,9436,1010,31,31
3,2.5,2170,8140,2,0,0,3,9,2170,0,47.385,-122.169,2390,8100,10310,10490,2170,21,21
3,1,1030,7620,1,0,0,3,7,1030,0,47.5281,-122.375,1030,7560,8650,8590,1030,61,61
4,3,3350,199253,2,0,0,3,10,3350,0,47.3602,-121.988,3350,183897,202603,187247,3350,11,11
5,3,2010,7264,1,0,0,3,7,1290,720,47.6945,-122.33,1510,7326,9274,8836,2010,25,25
4,2,2680,14157,1,0,0,3,8,1460,1220,47.4286,-122.292,2100,9199,16837,11299,2680,49,49
3,1,1420,6000,1,0,0,3,6,1420,0,47.4913,-122.336,1480,6000,7420,7480,1420,74,74
3,1,1500,6250,1,0,0,3,6,890,610,47.5365,-122.368,1210,6250,7750,7460,1500,69,69
3,1.75,1540,8400,1,0,0,3,7,1540,0,47.6187,-122.295,1330,4800,9940,6130,1540,113,113
3,2.5,2490,4343,2,0,0,3,9,2490,0,47.5493,-121.993,2130,4106,6833,6236,2490,11,11
2,2,1300,3865,1,0,0,3,8,1300,0,47.7193,-122.024,1350,4199,5165,5549,1300,8,8
4,2.75,3210,41689,1,0,0,4,8,1610,1600,47.3493,-122.062,2100,41384,44899,43484,3210,26,26
3,2,1980,3525,1,0,0,4,8,1590,390,47.6847,-122.368,1760,3760,5505,5520,1980,83,83
3,2.5,2300,5500,1,0,0,4,8,2000,300,47.5785,-122.293,2100,5000,7800,7100,2300,93,93
3,1.5,1330,12500,1,0,0,3,7,1330,0,47.5263,-122.051,2310,12500,13830,14810,1330,49,49
4,2.5,2700,4004,2,0,0,3,9,2700,0,47.5521,-121.995,2260,4459,6704,6719,2700,10,10
4,2.25,2100,3671,1,0,0,3,8,1750,350,47.6359,-122.3,1800,4560,5771,6360,2100,85,85
4,2.5,3220,7875,1,0,0,4,8,3220,0,47.626,-122.12,1600,7875,11095,9475,3220,48,48
3,2.5,1610,2937,2,0,0,3,8,1610,0,47.4489,-122.188,1610,3049,4547,4659,1610,9,9
3,2.5,2760,17377,2,0,0,3,9,2760,0,47.4929,-122.188,1940,8504,20137,10444,2760,12,12
6,2.75,2830,10579,1,0,0,4,8,1430,1400,47.636,-122.171,2060,10745,13409,12805,2830,47,47
3,2.5,2480,5082,2,0,0,3,7,2480,0,47.5297,-121.846,2480,5874,7562,8354,2480,11,11
4,1.75,1700,5846,1,0,0,3,8,1700,0,47.6539,-122.408,1480,5177,7546,6657,1700,57,57
3,2.5,2440,7632,2,0,0,3,8,2440,0,47.3494,-122.301,2510,7903,10072,10413,2440,16,16
4,1.75,3010,12523,1,0,0,3,8,1780,1230,47.707,-122.316,2040,7560,15533,9600,3010,63,63
3,2,2390,8025,2,0,0,5,7,2390,0,47.6707,-122.288,1920,5350,10415,7270,2390,93,93
4,2.5,2670,5895,2,0,0,3,8,2670,0,47.6066,-122.016,2820,6531,8565,9351,2670,15,15
5,2,1430,5600,1,0,0,3,6,1430,0,47.5192,-122.266,1860,5980,7030,7840,1430,68,68
3,2.25,1450,13439,1,0,0,4,7,1180,270,47.2811,-122.299,1520,12348,14889,13868,1450,51,51
3,2.25,1420,7297,1,0,0,3,7,1130,290,47.4046,-122.194,1730,7419,8717,9149,1420,31,31
3,2.5,2150,4084,2,0,0,3,8,2150,0,47.5488,-122.372,1750,2385,6234,4135,2150,7,7
3,2,2350,5080,1,0,0,3,8,1780,570,47.5516,-122.263,1700,5080,7430,6780,2350,85,85
5,3.5,2440,10200,2,0,0,4,7,2440,0,47.5814,-122.003,2000,10568,12640,12568,2440,40,40
3,1.5,2440,7200,1,0,0,3,7,2440,0,47.5604,-122.274,1920,6900,9640,8820,2440,65,65
2,1,1290,2482,2,0,0,3,7,1290,0,47.6972,-122.025,1290,2482,3772,3772,1290,7,7
2,1,750,34133,1,0,0,3,6,750,0,47.4781,-122.294,1460,25792,34883,27252,750,65,65
3,2,2140,26600,1,0,0,4,7,2140,0,47.4066,-122.169,2310,8783,28740,11093,2140,31,31
3,2.5,1390,2815,2,0,0,3,8,1390,0,47.566,-122.366,1390,3700,4205,5090,1390,16,16
4,2.25,2510,8165,1,0,0,4,7,1610,900,47.3092,-122.372,1940,8250,10675,10190,2510,42,42
3,2.25,1200,1400,3,0,0,3,8,1200,0,47.7046,-122.357,1370,6552,2600,7922,1200,9,9
3,1.75,1710,7210,1,0,0,4,7,1240,470,47.4094,-122.175,1840,7245,8920,9085,1710,40,40
3,2,1460,7860,1,0,0,5,7,1460,0,47.6233,-122.108,1850,8148,9320,9998,1460,48,48
3,2,1480,7480,1,0,0,4,7,1480,0,47.3542,-122.055,1680,7146,8960,8826,1480,22,22
3,2.25,1220,5739,1,0,0,3,7,790,430,47.6952,-122.326,1870,5739,6959,7609,1220,31,31
2,1,580,7500,1,0,0,3,5,580,0,47.4852,-122.251,1700,11250,8080,12950,580,72,72
4,2.5,2640,25038,2,0,0,4,8,2640,0,47.5277,-122.174,2630,16668,27678,19298,2640,19,19
3,1.75,1680,3000,1,0,2,4,6,840,840,47.686,-122.346,1540,3700,4680,5240,1680,114,114
3,1.75,1390,7399,1,0,0,4,7,1390,0,47.4183,-122.182,1460,7800,8789,9260,1390,39,39
4,2.5,4070,129808,2,0,0,3,10,4070,0,47.4433,-122.016,4070,102366,133878,106436,4070,16,16
3,1.5,1900,9994,1,0,0,3,7,1120,780,47.4729,-122.301,1900,9994,11894,11894,1900,55,55
3,1.75,1650,7807,1,0,0,3,7,1650,0,47.3514,-122.167,1810,8475,9457,10285,1650,28,28
3,1,1310,18135,1,0,0,3,7,1310,0,47.6065,-122.113,2150,18135,19445,20285,1310,67,67
4,2.5,1660,6724,2,0,0,3,7,1660,0,47.259,-122.256,1544,6054,8384,7598,1660,6,6
4,3.25,3830,6765,2,0,0,3,9,3830,0,47.685,-122.016,3830,6507,10595,10337,3830,0,0
3,2.5,2270,7887,2,0,2,3,8,2270,0,47.5326,-121.855,2550,7133,10157,9683,2270,10,10
3,2.5,2460,12600,1,0,0,4,8,1810,650,47.473,-122.118,1820,11180,15060,13000,2460,45,45
3,1.75,2840,16851,1,0,3,3,8,1600,1240,47.7458,-122.287,2650,11063,19691,13713,2840,65,65
3,1.75,1470,6550,1,0,2,3,7,1070,400,47.5463,-122.381,1440,6550,8020,7990,1470,99,99
1,1,1160,64469,1,0,0,3,7,1160,0,47.7433,-122.082,1580,48352,65629,49932,1160,6,6
4,1,1740,37238,1,0,0,4,7,1740,0,47.5651,-121.902,1810,18352,38978,20162,1740,82,82
3,1.75,1600,19200,1,0,0,4,7,1600,0,47.7202,-122.249,2010,14850,20800,16860,1600,47,47
3,2,1310,8454,1,0,0,3,7,1310,0,47.3697,-122.075,1310,8454,9764,9764,1310,21,21
4,3,3720,5000,2,0,0,5,9,2720,1000,47.6282,-122.322,2610,5000,8720,7610,3720,109,109
3,2.5,1760,5390,1,0,0,3,8,1760,0,47.3482,-122.042,2310,5117,7150,7427,1760,0,0
3,2.75,2240,3600,2,0,0,3,7,1650,590,47.6244,-122.326,1716,3120,5840,4836,2240,113,113
3,2.25,1481,2820,2,0,0,3,7,1481,0,47.3457,-122.217,1481,2889,4301,4370,1481,3,3
3,1.75,1840,7412,1,0,0,4,7,1240,600,47.3933,-122.188,1980,7350,9252,9330,1840,38,38
4,4,4920,50621,2,0,0,3,10,4280,640,47.6575,-122.006,4920,74052,55541,78972,4920,2,2
4,2.5,2000,13300,1,0,0,4,7,1200,800,47.353,-122.294,1800,9810,15300,11610,2000,46,46
2,1,1240,42247,1,0,1,4,7,1240,0,47.5169,-122.201,1550,12459,43487,14009,1240,99,99
5,2.75,2860,5379,2,0,0,3,9,2860,0,47.7082,-122.104,2980,6018,8239,8998,2860,9,9
2,1,1410,4500,1,0,0,3,7,1020,390,47.6883,-122.384,1300,4500,5910,5800,1410,76,76
3,2.5,2020,7800,1,0,0,4,7,1330,690,47.7368,-122.337,1870,7800,9820,9670,2020,56,56
4,2.5,2620,7328,2,0,0,3,8,2620,0,47.5514,-122.263,1670,5080,9948,6750,2620,32,32
2,1.5,980,5000,2,0,0,3,7,980,0,47.7076,-121.359,1040,5000,5980,6040,980,92,11
3,2.75,2770,5800,1,0,0,4,8,1650,1120,47.6496,-122.413,2340,5800,8570,8140,2770,56,56
4,2,1680,3813,2,0,0,4,7,1680,0,47.593,-122.293,2540,3996,5493,6536,1680,114,114
3,1,870,8040,1,0,0,3,7,870,0,47.7048,-122.368,1440,8040,8910,9480,870,61,61
4,1.75,2251,12731,1,0,1,4,8,1390,861,47.3369,-122.32,2520,12539,14982,15059,2251,57,57
4,2.5,2990,8622,2,0,0,3,9,2990,0,47.5394,-121.875,2980,8622,11612,11602,2990,14,14
3,1,1320,11457,1,0,0,3,8,1320,0,47.7738,-122.261,1900,9800,12777,11700,1320,55,55
6,2.25,2770,5854,1,0,0,3,8,2120,650,47.6466,-122.304,2300,5450,8624,7750,2770,93,93
2,2.25,3950,3938,2,0,4,3,10,2910,1040,47.5912,-122.384,3220,4500,7888,7720,3950,24,24
3,1,1340,21336,1,0,0,4,5,1340,0,47.4023,-122.273,1340,37703,22676,39043,1340,69,69
4,1.5,1150,9360,1,0,0,3,6,1150,0,47.7197,-122.173,1480,8155,10510,9635,1150,44,44
3,3.5,1550,1233,2,0,0,3,8,1160,390,47.6034,-122.309,1490,1539,2783,3029,1550,10,10
3,2.5,2810,4984,1,0,0,3,9,1750,1060,47.4461,-122.209,2810,5711,7794,8521,2810,9,9
3,2.5,1710,2875,2,0,0,3,8,1710,0,47.5787,-122.392,1640,5750,4585,7390,1710,9,9
4,1.75,2300,13342,1,1,4,3,7,2300,0,47.7308,-122.282,2500,13342,15642,15842,2300,80,56
4,2.5,2320,8721,2,0,0,3,8,2320,0,47.7326,-122.226,2260,8268,11041,10528,2320,23,23
1,1,530,13679,1,0,0,4,6,530,0,47.6422,-121.954,1930,20624,14209,22554,530,65,65
2,1.75,1640,4080,1,0,0,3,7,840,800,47.6645,-122.326,1980,4080,5720,6060,1640,93,93
3,1.75,2050,11041,1,0,0,5,9,2050,0,47.5968,-122.174,2530,11041,13091,13571,2050,55,55
2,2,1120,780,2,0,0,3,8,760,360,47.5788,-122.41,1120,1322,1900,2442,1120,10,10
3,2.5,1150,1194,2,0,0,3,8,1020,130,47.6684,-122.365,1450,1714,2344,3164,1150,9,9
3,1,1440,10330,1,0,0,4,7,1440,0,47.6245,-122.193,2080,10327,11770,12407,1440,63,63
5,2.5,4150,96574,2,0,0,3,10,4150,0,47.6664,-122.045,3320,40803,100724,44123,4150,26,26
3,2.75,2610,5000,2,0,0,4,7,1710,900,47.6729,-122.373,1500,5000,7610,6500,2610,69,69
2,2,1440,1170,2,0,0,3,9,960,480,47.5592,-122.385,1440,1350,2610,2790,1440,10,10
4,2.25,2230,6000,1,0,2,3,8,1810,420,47.6464,-122.391,2840,6000,8230,8840,2230,87,87
3,2.25,2420,7200,1,0,0,3,8,1420,1000,47.6867,-122.275,2500,7200,9620,9700,2420,66,66
4,3,3760,8804,2,0,0,3,8,2470,1290,47.5161,-122.191,1960,7225,12564,9185,3760,12,12
3,2.25,1740,6650,1,0,0,3,7,1240,500,47.2979,-122.379,1740,7000,8390,8740,1740,36,36
3,2.5,1270,865,2,0,0,3,7,1080,190,47.5351,-122.279,1630,7752,2135,9382,1270,7,7
3,1,1030,60720,1,0,0,3,5,1030,0,47.375,-122.166,1330,10342,61750,11672,1030,102,102
3,2.5,3160,4270,2,0,0,3,8,2650,510,47.7453,-122.194,2720,12523,7430,15243,3160,8,8
4,2.5,2714,12558,2,0,0,3,9,2714,0,47.3522,-122.201,2873,8269,15272,11142,2714,0,0
3,1.5,1130,5413,1,0,0,3,7,940,190,47.7021,-122.32,1400,7168,6543,8568,1130,68,68
3,1.75,2470,9620,1,0,1,4,7,1570,900,47.3996,-122.32,2600,9620,12090,12220,2470,52,52
3,2,2400,217800,2,0,0,3,8,1590,810,47.4166,-121.94,2340,207781,220200,210121,2400,40,40
4,3,3500,13444,2,0,0,3,10,2360,1140,47.5468,-122.231,3140,12935,16944,16075,3500,37,37
4,1.75,2080,8750,1,0,0,4,8,1330,750,47.3749,-122.291,1790,8750,10830,10540,2080,47,47
3,2.5,1970,6634,2,0,0,3,8,1970,0,47.5759,-122.012,2090,6176,8604,8266,1970,26,26
4,2.25,1830,7200,2,0,2,3,8,1750,80,47.6315,-122.282,3100,7200,9030,10300,1830,92,92
3,2.5,2440,7600,1,0,0,3,7,1420,1020,47.6966,-122.127,2060,7700,10040,9760,2440,34,34
3,2.5,1420,1162,3,0,0,3,8,1420,0,47.6982,-122.349,1430,1560,2582,2990,1420,12,12
3,2.5,2620,28703,1,0,0,3,10,2620,0,47.7238,-122.114,2950,30290,31323,33240,2620,29,29
3,2.25,1950,3600,1,0,0,5,8,1430,520,47.637,-122.363,1950,3600,5550,5550,1950,103,103
4,2.5,2890,7306,2,0,0,3,7,2890,0,47.5447,-121.883,2850,6687,10196,9537,2890,8,8
4,2.75,3540,7091,1,0,1,4,8,1970,1570,47.6467,-122.394,2200,6000,10631,8200,3540,67,67
2,1,1030,5000,1,0,0,5,6,1030,0,47.6585,-122.363,1550,5000,6030,6550,1030,97,97
4,1.75,2340,9100,1,0,0,3,8,1610,730,47.6401,-122.108,2470,11000,11440,13470,2340,39,39
4,4,2530,1774,3,0,2,3,9,2100,430,47.6362,-122.369,2160,2400,4304,4560,2530,2,2
2,3,2560,982278,1,0,0,3,8,2560,0,47.6955,-121.861,1620,40946,984838,42566,2560,10,10
4,2.25,2520,4200,1,0,0,4,7,1510,1010,47.5814,-122.312,1460,4200,6720,5660,2520,105,105
3,2.25,2600,15000,2,0,0,3,9,2600,0,47.3719,-122.056,2380,15000,17600,17380,2600,37,37
4,2.5,1950,4553,2,0,0,3,7,1950,0,47.5066,-122.175,1780,4598,6503,6378,1950,15,15
4,2.75,2020,8093,1,0,0,5,7,1300,720,47.7685,-122.332,1920,8089,10113,10009,2020,53,53
3,1,1150,6800,1,0,0,3,7,1150,0,47.727,-122.339,1210,6800,7950,8010,1150,60,60
2,1.5,830,1034,2,0,0,3,8,830,0,47.5926,-122.3,1130,2534,1864,3664,830,6,6
3,2.5,1320,955,3,0,0,3,7,1320,0,47.5202,-122.357,1300,1003,2275,2303,1320,6,6
3,1,2270,4182,1,0,0,4,7,1170,1100,47.688,-122.32,1860,4080,6452,5940,2270,69,69
3,1.5,1590,7080,1,0,2,3,8,1310,280,47.5244,-122.386,2080,7200,8670,9280,1590,62,62
3,3.5,3790,10829,2,0,0,3,11,3790,0,47.5525,-122.098,3620,10989,14619,14609,3790,21,21
3,2.5,2540,11562,1,0,1,3,8,1290,1250,47.7614,-122.229,2230,10310,14102,12540,2540,50,50
3,1,1110,6000,1,0,0,5,7,1110,0,47.6496,-122.403,1420,6000,7110,7420,1110,82,82
4,2.5,2641,8091,2,0,0,3,7,2641,0,47.4043,-122.213,2641,8535,10732,11176,2641,17,17
2,1.75,1930,5570,1,0,0,3,8,1930,0,47.7173,-122.034,1810,5178,7500,6988,1930,9,9
4,2.5,3340,8384,2,0,0,3,9,3340,0,47.6761,-122.152,1560,9429,11724,10989,3340,0,0
3,2.5,1590,3480,2,0,0,3,7,1590,0,47.4805,-122.178,1680,3480,5070,5160,1590,11,11
3,1.75,1520,9600,1,0,0,4,7,1520,0,47.473,-122.149,1590,10183,11120,11773,1520,48,48
3,1.75,1410,6886,1,0,0,3,7,1410,0,47.7183,-122.353,1410,6561,8296,7971,1410,90,1
4,2,3100,8000,1,0,0,5,7,2040,1060,47.6852,-122.329,1650,4000,11100,5650,3100,75,75
3,2,1550,15040,1,0,0,4,6,1550,0,47.4873,-122.099,1510,41416,16590,42926,1550,56,56
2,1,1120,6180,1,0,0,4,7,1120,0,47.6824,-122.301,1420,5356,7300,6776,1120,76,76
3,2.25,1230,11601,1,0,0,4,7,910,320,47.1955,-121.991,1820,8465,12831,10285,1230,23,23
4,1.75,1560,9000,1,0,0,5,7,1560,0,47.6707,-122.149,1510,8848,10560,10358,1560,45,45
2,1,870,4600,1,0,0,4,7,870,0,47.5274,-122.379,930,4600,5470,5530,870,72,72
3,1,1210,7425,1,0,0,4,6,1210,0,47.7125,-122.33,1260,7425,8635,8685,1210,105,105
4,2.5,2020,7200,1,0,0,5,7,1010,1010,47.7289,-122.201,1620,7275,9220,8895,2020,46,46
4,2.5,2683,40386,2,0,0,4,9,2683,0,47.6982,-122.138,2683,34800,43069,37483,2683,27,27
3,1.75,1880,12821,1,0,0,3,7,1880,0,47.7681,-122.305,1540,12868,14701,14408,1880,55,55
3,1.75,1480,4800,2,0,0,4,7,1140,340,47.6567,-122.397,1810,4800,6280,6610,1480,70,70
4,2.25,2340,5250,2,0,0,5,7,2340,0,47.5183,-122.266,1540,5250,7590,6790,2340,50,50
3,4.5,3850,62726,2,0,0,3,10,3120,730,47.6735,-122.058,2630,46609,66576,49239,3850,1,1
2,1,1030,9192,1,0,0,4,6,1030,0,47.4565,-122.181,1030,9190,10222,10220,1030,55,55
2,2,1300,3608,1,0,0,3,7,1300,0,47.3623,-122.309,1510,3608,4908,5118,1300,11,11
4,2.5,3550,10968,2,0,0,3,9,3550,0,47.5431,-121.886,3550,8583,14518,12133,3550,9,9
3,2.5,3040,7232,2,0,0,3,7,3040,0,47.3355,-122.168,2760,6926,10272,9686,3040,11,11
4,2.25,2060,44431,2,0,0,3,7,2060,0,47.744,-122.046,2160,45657,46491,47817,2060,27,27
3,1,940,8512,1,0,0,4,7,940,0,47.7002,-122.191,1060,8512,9452,9572,940,47,47
3,2.5,1820,1855,2,0,0,3,8,1570,250,47.4643,-122.346,1470,6900,3675,8370,1820,6,6
4,2.5,1981,4828,2,0,0,3,8,1981,0,47.3252,-122.167,1981,3783,6809,5764,1981,2,2
3,1,960,9000,1,0,0,4,7,960,0,47.5765,-122.154,1520,9000,9960,10520,960,59,59
2,1.75,1270,1916,2,0,0,3,8,1270,0,47.5648,-122.294,1140,1916,3186,3056,1270,2,2
4,2.5,3370,35150,1,0,0,5,8,1770,1600,47.461,-122.002,2920,41241,38520,44161,3370,21,21
4,4,5000,12941,3,0,2,3,12,5000,0,47.55,-122.103,4560,12941,17941,17501,5000,13,13
3,1,800,3060,1,0,0,4,6,800,0,47.6769,-122.389,1180,3060,3860,4240,800,112,112
4,2.5,2130,6003,2,0,0,3,8,2130,0,47.4518,-122.12,1940,4529,8133,6469,2130,11,11
3,2.5,2600,4724,2,0,0,3,7,2600,0,47.5359,-121.878,2400,4724,7324,7124,2600,12,12
5,2.5,3001,5710,2,0,0,3,8,3001,0,47.3727,-122.177,2340,5980,8711,8320,3001,8,8
3,1.75,1770,33224,1,0,0,4,8,1770,0,47.3377,-122.194,1690,22069,34994,23759,1770,46,46
5,2.5,2140,10320,1,0,0,4,7,1330,810,47.3927,-122.194,2050,8964,12460,11014,2140,48,48
3,1,1320,24684,1,0,0,3,7,1320,0,47.4771,-122.322,1120,21214,26004,22334,1320,35,35
3,1.75,2200,12231,1,0,0,4,7,1250,950,47.5076,-122.173,2200,9825,14431,12025,2200,50,50
3,1.75,1890,32340,1,0,3,3,8,1890,0,47.4137,-122.439,1890,40180,34230,42070,1890,38,38
2,1,710,6322,1,0,0,3,6,710,0,47.5165,-122.376,740,6720,7032,7460,710,73,73
2,2.5,1660,2258,2,0,0,3,7,1660,0,47.3793,-122.146,1740,2390,3918,4130,1660,33,33
3,3,2090,7440,1,0,0,5,7,1290,800,47.6891,-122.331,1570,4960,9530,6530,2090,92,92
4,2,1620,4600,2,0,0,3,7,1620,0,47.5533,-122.307,1620,4500,6220,6120,1620,106,106
3,2.5,2820,8159,2,0,0,3,9,2820,0,47.5527,-121.992,2910,5000,10979,7910,2820,10,10
4,1.5,1130,5200,1,0,0,3,6,1130,0,47.3616,-122.089,1140,5200,6330,6340,1130,47,47
4,3.25,3020,13457,1,0,0,5,9,3020,0,47.7174,-122.336,2120,7553,16477,9673,3020,58,58
4,3.25,3440,4920,2,0,4,3,10,2520,920,47.5727,-122.409,2350,5166,8360,7516,3440,1,1
4,1.75,2020,9750,1,0,0,3,7,1100,920,47.6192,-122.055,1670,9600,11770,11270,2020,39,39
3,1,1170,11000,1,0,0,2,6,1170,0,47.7346,-121.983,1590,10894,12170,12484,1170,34,34
5,2.75,2730,22572,1,0,0,3,7,2080,650,47.5951,-122.037,2260,15458,25302,17718,2730,46,22
1,1,1940,6300,1,0,3,3,8,1940,0,47.5782,-122.4,2560,6300,8240,8860,1940,52,52
4,2.5,2720,10006,2,0,0,3,9,2720,0,47.6295,-122.042,2720,10759,12726,13479,2720,25,25
4,3.5,4210,18564,2,0,0,3,11,4210,0,47.6206,-122.225,3520,18564,22774,22084,4210,14,14
2,1,1020,5130,1,0,0,4,6,1020,0,47.301,-122.226,1200,6497,6150,7697,1020,66,66
3,2.25,3230,35306,2,0,0,3,9,3230,0,47.3065,-122.113,2760,35285,38536,38045,3230,27,27
5,1.75,2360,6150,1,0,0,5,7,1180,1180,47.6732,-122.4,2100,5500,8510,7600,2360,75,75
3,3,1990,9600,1,0,0,3,7,1440,550,47.3499,-122.296,1670,9600,11590,11270,1990,26,26
5,5,4490,10279,2,0,0,3,10,3930,560,47.5974,-122.202,2490,10279,14769,12769,4490,1,1
3,2.25,3040,52302,1,0,0,3,9,3040,0,47.7635,-122.112,2070,38600,55342,40670,3040,9,9
2,1,980,1600,2,0,0,3,8,980,0,47.638,-122.375,1180,1600,2580,2780,980,4,4
4,3.5,3906,9674,2,0,2,3,9,3906,0,47.2931,-122.264,2673,6500,13580,9173,3906,0,0
3,2.5,1820,2935,2,0,0,3,8,1820,0,47.6018,-122.021,1820,2936,4755,4756,1820,16,16
6,4,3300,5720,1,0,0,3,8,1960,1340,47.676,-122.309,2030,4080,9020,6110,3300,52,52
3,1,1200,15960,1,0,0,3,6,1200,0,47.7163,-122.299,1120,7800,17160,8920,1200,70,70
3,1.75,2190,12626,2,0,0,4,8,2190,0,47.3845,-122.154,3110,14592,14816,17702,2190,36,36
3,2.5,2070,49658,1,0,0,4,8,1540,530,47.5936,-122.013,2620,35160,51728,37780,2070,34,34
4,1.75,2260,12238,1,0,0,3,9,2260,0,47.5976,-122.178,2430,10204,14498,12634,2260,48,48
2,1.75,1210,1189,2,0,0,3,8,1210,0,47.5526,-121.998,1540,1672,2399,3212,1210,0,0
3,3,2330,1944,2,0,0,3,8,1950,380,47.5446,-122.016,2290,1407,4274,3697,2330,0,0
3,2.5,1260,895,3,0,0,3,7,1160,100,47.7072,-122.336,1190,1095,2155,2285,1260,6,6
3,2.25,1670,7606,2,0,0,3,7,1670,0,47.1949,-121.982,1670,7433,9276,9103,1670,25,25
4,2.75,2100,88426,1,0,0,3,6,2100,0,47.399,-122.011,2150,63162,90526,65312,2100,25,25
3,1,1120,10125,1,0,0,3,6,1120,0,47.4794,-122.078,1120,8820,11245,9940,1120,54,54
3,2.25,2950,7232,1,0,2,3,8,1520,1430,47.5257,-122.382,2130,7140,10182,9270,2950,32,32
3,1.75,1580,7000,1,0,0,3,7,1180,400,47.7209,-122.168,1640,7500,8580,9140,1580,38,38
4,2.75,1910,16532,1,0,0,4,7,1420,490,47.6952,-122.39,2300,8250,18442,10550,1910,74,74
4,3,2290,2350,2,0,1,3,9,1610,680,47.574,-122.415,1610,3820,4640,5430,2290,90,3
3,2.75,2600,64626,1,0,0,3,8,2600,0,47.7185,-121.405,1740,64626,67226,66366,2600,5,5
6,5.25,3600,3960,2,0,0,3,7,2400,1200,47.5656,-122.372,1450,4600,7560,6050,3600,43,43
4,2.25,2510,19550,1,0,0,4,9,1810,700,47.7041,-122.241,2450,19250,22060,21700,2510,38,38
2,0.75,840,49658,1,0,0,2,6,840,0,47.4727,-122.292,1240,11000,50498,12240,840,66,66
3,1.5,2380,14500,1,0,0,4,7,1850,530,47.7714,-122.256,1830,13600,16880,15430,2380,53,53
3,1,1320,7000,1,0,0,4,7,1320,0,47.2787,-122.205,1260,7455,8320,8715,1320,47,47
2,1,770,17334,1,0,0,3,7,770,0,47.2997,-122.269,1480,17334,18104,18814,770,36,36
3,1,1140,4200,2,0,0,4,7,1140,0,47.6012,-122.296,1510,4000,5340,5510,1140,110,110
4,3.5,2870,3225,2,0,3,3,9,2070,800,47.5009,-122.225,1770,6450,6095,8220,2870,8,8
1,1,570,6000,1,0,0,2,5,570,0,47.5517,-122.385,1530,6000,6570,7530,570,96,96
4,4.25,2360,57514,2,0,0,4,8,2360,0,47.2843,-122.294,2037,35733,59874,37770,2360,75,27
4,3.25,3450,6500,2,0,0,3,8,2450,1000,47.5437,-122.388,1750,6500,9950,8250,3450,20,20
4,2.25,2110,16200,1,0,0,3,8,1630,480,47.752,-122.144,2370,16000,18310,18370,2110,37,37
3,1,1040,8410,1,0,0,3,7,1040,0,47.453,-122.289,1350,8410,9450,9760,1040,72,0
2,1,790,13170,1,0,0,3,6,790,0,47.5487,-122.357,970,12700,13960,13670,790,68,68
4,2.25,2670,9040,1,0,0,3,8,2170,500,47.4666,-122.326,1880,2648,11710,4528,2670,59,59
3,2.25,1760,16418,1,0,0,3,7,1190,570,47.6525,-121.985,2260,20747,18178,23007,1760,25,25
5,3.5,3280,4000,2,0,0,3,9,2440,840,47.689,-122.396,1980,4000,7280,5980,3280,11,11
2,1.75,1700,18000,1,0,0,3,8,1700,0,47.5066,-122.194,1700,8225,19700,9925,1700,42,42
3,2.5,3240,12625,2,0,0,3,11,3240,0,47.5327,-122.232,3470,12331,15865,15801,3240,28,28
4,2.5,2020,8044,2,0,0,3,8,2020,0,47.6247,-122.043,2320,7328,10064,9648,2020,25,25
3,3,1520,4080,2,0,0,5,7,1520,0,47.572,-122.29,1320,4080,5600,5400,1520,67,67
3,2.5,1790,6371,2,0,0,3,8,1790,0,47.3291,-122.168,1850,6371,8161,8221,1790,16,16
5,2.5,3990,3839,1,0,0,4,8,1990,2000,47.6236,-122.299,2090,5000,7829,7090,3990,52,52
3,2.25,1750,9298,1,0,0,4,7,1410,340,47.4579,-122.164,1720,7875,11048,9595,1750,46,46
4,2.5,2200,9099,2,0,0,3,8,2200,0,47.733,-122.225,2270,8900,11299,11170,2200,21,21
2,1,860,4320,1,0,0,3,7,860,0,47.5263,-122.325,980,6000,5180,6980,860,90,90
4,3,3310,217800,1,0,0,3,9,3310,0,47.6616,-121.999,2810,217800,221110,220610,3310,26,26
3,2.5,2980,7202,2,0,0,3,8,2980,0,47.6769,-122.177,2430,7280,10182,9710,2980,16,16
4,2.5,1890,4158,2,0,0,3,8,1890,0,47.343,-122.056,2720,4549,6048,7269,1890,1,1
2,1,960,6250,1,0,0,4,6,740,220,47.5378,-122.375,1090,6000,7210,7090,960,75,75
3,2.75,3230,9576,1,0,0,4,8,3230,0,47.7307,-122.183,2820,9576,12806,12396,3230,49,49
3,1.5,1460,6480,1,0,2,4,7,980,480,47.6962,-122.397,2180,6912,7940,9092,1460,75,75
4,3.25,2790,5420,1,0,3,3,9,1130,1660,47.7698,-122.386,2530,7200,8210,9730,2790,51,1
3,2,1230,1613,2,0,0,3,8,1010,220,47.6661,-122.37,1610,1873,2843,3483,1230,11,11
3,2.5,2870,13695,2,0,0,3,10,2870,0,47.6944,-122.102,2840,8472,16565,11312,2870,24,24
5,3.5,4750,8234,2,0,2,3,10,3350,1400,47.3574,-122.318,2160,14496,12984,16656,4750,2,2
3,2.5,1830,2839,2,0,0,3,8,1830,0,47.6022,-122.021,1830,3011,4669,4841,1830,15,15
3,2.25,1520,7930,1,0,0,3,7,1160,360,47.3605,-122.049,1530,7930,9450,9460,1520,26,26
3,2.5,1510,1178,2,0,0,3,8,1060,450,47.6181,-122.301,1510,1210,2688,2720,1510,7,7
2,1.75,1610,6300,1,0,0,3,7,1010,600,47.554,-122.304,1370,5225,7910,6595,1610,73,73
4,4,3970,7314,2,0,0,3,9,3970,0,47.6173,-122.056,3560,5258,11284,8818,3970,1,1
3,2.5,2244,4079,2,0,0,3,7,2244,0,47.2606,-122.254,2077,4078,6323,6155,2244,3,3
3,1,1300,9600,1,0,0,4,6,1300,0,47.3037,-122.107,1150,10222,10900,11372,1300,39,39
4,1.75,2360,8116,1,0,0,4,7,1180,1180,47.7635,-122.335,1670,8160,10476,9830,2360,99,45
4,3.25,4290,12103,1,0,3,3,11,2690,1600,47.5503,-122.102,3860,11244,16393,15104,4290,17,17
3,3.5,3870,3819,2,0,0,3,11,2760,1110,47.6452,-122.317,2530,5500,7689,8030,3870,12,12
4,2.25,2640,34870,1,0,0,3,8,1770,870,47.4688,-122.009,2500,35580,37510,38080,2640,37,37
4,2.5,2052,3723,2,0,0,3,8,2052,0,47.2824,-122.295,2052,5250,5775,7302,2052,0,0
4,2.5,2050,4502,2,0,0,3,7,2050,0,47.5002,-122.15,2480,4504,6552,6984,2050,9,9
3,0.75,920,20412,1,1,2,5,6,920,0,47.4781,-122.49,1162,54705,21332,55867,920,64,64
5,2.25,2800,8442,2,1,4,3,9,2800,0,47.5784,-122.076,3220,9156,11242,12376,2800,51,13
4,2.5,1830,9601,2,0,0,3,7,1830,0,47.3541,-122.015,1830,5892,11431,7722,1830,11,11
3,2.5,2360,8764,2,0,0,3,8,2360,0,47.2114,-122.009,2360,8746,11124,11106,2360,24,24
3,2,1790,42399,1,0,0,4,7,1790,0,47.3143,-122.134,1330,40015,44189,41345,1790,24,24
2,2.75,1992,10946,1,1,4,5,6,1288,704,47.3551,-122.475,1110,8328,12938,9438,1992,111,111
3,3.25,1390,1278,2,0,0,3,8,1140,250,47.6735,-122.375,1390,1256,2668,2646,1390,9,9
1,1,920,8282,1,0,0,3,6,920,0,47.761,-122.214,2260,14025,9202,16285,920,70,34
4,1,1440,3600,1,0,0,4,7,1440,0,47.5694,-122.385,1010,5175,5040,6185,1440,90,90
4,2.5,2770,7000,1,0,0,4,7,1940,830,47.3396,-122.256,2140,7684,9770,9824,2770,35,35
2,2,1700,3171,1,0,0,5,5,850,850,47.3025,-122.224,1380,5906,4871,7286,1700,87,87
4,2.75,2420,8438,2,0,0,3,8,2420,0,47.2089,-122.011,2270,8770,10858,11040,2420,18,18
2,1,1210,6000,1,0,0,4,7,1000,210,47.6482,-122.402,1840,6000,7210,7840,1210,72,72
2,1,840,5100,1,0,0,4,7,840,0,47.6779,-122.384,1550,5100,5940,6650,840,66,66
3,2.5,2380,5017,2,0,0,3,9,2380,0,47.6297,-122.021,2670,6066,7397,8736,2380,12,12
3,1,1020,4960,1,0,0,3,6,920,100,47.5328,-122.275,1230,7335,5980,8565,1020,89,89
3,2.25,2890,21480,2,0,4,3,8,1790,1100,47.5027,-122.381,2110,8107,24370,10217,2890,73,25
3,2,1700,4250,1,0,0,3,6,890,810,47.6542,-122.385,1440,4250,5950,5690,1700,70,70
2,1.75,1440,6265,1,0,0,3,8,1440,0,47.7028,-122.013,1810,5209,7705,7019,1440,10,10
4,5,4630,24054,2,0,3,3,11,4630,0,47.587,-121.966,4630,17584,28684,22214,4630,10,10
5,3.5,3180,40946,1,0,3,3,7,1690,1490,47.5833,-122.073,2430,29620,44126,32050,3180,46,46
3,1,1710,12000,1,0,0,4,7,1710,0,47.2616,-122.281,1310,9600,13710,10910,1710,42,42
5,3.25,3920,4832,2,0,0,3,9,3030,890,47.5202,-121.885,2660,4832,8752,7492,3920,0,0
4,1,1330,2400,1,0,0,4,6,1330,0,47.65,-122.34,1330,4400,3730,5730,1330,114,114
2,1.5,960,7200,1,0,0,3,7,960,0,47.649,-122.403,1550,6000,8160,7550,960,104,27
5,2.5,2070,4698,2,0,0,3,7,2070,0,47.3539,-122.024,2010,4698,6768,6708,2070,15,15
2,2,1200,7131,1,0,0,3,8,1200,0,47.7199,-122.022,1670,4601,8331,6271,1200,9,9
2,2.5,1520,1588,2,0,0,3,8,1240,280,47.5825,-122.313,1660,6000,3108,7660,1520,7,7
4,2.5,2960,37430,2,0,0,3,9,2960,0,47.3988,-122.023,2800,36384,40390,39184,2960,24,24
2,1,1088,8453,1,0,0,3,6,1088,0,47.2685,-122.231,1088,8016,9541,9104,1088,63,6
3,1,1200,10500,1,0,0,3,7,1200,0,47.322,-122.351,1350,10500,11700,11850,1200,53,53
3,2.5,3590,8400,1,0,0,3,9,2950,640,47.595,-122.173,1620,7875,11990,9495,3590,57,8
4,2.75,3280,24440,2,0,0,3,10,3280,0,47.7073,-122.07,3490,25138,27720,28628,3280,18,18
3,2.25,1970,2377,2,0,0,3,8,1680,290,47.5631,-122.297,1690,1936,4347,3626,1970,6,6
3,1.75,1310,6960,1,0,0,4,7,1310,0,47.2761,-122.153,1580,7200,8270,8780,1310,41,41
3,2.5,1850,1499,2,0,0,3,9,1790,60,47.6475,-122.396,1770,1539,3349,3309,1850,9,9
3,1.5,1720,6570,1,0,0,4,8,1720,0,47.5284,-122.265,1360,6000,8290,7360,1720,106,106
2,1,1250,8100,1,0,0,4,7,1250,0,47.7294,-122.329,1710,8100,9350,9810,1250,67,67
2,1.5,790,1123,2,0,0,3,8,700,90,47.651,-122.368,1370,1281,1913,2651,790,11,11
4,2.5,2963,5797,2,0,0,3,9,2963,0,47.3831,-122.185,2665,6119,8760,8784,2963,8,8
4,1.75,1740,7208,1,0,0,3,8,1740,0,47.4483,-122.13,1680,7350,8948,9030,1740,39,39
4,2.5,3100,4699,2,0,0,3,9,3100,0,47.3785,-122.023,2450,5130,7799,7580,3100,5,5
2,1,1140,15624,1,0,0,4,6,1140,0,47.7673,-122.367,2110,15493,16764,17603,1140,105,105
3,2,1700,8400,2,0,2,3,7,1700,0,47.6825,-122.19,1820,9000,10100,10820,1700,88,88
3,3.5,3250,6000,2,0,0,3,10,2500,750,47.5533,-122.391,1650,6000,9250,7650,3250,13,13
2,1,910,9000,1,0,0,4,6,910,0,47.4463,-121.771,1410,9440,9910,10850,910,31,31
2,1.75,1660,4000,1,0,0,3,7,990,670,47.6394,-122.28,2070,4000,5660,6070,1660,74,74
5,4,4100,8120,2,0,0,3,9,4100,0,47.6917,-122.02,4100,7625,12220,11725,4100,3,3
4,3.25,4200,210394,2,0,0,4,10,4200,0,47.5607,-121.961,2370,184694,214594,187064,4200,22,22
3,2,1620,9566,1,0,0,4,7,1620,0,47.474,-122.146,1660,10011,11186,11671,1620,47,47
4,2,1500,3659,1,0,0,3,7,830,670,47.6088,-122.293,1560,3706,5159,5266,1500,109,109
3,1.75,1800,7210,1,0,0,3,7,1370,430,47.7346,-122.17,1820,8100,9010,9920,1800,39,39
4,2.25,2810,25990,2,0,0,3,8,1860,950,47.2993,-122.293,2020,16140,28800,18160,2810,55,55
4,2.5,2280,8190,1,0,3,3,7,1390,890,47.4414,-122.272,1990,9000,10470,10990,2280,32,32
5,2.25,3320,60984,2,0,0,3,9,3320,0,47.4862,-121.718,1580,55322,64304,56902,3320,14,14
2,1,820,4200,1,0,0,3,7,820,0,47.6249,-122.298,1290,4000,5020,5290,820,35,35
4,2.75,2920,6605,2,0,0,3,8,2920,0,47.4909,-122.144,3030,6605,9525,9635,2920,2,2
3,1,1060,7419,1,0,2,4,6,1060,0,47.7712,-122.392,2190,5953,8479,8143,1060,109,109
2,1,860,1800,1,0,0,3,7,860,0,47.6334,-122.371,2160,3120,2660,5280,860,105,105
3,1.75,1560,7424,1,0,0,5,8,1560,0,47.6981,-122.374,1370,7424,8984,8794,1560,74,74
3,2.5,1650,2201,3,0,0,3,8,1650,0,47.7108,-122.333,1650,1965,3851,3615,1650,8,8
3,2.75,1560,77536,1,0,0,3,7,1400,160,47.7695,-122.126,2210,41449,79096,43659,1560,36,36
3,1.75,1940,10245,1,0,0,3,7,1940,0,47.5833,-122.241,2720,11448,12185,14168,1940,57,57
4,1.75,2390,5880,1,0,2,3,8,1390,1000,47.6956,-122.399,2210,6260,8270,8470,2390,57,57
3,2.5,1920,3867,2,0,0,3,8,1920,0,47.5538,-121.994,2190,3841,5787,6031,1920,9,9
2,1,1530,6350,1,0,0,4,7,1530,0,47.6325,-122.303,2640,6350,7880,8990,1530,91,91
3,2,1810,12420,1,0,0,4,7,1810,0,47.5888,-122.127,2230,12330,14230,14560,1810,57,57
3,2.5,1440,4394,1,0,0,5,8,1440,0,47.5688,-122.019,1900,5893,5834,7793,1440,27,27
3,2.25,1750,8900,2,0,0,4,8,1750,0,47.4451,-122.136,1680,7910,10650,9590,1750,37,37
4,2.5,3520,15420,2,0,0,3,10,3520,0,47.6375,-122.016,3400,21455,18940,24855,3520,23,23
2,1.5,1580,3680,1,0,2,3,8,1280,300,47.5762,-122.377,1730,3680,5260,5410,1580,73,73
4,1.5,2140,7920,1,0,0,3,7,1190,950,47.5491,-122.272,2140,7238,10060,9378,2140,55,55
2,1,860,6120,1,0,0,3,7,860,0,47.7503,-122.328,1100,6860,6980,7960,860,66,66
5,3,2230,8560,1,0,0,3,8,1150,1080,47.6154,-122.115,2040,8560,10790,10600,2230,54,0
3,2.25,2680,10440,1,0,1,3,8,1540,1140,47.561,-122.398,2140,7560,13120,9700,2680,51,51
3,2,1450,8771,2,0,0,4,7,1450,0,47.1947,-121.989,1450,8653,10221,10103,1450,24,24
3,1.75,1740,5500,1,0,0,5,7,970,770,47.577,-122.395,1740,7250,7240,8990,1740,61,61
4,2.5,2210,5929,2,0,0,3,8,2210,0,47.35,-122.139,2200,5901,8139,8101,2210,11,11
3,1.75,1070,8100,1,0,0,4,6,1070,0,47.2853,-122.22,1260,8100,9170,9360,1070,57,57
4,2.5,3560,15450,1,0,1,5,8,2060,1500,47.5657,-122.23,3680,17314,19010,20994,3560,37,37
3,1.75,1500,15246,1,0,0,3,6,1500,0,47.4367,-122.463,1500,16988,16746,18488,1500,89,16
3,1.5,1480,7117,1,0,0,3,7,1170,310,47.7766,-122.248,2230,14775,8597,17005,1480,55,55
3,1.5,1510,8000,1,0,0,4,7,1510,0,47.5865,-122.135,1430,8000,9510,9430,1510,58,58
4,1,1560,4080,1,0,0,3,7,1560,0,47.6711,-122.331,1890,4080,5640,5970,1560,91,91
4,1,1550,7296,1,0,0,3,6,1550,0,47.5184,-122.366,1370,7680,8846,9050,1550,58,58
4,1.5,1680,10500,2,0,0,3,7,1680,0,47.6806,-122.166,1830,10264,12180,12094,1680,53,53
5,3.25,3510,10930,2,0,0,3,9,3510,0,47.6914,-122.21,1970,7488,14440,9458,3510,1,1
3,2,1270,6760,1,0,0,5,7,1270,0,47.7381,-122.179,1550,5734,8030,7284,1270,42,42
3,2,970,10000,1,0,0,5,7,970,0,47.6205,-122.063,1230,7500,10970,8730,970,42,42
4,2.5,2160,7725,1,0,0,4,8,1460,700,47.3078,-122.378,2060,8250,9885,10310,2160,37,37
2,1,1060,4960,1,0,0,3,7,1060,0,47.6896,-122.331,1420,4960,6020,6380,1060,88,88
3,1,1160,8813,1,0,0,3,7,1160,0,47.7257,-122.329,1200,7615,9973,8815,1160,62,62
3,1,1480,5100,1,0,0,3,7,1480,0,47.6915,-122.348,1300,5100,6580,6400,1480,76,55
3,1,1864,6978,1,0,0,4,7,1864,0,47.285,-122.206,990,8000,8842,8990,1864,57,57
2,1,720,4125,1,0,0,4,6,720,0,47.5245,-122.354,1000,6100,4845,7100,720,72,72
4,4,3570,8250,2,0,0,3,10,2860,710,47.5784,-122.226,2230,10000,11820,12230,3570,-1,-1
3,1.75,1670,5400,2,0,0,5,8,1670,0,47.635,-122.284,2100,5400,7070,7500,1670,102,102
2,2.25,1260,1312,3,0,0,3,8,1260,0,47.6538,-122.356,1300,1312,2572,2612,1260,7,7
2,2.5,1170,1811,2,0,0,3,8,1170,0,47.6132,-122.297,1250,3146,2981,4396,1170,14,14
5,4.5,4820,13165,2,0,0,4,11,3950,870,47.7295,-122.057,3880,13810,17985,17690,4820,25,25
2,3,1270,1175,2,0,0,3,8,1110,160,47.6634,-122.34,1290,1800,2445,3090,1270,14,14
4,3.5,3200,8049,1,0,0,3,8,2700,500,47.5841,-122.172,1640,8506,11249,10146,3200,34,34
4,5,5820,13906,2,0,0,3,11,3750,2070,47.3814,-122.164,2980,13000,19726,15980,5820,22,22
4,2,1650,6000,1,0,0,5,7,1000,650,47.5834,-122.307,1540,6000,7650,7540,1650,55,55
3,2.25,1690,7292,1,0,0,3,7,1250,440,47.2639,-122.303,1670,7747,8982,9417,1690,30,30
2,1,1450,4500,1,0,0,4,7,1450,0,47.6739,-122.396,1470,5000,5950,6470,1450,93,93
4,3.5,2000,2309,3,0,0,3,8,2000,0,47.7027,-122.361,1440,1548,4309,2988,2000,6,6
4,2.5,2580,5476,2,0,0,3,8,2580,0,47.4042,-122.205,2900,5476,8056,8376,2580,9,9
4,2.5,1960,5238,2,0,0,3,7,1960,0,47.3483,-122.052,1800,5894,7198,7694,1960,11,11
3,2.5,1960,8469,2,0,0,4,8,1960,0,47.7236,-122.105,2040,8189,10429,10229,1960,30,30
2,1,970,18557,1,0,0,3,6,970,0,47.5116,-122.37,1150,7200,19527,8350,970,76,76
4,2.5,2150,39449,1,0,0,3,7,1420,730,47.5531,-121.892,2010,35717,41599,37727,2150,36,36
3,2,1700,8160,1,0,0,3,7,1120,580,47.74,-122.339,1740,8181,9860,9921,1700,53,53
3,2.25,2060,38377,1,0,0,4,8,1560,500,47.2752,-122.319,2080,60513,40437,62593,2060,36,36
4,2.5,2800,8190,1,0,0,3,8,1700,1100,47.7695,-122.368,2460,8165,10990,10625,2800,43,43
4,2.5,3920,41206,2,0,0,4,10,3920,0,47.7325,-122.132,3780,36562,45126,40342,3920,27,27
3,3.25,3690,7200,2,0,0,3,11,3690,0,47.6815,-122.2,1880,7200,10890,9080,3690,7,7
3,1.5,1050,4590,1,0,0,3,7,850,200,47.6943,-122.29,1770,5400,5640,7170,1050,65,65
3,1,1040,11900,1,0,0,5,6,1040,0,47.4332,-122.446,1250,9600,12940,10850,1040,42,42
3,3.25,3790,19000,2,0,4,3,10,3790,0,47.724,-122.373,2740,18628,22790,21368,3790,29,29
3,3.25,1280,1730,2,0,0,3,8,1090,190,47.7032,-122.36,1280,2121,3010,3401,1280,10,10
6,3,3870,43787,2,0,0,3,8,2700,1170,47.7642,-122.098,2600,35381,47657,37981,3870,39,39
4,3.25,2520,3360,1,0,0,4,8,1550,970,47.6801,-122.315,1730,3360,5880,5090,2520,83,83
4,2.5,2700,9320,2,0,0,4,8,2700,0,47.6861,-122.198,2120,8056,12020,10176,2700,20,20
4,2.5,2020,4350,2,0,0,5,9,1730,290,47.6503,-122.41,1620,5800,6370,7420,2020,72,72
3,1,1830,8004,1,0,0,3,8,1200,630,47.7259,-122.297,1860,7971,9834,9831,1830,54,54
3,1.75,1250,5546,1,0,0,4,7,1250,0,47.4725,-122.187,1640,4791,6796,6431,1250,27,27
5,2.25,3070,64033,1,0,0,3,9,2730,340,47.3238,-122.292,1560,28260,67103,29820,3070,31,31
5,3.75,3570,14648,2,0,0,3,9,3570,0,47.7377,-121.974,3160,7882,18218,11042,3570,10,10
3,2,1410,6413,1,0,0,4,7,910,500,47.6826,-122.298,1330,6050,7823,7380,1410,67,67
4,1.75,2100,6480,1,0,0,5,7,1300,800,47.7049,-122.359,1840,7500,8580,9340,2100,67,67
3,1.75,1420,8738,1,0,0,4,7,1420,0,47.3113,-122.207,1660,8738,10158,10398,1420,48,48
4,2.5,2100,14773,2,0,0,3,8,2100,0,47.3045,-122.391,2370,15440,16873,17810,2100,16,16
3,2.5,2480,5007,2,0,0,3,8,1960,520,47.6974,-122.369,1650,7806,7487,9456,2480,1,1
3,1.75,1470,13068,1,0,0,4,7,1470,0,47.3096,-122.197,2090,16988,14538,19078,1470,40,40
3,2.25,1820,15000,1,0,0,3,7,1480,340,47.7401,-122.249,1930,13600,16820,15530,1820,37,37
3,1.75,2330,12141,1,0,0,3,7,1390,940,47.7607,-122.146,1850,12141,14471,13991,2330,31,31
5,1,2150,262231,1,0,0,3,7,2150,0,47.5519,-121.803,1460,46609,264381,48069,2150,114,14
3,2.5,3010,74390,2,0,0,3,10,3010,0,47.6442,-121.999,3240,109771,77400,113011,3010,16,16
5,2,2260,12500,1,0,0,4,8,1130,1130,47.3887,-122.286,1360,18000,14760,19360,2260,54,54
2,1,600,4854,1,0,0,5,6,600,0,47.4927,-122.28,1470,5000,5454,6470,600,92,92
4,2.25,2290,40946,1,0,3,4,8,1550,740,47.616,-122.103,2790,20076,43236,22866,2290,55,55
3,1.5,1900,9630,1,0,0,3,8,1900,0,47.3352,-122.344,2010,9630,11530,11640,1900,48,48
4,2.5,2960,4750,2,0,0,3,9,2960,0,47.5544,-121.993,2960,4750,7710,7710,2960,9,9
2,2,970,5000,1,0,0,3,7,970,0,47.7223,-122.16,1540,5000,5970,6540,970,31,31
3,1,1480,8415,1,0,0,3,7,1080,400,47.4585,-122.283,1780,8512,9895,10292,1480,48,48
4,2.25,2290,9900,1,0,2,4,8,1550,740,47.4434,-122.343,2320,9900,12190,12220,2290,56,56
3,1.75,1630,5999,1,0,0,4,7,1630,0,47.3816,-122.313,1540,7500,7629,9040,1630,29,29
4,2,1770,8890,1,0,0,5,6,1770,0,47.4589,-122.353,1010,7620,10660,8630,1770,65,65
3,1.75,1300,20700,1,0,0,3,7,1300,0,47.5587,-121.904,1930,37638,22000,39568,1300,52,52
4,2.25,2080,7700,1,0,0,3,7,1450,630,47.4349,-122.17,1900,7980,9780,9880,2080,46,46
4,2.5,2090,6906,2,0,0,4,8,2090,0,47.5718,-121.996,2090,6370,8996,8460,2090,22,22
3,2.75,2200,3885,2,0,0,3,8,2200,0,47.6171,-122.028,2710,6000,6085,8710,2200,12,12
2,1.75,1160,8625,1,0,0,4,6,1160,0,47.5509,-122.366,960,5750,9785,6710,1160,73,73
5,2.75,2540,5022,1,0,0,4,8,1540,1000,47.5593,-122.3,2510,5182,7562,7692,2540,59,59
3,2.25,2360,14950,1,0,0,4,9,2360,0,47.3856,-122.158,2720,14388,17310,17108,2360,36,36
4,2.75,2620,6178,2,0,0,3,8,2620,0,47.4823,-121.771,2790,6538,8798,9328,2620,1,1
3,2.5,1870,3118,2,0,0,3,8,1870,0,47.3739,-122.056,1580,3601,4988,5181,1870,21,21
3,2,1240,11172,1,0,0,3,7,1000,240,47.6364,-122.037,1330,14102,12412,15432,1240,30,30
3,1.75,1440,11364,1,0,0,3,7,1440,0,47.743,-122.328,1950,9390,12804,11340,1440,30,30
2,1,1500,3420,1,0,0,3,7,1500,0,47.661,-122.338,2050,3420,4920,5470,1500,112,112
3,1.75,1870,25157,2,0,0,3,7,1870,0,47.695,-121.915,1870,15391,27027,17261,1870,36,36
2,2,1520,1020,3,0,0,3,7,1520,0,47.7292,-122.343,1500,1245,2540,2745,1520,15,15
3,2.75,1990,31200,1,0,0,3,8,1990,0,47.5544,-122.035,3120,29625,33190,32745,1990,29,29
4,2.5,2410,7517,2,0,0,3,8,2410,0,47.4388,-122.142,2420,8095,9927,10515,2410,32,32
4,2.5,2520,10850,1,0,0,4,8,1680,840,47.7751,-122.284,2590,10800,13370,13390,2520,46,46
3,2.5,1920,12244,2,0,0,3,7,1920,0,47.7256,-121.97,1920,11859,14164,13779,1920,16,16
3,2.5,1620,1173,3,0,4,3,8,1470,150,47.6681,-122.355,1620,1505,2793,3125,1620,6,6
4,1.75,2060,26036,1,0,0,4,8,1160,900,47.4444,-122.351,2590,21891,28096,24481,2060,67,67
2,1,1130,5413,1,0,0,3,7,880,250,47.6971,-122.315,1250,5413,6543,6663,1130,75,75
2,1,800,8775,1,0,0,3,6,800,0,47.7171,-122.307,1470,8976,9575,10446,800,72,72
4,2.5,2700,5150,2,0,0,3,9,2700,0,47.5071,-122.148,3160,7620,7850,10780,2700,7,7
3,2.25,1570,43350,1,0,3,4,7,1570,0,47.2377,-122.016,1570,220849,44920,222419,1570,47,47
4,2.75,3160,8097,2,0,0,3,9,3160,0,47.6709,-122.166,2200,8097,11257,10297,3160,0,0
2,1,1140,5650,1,0,1,3,6,980,160,47.5634,-122.391,1220,5700,6790,6920,1140,94,94
4,3.25,4140,46173,2,0,0,3,9,4140,0,47.7647,-122.213,2060,43103,50313,45163,4140,7,7
3,1,950,4500,1,0,0,4,6,950,0,47.5273,-122.265,1140,4500,5450,5640,950,72,72
4,1,1140,13440,1,0,0,2,5,1140,0,47.4619,-122.344,1450,7560,14580,9010,1140,71,71
6,3,2530,9000,1,0,0,3,6,2530,0,47.6716,-122.199,1886,6000,11530,7886,2530,36,36
3,1.75,1580,14400,1,0,0,4,7,1580,0,47.2598,-122.281,1480,9600,15980,11080,1580,34,34
5,2,2280,5750,1,0,0,4,8,1140,1140,47.5672,-122.39,1780,5750,8030,7530,2280,64,64
3,1,1130,7800,1,0,0,3,7,1130,0,47.5239,-122.288,1170,7800,8930,8970,1130,63,63
2,1,990,57499,1,0,0,2,6,990,0,47.4145,-122.463,2090,27442,58489,29532,990,65,65
1,1,1110,5421,1,0,0,3,6,1110,0,47.7322,-122.359,1230,8100,6531,9330,1110,79,79
3,1,1170,1105,1,0,0,3,7,1170,0,47.5448,-122.375,1380,1399,2275,2779,1170,49,49
4,2.5,3520,8095,2,0,0,3,9,3520,0,47.7065,-122.109,2460,4676,11615,7136,3520,9,9
3,1.75,1440,4000,1,0,0,4,7,1050,390,47.5329,-122.354,1560,4000,5440,5560,1440,35,35
3,1.75,1410,1899,2,0,0,3,8,1410,0,47.5171,-122.347,1410,1811,3309,3221,1410,0,0
4,2.5,2920,9904,2,0,0,4,9,2920,0,47.5759,-121.995,1810,5617,12824,7427,2920,24,24
2,1.75,1530,4387,1,0,0,3,8,1020,510,47.6726,-122.264,1870,5029,5917,6899,1530,63,63
4,1,1460,7200,1,0,0,4,7,1460,0,47.7602,-122.306,1690,7357,8660,9047,1460,59,59
3,1.75,1496,1423,2,0,0,3,8,1248,248,47.715,-122.355,1460,1423,2919,2883,1496,9,9
5,3.25,2680,3011,2,0,0,3,9,1870,810,47.6115,-122.287,3440,5165,5691,8605,2680,104,0
3,1.75,1530,9800,1,0,0,5,8,1530,0,47.7655,-122.336,1660,9800,11330,11460,1530,56,56
3,1,1870,2807,1,0,0,4,7,1580,290,47.6674,-122.358,1640,4500,4677,6140,1870,87,87
3,2,1490,3880,1,0,0,3,7,1490,0,47.662,-122.363,1490,3880,5370,5370,1490,56,56
5,4,4280,11307,2,0,0,3,10,2710,1570,47.5503,-122.081,3080,11307,15587,14387,4280,18,18
3,2.25,2160,15360,1,0,0,3,8,1410,750,47.6232,-122.138,2180,8480,17520,10660,2160,49,14
4,3.25,3420,5012,2,0,0,3,10,2330,1090,47.732,-121.982,2320,5465,8432,7785,3420,6,6
4,1.5,1470,5100,1,0,0,3,7,1470,0,47.6769,-122.381,1470,5100,6570,6570,1470,68,68
3,1,960,12745,1,0,0,4,6,960,0,47.3617,-122.03,1160,10488,13705,11648,960,38,38
3,1,1240,4800,1,0,0,3,7,800,440,47.6563,-122.353,1440,4800,6040,6240,1240,63,63
3,1.5,1940,9887,1,0,0,4,7,1140,800,47.3289,-122.327,1410,9936,11827,11346,1940,45,45
4,3.75,4060,19290,2,0,0,3,10,4060,0,47.6051,-122.053,4020,13250,23350,17270,4060,12,12
3,1,840,12091,1,0,0,3,6,840,0,47.3281,-122.343,840,9324,12931,10164,840,56,56
3,2.25,1490,9414,2,0,0,3,7,1490,0,47.6844,-122.113,1290,10125,10904,11415,1490,34,34
4,2.5,3120,8792,2,0,0,4,9,3120,0,47.5699,-121.993,2150,7688,11912,9838,3120,23,23
3,2.25,1980,8775,1,0,0,3,7,1290,690,47.7753,-122.359,1550,9240,10755,10790,1980,55,55
3,1.75,1760,11371,1,0,0,5,8,1760,0,47.7616,-122.273,2220,19884,13131,22104,1760,55,55
3,1.5,1255,1374,3,0,0,3,7,1255,0,47.7145,-122.311,1307,1232,2629,2539,1255,10,10
3,2.25,1420,1230,2,0,0,3,8,940,480,47.5703,-122.288,1400,1230,2650,2630,1420,6,6
4,2.5,3020,36893,2,0,0,3,9,3020,0,47.768,-122.092,3020,36444,39913,39464,3020,29,8
3,1,1380,5400,1,0,0,4,7,1380,0,47.7134,-122.288,1190,6075,6780,7265,1380,60,60
4,2.25,2570,11070,2,0,0,4,8,2570,0,47.4507,-122.152,2210,9600,13640,11810,2570,49,49
3,2.75,2600,12860,1,0,0,3,7,1350,1250,47.695,-121.918,2260,12954,15460,15214,2600,49,49
3,3.5,3680,11491,2,0,2,3,11,3680,0,47.5647,-122.128,3710,10030,15171,13740,3680,15,15
3,2.5,2340,35021,1,0,0,3,9,2340,0,47.3988,-122.028,2630,35190,37361,37820,2340,28,28
5,2,1680,3240,1,0,0,3,5,840,840,47.5965,-122.311,1380,1260,4920,2640,1680,109,109
4,2.5,2060,8451,2,0,0,3,8,2060,0,47.7168,-122.333,2060,9460,10511,11520,2060,19,19
3,2.75,1850,8820,2,0,0,4,8,1850,0,47.1928,-122.01,1850,8651,10670,10501,1850,21,21
1,2,1150,9812,1,0,0,4,7,1150,0,47.2951,-122.284,1200,9812,10962,11012,1150,52,52
6,1.5,2550,33740,1,0,0,4,8,1750,800,47.3222,-122.362,2010,28200,36290,30210,2550,56,56
3,2,1270,3600,1,0,0,3,7,1270,0,47.6099,-122.297,1660,3600,4870,5260,1270,51,51
3,3.25,1470,1152,3,0,0,3,8,1470,0,47.6516,-122.337,1470,1506,2622,2976,1470,11,11
2,1,840,3522,1,0,0,3,6,840,0,47.6575,-122.395,1390,4800,4362,6190,840,67,67
4,2.5,1811,4381,2,0,0,3,8,1811,0,47.454,-122.19,1811,4150,6192,5961,1811,7,7
5,4,2710,2800,3,0,0,3,10,2380,330,47.6346,-122.364,1530,3600,5510,5130,2710,40,6
5,3.5,2950,7980,2,0,3,3,9,2350,600,47.5339,-121.858,2950,7980,10930,10930,2950,9,9
2,1,770,8150,1,0,0,3,6,770,0,47.5324,-122.275,1140,8550,8920,9690,770,63,63
3,1.75,1300,8099,1,0,0,4,7,1080,220,47.5026,-122.172,1270,8099,9399,9369,1300,38,38
3,2,1760,5000,1,0,0,5,7,960,800,47.6408,-122.403,1380,5000,6760,6380,1760,94,94
3,2.25,1440,6443,2,0,0,3,7,1440,0,47.7471,-121.979,1700,6749,7883,8449,1440,19,19
3,1,1310,9529,1,0,0,3,7,1310,0,47.4105,-122.295,1330,9529,10839,10859,1310,58,58
4,1.75,2950,9025,1,0,2,4,8,1780,1170,47.7128,-122.223,2120,9600,11975,11720,2950,40,40
3,2.25,1620,7350,1,0,0,3,7,1170,450,47.7248,-122.179,1800,7350,8970,9150,1620,46,46
2,1.5,2130,35679,1,0,0,4,7,2130,0,47.6638,-122.171,2670,35679,37809,38349,2130,52,52
2,2.5,1590,1485,2,0,0,3,8,1300,290,47.6375,-122.387,1880,3675,3075,5555,1590,20,20
3,2,2550,4794,2,0,0,3,9,2550,0,47.6955,-122.29,1630,5100,7344,6730,2550,7,7
4,3.25,2800,5291,2,0,0,3,7,2800,0,47.1937,-121.977,2380,5291,8091,7671,2800,3,3
2,2.5,2170,7665,1,0,2,3,8,2170,0,47.7112,-122.019,2300,7100,9835,9400,2170,2,2
3,2.5,1750,7208,2,0,0,3,8,1750,0,47.4315,-122.192,2050,7524,8958,9574,1750,20,20
4,2.25,3490,8400,1,0,0,4,8,3490,0,47.4513,-122.128,2320,8723,11890,11043,3490,39,39
3,3.25,1310,1072,2,0,0,3,8,1060,250,47.6744,-122.374,1160,1266,2382,2426,1310,7,7
4,2.5,3780,23623,2,0,0,3,9,3780,0,47.559,-122.118,3370,10210,27403,13580,3780,17,17
3,2.5,2060,4200,2,0,0,3,8,2060,0,47.3706,-122.018,2370,4200,6260,6570,2060,0,0
3,3.25,2950,4446,2,0,0,3,9,2450,500,47.5852,-122.391,1930,4255,7396,6185,2950,13,13
3,2.25,2860,8458,2,0,0,3,7,2860,0,47.4269,-122.148,1760,8458,11318,10218,2860,32,32
4,1.5,1690,11054,1,0,0,4,5,1690,0,47.4667,-122.215,1690,9040,12744,10730,1690,84,84
3,1.5,1860,17640,1,0,0,4,7,1860,0,47.484,-122.111,1860,17820,19500,19680,1860,48,48
3,2.25,1270,2790,1,0,0,3,7,990,280,47.6581,-122.396,1920,4000,4060,5920,1270,44,44
5,2.25,2060,9000,1,0,0,4,7,1320,740,47.6122,-122.137,2050,8800,11060,10850,2060,53,53
2,1.75,1460,10500,1,0,0,3,7,1460,0,47.4461,-121.768,1340,9600,11960,10940,1460,35,35
3,1,1690,20063,1,0,0,4,7,1690,0,47.3556,-122.294,1700,15899,21753,17599,1690,102,102
3,2.25,1530,3056,2,0,0,3,7,1530,0,47.6817,-122.035,1560,3064,4586,4624,1530,12,12
4,2.25,1740,9600,1,0,2,3,7,1160,580,47.432,-122.276,1630,9600,11340,11230,1740,57,57
2,1,1130,6908,1,0,0,3,6,1130,0,47.745,-122.313,1150,6908,8038,8058,1130,70,70
4,2.5,2550,7500,1,0,0,3,8,1750,800,47.3165,-122.386,2260,8800,10050,11060,2550,38,38
5,1,1120,9022,1,0,0,4,7,1120,0,47.7296,-122.24,1310,7500,10142,8810,1120,52,52
3,2.25,2200,8750,1,0,0,4,7,1120,1080,47.476,-122.337,1460,10139,10950,11599,2200,51,51
3,1.5,2390,4000,1,0,0,3,9,1690,700,47.6604,-122.28,2350,4000,6390,6350,2390,78,78
5,2.5,2732,9500,1,0,2,4,8,1870,862,47.3436,-122.323,2720,10000,12232,12720,2732,39,39
4,2.5,2420,5244,2,0,0,3,9,2420,0,47.4729,-122.35,1400,5250,7664,6650,2420,8,8
3,1,1150,5100,2,0,0,3,8,1150,0,47.5349,-122.384,1440,5100,6250,6540,1150,103,9
4,3.25,4030,57499,2,0,0,3,9,4030,0,47.6617,-122.026,3470,57499,61529,60969,4030,12,12
4,2.25,2500,10062,1,0,0,3,8,1600,900,47.639,-122.1,2500,9750,12562,12250,2500,39,39
2,1.5,1070,937,3,0,0,3,8,1070,0,47.6761,-122.3,1100,3200,2007,4300,1070,11,11
4,2.25,1900,7200,1,0,0,3,8,1370,530,47.5033,-122.372,2030,8008,9100,10038,1900,37,37
3,2.5,2120,2374,2,0,0,3,8,1770,350,47.674,-122.142,2480,3043,4494,5523,2120,9,9
5,2.5,2510,10240,1,0,0,4,8,1410,1100,47.4732,-122.141,2170,10500,12750,12670,2510,31,31
4,2.5,3810,7728,2,0,0,3,9,3810,0,47.5925,-122.058,3290,7728,11538,11018,3810,8,8
4,3.25,2830,4000,2,0,0,3,9,1910,920,47.5845,-122.291,2740,4000,6830,6740,2830,102,2
3,1.75,1420,1361,2,0,0,3,7,960,460,47.5684,-122.314,1340,1343,2781,2683,1420,0,0
3,1.5,2120,41325,1,0,0,4,7,1420,700,47.2906,-122.055,1780,42000,43445,43780,2120,42,42
4,3,3600,9687,2,0,0,4,9,3600,0,47.6257,-122.208,2620,10400,13287,13020,3600,55,19
3,1.75,1260,8400,1,0,0,3,7,1260,0,47.4366,-122.335,1290,8750,9660,10040,1260,60,60
4,2.25,2500,8500,2,0,0,4,8,2500,0,47.5569,-122.151,2470,9100,11000,11570,2500,35,35
3,1.75,710,5050,1,0,0,4,6,710,0,47.5194,-122.375,900,5050,5760,5950,710,64,64
5,4.5,4850,10584,2,1,4,3,10,3540,1310,47.5943,-122.11,3470,18270,15434,21740,4850,8,8
3,1.75,1900,6334,1,0,2,3,8,1450,450,47.6675,-122.276,1530,6334,8234,7864,1900,66,66
2,1,900,4800,1,0,0,4,6,780,120,47.6575,-122.4,1270,5520,5700,6790,900,71,71
3,2.5,1770,1235,3,0,0,3,8,1600,170,47.6965,-122.342,1680,1203,3005,2883,1770,7,7
3,1.75,2080,87991,1,0,0,3,6,1040,1040,47.6724,-121.865,2080,84300,90071,86380,2080,44,44
3,1.75,1350,7588,1,0,0,3,7,1350,0,47.3123,-122.023,1470,7341,8938,8811,1350,21,21
3,1,2430,10720,1,0,0,3,7,2430,0,47.4895,-121.787,1660,11560,13150,13220,2430,38,38
4,2.5,2740,5700,2,0,0,3,9,2740,0,47.3535,-122.026,3010,5281,8440,8291,2740,8,8
3,2.5,2460,10300,1,0,0,3,10,2460,0,47.6999,-122.391,2410,5250,12760,7660,2460,22,22
2,1,1040,7538,1,0,0,4,7,1040,0,47.7107,-122.352,1440,7530,8578,8970,1040,76,76
3,3,1790,2003,2,0,0,3,7,1480,310,47.5421,-122.321,1220,4000,3793,5220,1790,8,8
4,2.5,2413,5701,2,0,0,3,8,2413,0,47.3731,-122.159,2380,5725,8114,8105,2413,1,1
3,1,1330,77972,1,0,0,3,7,1330,0,47.6891,-122.159,1340,17689,79302,19029,1330,86,60
3,2.75,1420,955,2,0,0,3,8,1160,260,47.5477,-122.003,1420,955,2375,2375,1420,10,10
3,1.75,1480,8163,1,0,0,3,7,1040,440,47.638,-122.206,2170,11124,9643,13294,1480,62,62
2,1,950,3090,1,0,0,4,6,950,0,47.551,-122.276,1230,4120,4040,5350,950,105,105
3,2.5,1740,3043,2,0,0,3,7,1740,0,47.744,-122.181,1920,2869,4783,4789,1740,2,2
3,1.75,1720,9342,1,0,0,4,7,1140,580,47.3177,-122.182,1330,7540,11062,8870,1720,33,33
3,1.5,2210,6300,1,0,0,5,8,2210,0,47.5892,-122.29,2700,6300,8510,9000,2210,98,98
2,1,860,6510,1,0,0,3,7,860,0,47.6021,-122.202,1740,10800,7370,12540,860,63,63
4,2.5,2350,3800,2,0,0,3,8,2350,0,47.4783,-122.123,2670,4180,6150,6850,2350,0,0
4,1,1540,9541,1,0,0,4,7,1540,0,47.7104,-122.213,1290,9541,11081,10831,1540,53,53
4,2.5,2320,9264,2,0,0,3,8,2320,0,47.4449,-122.274,2320,9129,11584,11449,2320,21,21
4,3.5,3130,52322,2,0,0,3,9,2430,700,47.5932,-122.159,3200,5820,55452,9020,3130,3,3
3,1,1180,7669,1,0,0,4,7,1180,0,47.4479,-122.176,1190,7669,8849,8859,1180,47,47
3,2.5,2660,4975,2,0,0,3,8,2660,0,47.5487,-122.272,1840,6653,7635,8493,2660,0,0
3,1.75,1050,9871,1,0,0,5,7,1050,0,47.3816,-122.087,1300,10794,10921,12094,1050,46,46
4,1.5,1780,3120,1,0,3,3,8,1780,0,47.5589,-122.264,1710,3600,4900,5310,1780,89,89
3,2.5,2150,9375,1,0,0,3,8,1550,600,47.4578,-122.274,1950,9100,11525,11050,2150,47,47
4,1,1330,9729,1,0,0,3,6,1330,0,47.6223,-122.208,2920,10353,11059,13273,1330,63,63
5,3,2980,10064,1,0,0,3,7,1680,1300,47.7372,-122.316,1590,7800,13044,9390,2980,75,75
4,2.25,2620,98881,1,0,0,3,7,1820,800,47.4662,-122.453,1728,95832,101501,97560,2620,63,63
2,1,1500,6685,1,0,0,3,7,1190,310,47.7186,-122.354,1420,6561,8185,7981,1500,88,88
4,3,1810,5012,2,0,0,4,7,1810,0,47.5691,-122.292,1670,5161,6822,6831,1810,17,17
2,1,1570,125452,1,0,3,4,7,1570,0,47.2077,-122.016,1660,46119,127022,47779,1570,61,61
4,2.5,2290,5515,2,0,0,3,8,2290,0,47.5518,-122.357,1380,5515,7805,6895,2290,8,8
5,2,2330,6783,1,0,0,3,7,1310,1020,47.6955,-122.295,1930,6783,9113,8713,2330,58,58
6,5,2850,6600,2,0,0,3,7,2850,0,47.6813,-122.187,1870,9900,9450,11770,2850,21,21
4,2.25,3220,7700,2,0,0,4,8,3220,0,47.3188,-122.38,2570,7700,10920,10270,3220,38,38
4,2.5,1960,7230,2,0,0,3,8,1960,0,47.2855,-122.36,1850,7208,9190,9058,1960,12,12
6,2,1870,6969,1,0,0,4,7,1870,0,47.5342,-122.036,1500,6969,8839,8469,1870,46,46
4,2.5,2420,4500,2,0,0,3,7,2420,0,47.6874,-122.037,2280,4500,6920,6780,2420,13,13
3,1,1040,4240,1,0,0,4,7,860,180,47.6768,-122.367,1170,4240,5280,5410,1040,90,90
4,2.5,2340,13445,2,0,0,3,8,2340,0,47.374,-122.125,2340,11188,15785,13528,2340,24,24
3,1.75,1680,4800,1,0,0,4,7,1400,280,47.5535,-122.377,1540,5000,6480,6540,1680,54,54
3,1,1000,12070,1,0,0,4,7,1000,0,47.3621,-122.11,1010,12635,13070,13645,1000,46,46
3,3.5,2540,10578,2,0,1,3,9,2010,530,47.547,-122.192,3240,9831,13118,13071,2540,1,1
3,1.75,1500,19113,1,0,0,3,7,1500,0,47.6976,-121.916,1820,18151,20613,19971,1500,30,30
4,2.5,2960,223462,2,0,0,3,10,2960,0,47.3646,-122.211,2770,16482,226422,19252,2960,14,14
3,2.5,1070,1089,2,0,0,3,7,900,170,47.5902,-122.387,1450,1437,2159,2887,1070,6,6
4,2.25,2620,17366,1,0,3,3,9,1430,1190,47.584,-122.077,2620,15335,19986,17955,2620,31,31
3,2.5,1980,4500,2,0,0,3,7,1980,0,47.3682,-122.117,1980,4500,6480,6480,1980,2,2
4,1.75,2260,41236,1,0,0,4,8,1690,570,47.5528,-122.034,3080,30240,43496,33320,2260,53,53
4,2.25,1920,3225,1,0,0,5,7,1300,620,47.5848,-122.384,1960,3750,5145,5710,1920,91,91
4,3,2160,5200,1,0,0,3,7,1320,840,47.3627,-122.091,1460,5144,7360,6604,2160,36,36
2,1,1700,3040,1,0,0,3,8,1460,240,47.6442,-122.369,1620,3230,4740,4850,1700,101,101
4,2,1680,2600,1,0,0,5,7,840,840,47.6648,-122.363,1680,3340,4280,5020,1680,99,99
5,2.5,2850,209523,1,0,0,4,7,1930,920,47.3939,-122.089,2220,209523,212373,211743,2850,89,46
4,2.5,1640,6000,2,0,0,3,7,1640,0,47.559,-122.365,1640,4800,7640,6440,1640,4,4
3,1,1030,24750,1,0,2,3,5,1030,0,47.3343,-122.362,2810,28800,25780,31610,1030,72,72
3,2.75,2490,3600,2,0,0,3,8,2290,200,47.6098,-122.292,1880,3600,6090,5480,2490,109,109
2,1,900,4500,1,0,0,3,7,900,0,47.5273,-122.265,1175,5320,5400,6495,900,64,64
4,1.5,1600,6180,1,0,0,3,6,1600,0,47.5681,-122.285,1410,6180,7780,7590,1600,68,68
3,2,1290,7952,1,0,0,3,7,1290,0,47.3867,-122.19,1670,7280,9242,8950,1290,16,16
3,2.5,1909,1300,3,0,0,3,8,1766,143,47.6538,-122.352,1780,1248,3209,3028,1909,8,8
4,2.25,2000,9000,1,0,0,4,8,2000,0,47.3125,-122.387,2190,8374,11000,10564,2000,36,36
3,1.75,1000,8268,1,0,0,3,6,1000,0,47.7417,-122.172,1220,7800,9268,9020,1000,46,46
3,1.75,2230,13529,1,0,0,3,9,2230,0,47.6204,-122.217,2230,11900,15759,14130,2230,66,66
4,2.75,3120,34040,2,0,0,3,9,3120,0,47.3431,-122.03,2420,25201,37160,27621,3120,18,18
3,2.75,3940,9671,1,0,4,5,9,2140,1800,47.5654,-122.158,3390,9360,13611,12750,3940,47,47
4,2.5,2030,3974,2,0,0,3,8,2030,0,47.5692,-122.006,1780,3953,6004,5733,2030,20,20
4,2.5,2370,30378,2,0,0,3,8,2370,0,47.3389,-122.066,2870,34834,32748,37704,2370,19,19
4,2.5,3172,5033,2,0,0,3,8,3172,0,47.2961,-122.348,2704,5232,8205,7936,3172,0,0
3,1,1300,8266,1,0,0,4,7,1300,0,47.6337,-122.199,1300,8707,9566,10007,1300,61,61
2,1.75,2090,11317,1,0,0,5,7,1090,1000,47.4594,-122.279,1940,11317,13407,13257,2090,83,83
3,2,2560,216777,1,0,0,3,8,2560,0,47.295,-122.086,2360,108463,219337,110823,2560,28,28
5,2.25,2660,8400,1,0,0,5,7,2660,0,47.2909,-122.189,1590,8165,11060,9755,2660,53,53
3,2.5,3020,12184,2,0,0,3,8,3020,0,47.744,-121.976,2980,10029,15204,13009,3020,12,12
3,2.5,2210,70567,2,0,3,3,9,2210,0,47.6087,-121.895,2000,73616,72777,75616,2210,19,19
4,2.75,1500,7036,1,0,0,3,7,1060,440,47.3665,-122.276,1620,7200,8536,8820,1500,35,35
3,1.75,2040,81021,1,0,0,3,8,2040,0,47.6536,-122.045,2260,39280,83061,41540,2040,34,34
3,2.5,2090,8505,2,0,0,3,8,2090,0,47.7195,-122.371,1640,8100,10595,9740,2090,63,37
3,2,1350,11150,1,0,0,3,7,1110,240,47.446,-121.776,1290,10043,12500,11333,1350,19,19
3,2,2660,257875,1,0,2,4,8,1530,1130,47.553,-121.887,1710,64033,260535,65743,2660,39,39
4,2,2130,9579,1,0,0,4,7,1250,880,47.3069,-122.271,1590,9800,11709,11390,2130,47,47
3,1.5,1500,10200,1,0,0,3,8,1300,200,47.7598,-122.359,1950,9500,11700,11450,1500,60,60
4,2.5,2650,5880,2,0,0,3,9,2650,0,47.3509,-122.165,2610,6490,8530,9100,2650,9,9
4,1.5,2040,10726,1,0,0,3,7,1380,660,47.772,-122.358,1610,10020,12766,11630,2040,60,60
3,1,940,9272,1,0,0,3,7,940,0,47.4353,-122.335,1270,9375,10212,10645,940,61,61
2,1,1810,10360,1,0,0,3,6,1010,800,47.5039,-122.266,1810,10360,12170,12170,1810,69,69
3,1.75,2240,5657,1,0,2,4,8,1910,330,47.6621,-122.27,2970,5657,7897,8627,2240,74,74
2,1.5,1540,6549,2,0,0,3,7,1540,0,47.7189,-122.353,1470,6552,8089,8022,1540,35,35
3,1,1110,5000,1,0,0,3,7,1110,0,47.655,-122.359,1420,5000,6110,6420,1110,68,68
4,2.25,3010,12202,1,0,0,4,9,3010,0,47.6387,-122.174,2480,10143,15212,12623,3010,56,56
2,1,970,4560,1,0,0,4,7,970,0,47.6561,-122.332,1500,4560,5530,6060,970,107,107
2,2.25,930,747,2,0,0,3,8,630,300,47.5844,-122.316,940,6000,1677,6940,930,7,7
4,2.5,1890,7867,2,0,0,3,8,1890,0,47.3788,-122.031,2250,7867,9757,10117,1890,18,18
4,2.75,2230,50094,1,0,2,4,7,1330,900,47.2576,-122.099,2230,40770,52324,43000,2230,38,38
3,1,1200,9194,1,0,0,4,7,1200,0,47.7362,-122.319,1330,8650,10394,9980,1200,63,63
2,1,840,5400,1,0,0,4,7,840,0,47.5489,-122.271,1340,5400,6240,6740,840,66,66
4,2.5,3110,11422,2,0,0,3,9,3110,0,47.6833,-122.271,2850,7254,14532,10104,3110,25,25
3,2.5,3040,4535,2,0,0,3,9,3040,0,47.51,-122.185,2670,4666,7575,7336,3040,7,7
3,1,970,4800,1,0,0,3,6,970,0,47.6212,-122.298,1500,2042,5770,3542,970,65,65
4,3.5,2640,5900,2,0,2,3,8,2640,0,47.5421,-122.383,1700,5900,8540,7600,2640,77,16
3,2.25,1760,8287,1,0,0,3,7,1160,600,47.4501,-122.274,1290,9587,10047,10877,1760,28,28
3,1.5,1460,5040,1,0,0,3,7,1100,360,47.7112,-122.357,2330,7560,6500,9890,1460,44,44
3,2,1440,7008,1,0,0,3,7,1440,0,47.3702,-122.182,1680,7200,8448,8880,1440,30,30
4,2.75,4230,31747,2,0,0,4,10,4230,0,47.731,-122.132,4080,35576,35977,39656,4230,29,29
4,1.75,1620,10530,1,0,0,3,7,1620,0,47.3808,-122.211,1890,9975,12150,11865,1620,47,47
6,3.25,3560,107362,1,0,0,4,8,2760,800,47.6356,-122.15,3210,35001,110922,38211,3560,51,51
2,1,1100,4160,1,0,0,3,7,1100,0,47.6352,-122.352,1900,4000,5260,5900,1100,95,95
3,1.75,2040,11294,1,0,0,4,7,1340,700,47.5923,-122.197,2120,9587,13334,11707,2040,62,62
3,2.5,2830,5802,2,0,0,3,9,2830,0,47.7605,-122.234,2500,5788,8632,8288,2830,13,13
4,2.5,2080,4080,1,0,0,5,7,1040,1040,47.572,-122.29,1340,4080,6160,5420,2080,52,52
4,2,1650,3504,1,0,0,3,7,760,890,47.5803,-122.294,1480,3504,5154,4984,1650,64,2
2,1.5,1010,2102,2,0,0,3,7,1010,0,47.6374,-122.375,1480,2632,3112,4112,1010,30,30
3,3.5,3760,5634,2,1,4,3,11,2830,930,47.5285,-122.205,3560,5762,9394,9322,3760,0,0
2,1,1440,33747,1,0,0,3,7,1440,0,47.7223,-122.209,1980,8400,35187,10380,1440,87,87
3,1.5,1250,4000,1,0,0,3,7,1250,0,47.6916,-122.379,1030,4000,5250,5030,1250,59,59
3,2.25,1940,11612,1,0,0,4,8,1100,840,47.5018,-122.23,2180,8954,13552,11134,1940,33,33
4,2.5,2240,4447,2,0,0,3,7,2240,0,47.4868,-122.159,2000,3800,6687,5800,2240,9,9
4,2.5,1750,11381,1,0,0,4,7,1610,140,47.7425,-122.321,1080,11375,13131,12455,1750,67,67
4,3.25,4030,36762,2,0,0,3,11,4030,0,47.7235,-122.039,4090,40371,40792,44461,4030,26,26
3,2.25,2430,8327,1,0,0,4,9,1430,1000,47.5534,-122.16,2550,10427,10757,12977,2430,36,36
3,2.75,3010,206910,2,0,2,3,10,3010,0,47.4881,-121.721,1580,120675,209920,122255,3010,13,13
4,2.5,1830,6360,2,0,0,3,8,1830,0,47.4184,-122.18,1830,6596,8190,8426,1830,21,21
4,1.75,2510,7440,1,0,2,4,8,1290,1220,47.3748,-122.276,1790,8000,9950,9790,2510,52,52
4,2.5,2350,7203,2,0,0,3,8,2350,0,47.5123,-122.151,2260,7274,9553,9534,2350,25,25
4,2.5,2270,5000,2,0,0,3,9,2270,0,47.6916,-122.37,1210,5000,7270,6210,2270,0,0
3,2.5,3160,13603,2,0,0,3,8,3160,0,47.7443,-121.977,3050,9232,16763,12282,3160,11,11
3,3.5,2710,3475,2,0,0,3,8,1650,1060,47.5359,-122.072,2440,2867,6185,5307,2710,9,9
2,1,700,4800,1,0,0,3,7,700,0,47.6147,-122.3,1440,4800,5500,6240,700,93,93
2,2,1170,1890,1,0,1,4,8,1170,0,47.6402,-122.371,2160,4000,3060,6160,1170,87,87
1,1,710,4000,1,0,0,4,6,610,100,47.6562,-122.354,1440,4500,4710,5940,710,87,87
3,2.5,2790,31798,1,0,0,5,8,1650,1140,47.5241,-122.039,1400,14849,34588,16249,2790,61,61
4,2.5,3260,5608,2,0,0,3,9,3260,0,47.5453,-121.995,3010,5608,8868,8618,3260,12,12
2,1.75,1000,5100,1,0,0,3,6,940,60,47.6787,-122.391,1900,5100,6100,7000,1000,108,108
4,2.5,3180,5438,2,0,0,3,9,3180,0,47.5416,-121.864,3030,5335,8618,8365,3180,12,12
3,2.25,1920,7738,1,0,0,3,8,1520,400,47.4562,-122.33,2170,8452,9658,10622,1920,49,49
4,2.5,2400,9612,1,0,0,3,8,1230,1170,47.4799,-122.127,2430,5539,12012,7969,2400,53,6
2,1.75,2330,10143,1,0,2,4,7,1220,1110,47.4899,-122.359,2560,9750,12473,12310,2330,61,61
2,1,700,5200,1,0,0,5,5,700,0,47.4924,-122.174,970,5200,5900,6170,700,62,62
3,2.5,2680,87117,1,0,0,3,7,1340,1340,47.5646,-121.935,2580,87117,89797,89697,2680,25,25
3,1.75,1210,4400,1,0,0,4,8,1210,0,47.6621,-122.288,2020,3750,5610,5770,1210,85,85
3,1,840,8470,1,0,0,4,6,840,0,47.3275,-122.338,840,8450,9310,9290,840,53,53
2,1,990,57499,1,0,0,2,6,990,0,47.4145,-122.463,2090,27442,58489,29532,990,66,66
4,2.5,1900,5790,2,0,0,3,8,1900,0,47.5691,-121.996,2030,5790,7690,7820,1900,20,20
2,1,730,5040,1,0,0,3,6,730,0,47.5387,-122.374,790,5040,5770,5830,730,87,87
3,2,1290,7372,1,0,0,5,7,1290,0,47.3658,-122.085,1290,7366,8662,8656,1290,24,24
3,1,1190,11120,1,0,0,3,6,1190,0,47.5687,-121.898,1230,12720,12310,13950,1190,67,67
3,2.5,1690,10592,1,0,0,3,8,1690,0,47.58,-122.231,2260,9945,12282,12205,1690,42,6
5,1.75,2250,8970,1,0,0,4,7,1500,750,47.7217,-122.188,1940,8710,11220,10650,2250,49,49
2,1,710,9900,1,0,0,3,6,710,0,47.479,-122.339,1070,9900,10610,10970,710,71,71
4,2.25,1840,7575,1,0,0,4,7,1390,450,47.7328,-122.198,1820,7500,9415,9320,1840,41,41
4,2.5,2230,5970,2,0,0,4,7,2230,0,47.3745,-122.131,1970,4919,8200,6889,2230,12,12
4,2.5,3150,7277,2,0,0,3,9,3150,0,47.5159,-122.202,3030,8643,10427,11673,3150,8,8
4,1.75,2210,6375,1,0,0,3,8,1640,570,47.3268,-122.328,2070,7210,8585,9280,2210,37,37
3,1.5,1510,6600,1,0,0,3,6,1510,0,47.4821,-122.331,990,6600,8110,7590,1510,76,76
4,1.75,1200,7680,1,0,0,3,7,1200,0,47.3138,-122.192,1490,7800,8880,9290,1200,46,46
3,1.75,1470,9750,1,0,0,4,7,1470,0,47.6975,-122.12,1800,9600,11220,11400,1470,37,37
4,3.5,3560,4951,2,0,0,3,9,3560,0,47.6178,-122.055,3540,5500,8511,9040,3560,0,0
3,1.5,1440,28516,1,0,0,4,7,1440,0,47.5829,-122.005,2080,27049,29956,29129,1440,39,39
4,2.5,2470,4945,2,0,0,3,8,2470,0,47.6898,-122.015,2510,4988,7415,7498,2470,2,2
2,1,1380,4390,1,0,0,4,8,880,500,47.6947,-122.323,1390,5234,5770,6624,1380,83,83
4,3.25,3830,8331,2,0,0,3,9,3830,0,47.6906,-122.019,4080,8425,12161,12505,3830,0,0
4,3.75,2810,10840,2,0,2,4,8,2070,740,47.4861,-121.804,2370,11248,13650,13618,2810,20,20
3,2,2380,17950,2,0,0,4,8,2110,270,47.7591,-122.28,2030,23900,20330,25930,2380,80,80
2,2.75,1370,1140,2,0,0,3,8,1080,290,47.7052,-122.343,1370,1090,2510,2460,1370,6,6
3,1,1600,16868,1,0,1,3,7,990,610,47.5872,-122.241,2600,12735,18468,15335,1600,68,68
4,2.5,1930,14196,1,0,0,4,7,1330,600,47.7407,-122.097,1470,12852,16126,14322,1930,38,38
4,2,2730,12000,1,0,0,4,8,1410,1320,47.7733,-122.271,2730,9039,14730,11769,2730,16,16
4,1.75,2190,9400,1,0,0,4,7,1450,740,47.6531,-122.196,1980,9000,11590,10980,2190,52,52
5,1,1740,27350,1,0,0,4,5,1740,0,47.4809,-122.153,2760,10749,29090,13509,1740,56,56
3,1.75,1410,8100,2,0,0,3,7,1410,0,47.3617,-122.046,1560,8100,9510,9660,1410,29,29
2,1,680,6400,1,0,0,3,6,680,0,47.5136,-122.316,1240,7800,7080,9040,680,71,71
3,1.75,2170,73616,1,0,0,3,7,2170,0,47.2881,-122.086,1710,297514,75786,299224,2170,7,7
4,1.75,1640,10500,1,0,0,4,7,1010,630,47.6933,-122.116,1680,7650,12140,9330,1640,46,46
4,1.5,1580,10230,1,0,0,3,6,790,790,47.5002,-122.246,1130,6955,11810,8085,1580,69,6
3,2,1270,3090,2,0,0,5,7,1270,0,47.685,-122.359,1440,3090,4360,4530,1270,103,103
3,2.5,2930,33981,2,0,2,3,9,2930,0,47.5151,-122.12,3720,35230,36911,38950,2930,14,14
2,1,780,13500,1,0,0,4,7,780,0,47.7383,-122.074,2200,67518,14280,69718,780,68,25
2,1.75,800,4800,1,0,0,4,6,800,0,47.5559,-122.396,1090,5000,5600,6090,800,93,93
2,2,1470,2541,2,0,0,3,6,1470,0,47.3502,-122.02,1310,2721,4011,4031,1470,9,9
6,1.75,2460,6000,1,0,0,4,7,1230,1230,47.6721,-122.323,1560,4275,8460,5835,2460,101,101
5,1.75,2850,11860,1,0,0,3,9,2850,0,47.7503,-122.28,2640,11604,14710,14244,2850,63,63
2,1.5,1280,2096,2,0,0,3,7,1080,200,47.5872,-122.308,1340,7452,3376,8792,1280,8,8
3,2.5,2150,14092,2,0,0,3,8,2150,0,47.4621,-122.129,2400,10699,16242,13099,2150,24,24
3,2.5,1425,1179,3,0,0,3,8,1425,0,47.6963,-122.318,1285,1253,2604,2538,1425,7,7
3,2.5,3680,35617,1,0,0,3,10,2390,1290,47.7213,-122.12,3570,35633,39297,39203,3680,29,29
3,2.5,2432,9391,2,0,2,3,9,2432,0,47.3453,-122.267,2912,8932,11823,11844,2432,9,9
3,1.75,1240,13869,1,0,0,4,7,1240,0,47.6919,-122.21,1970,7790,15109,9760,1240,57,57
4,2.5,2040,11841,2,0,0,3,7,2040,0,47.3691,-122.074,1730,8808,13881,10538,2040,20,20
3,1.75,1660,8303,1,0,0,3,7,1380,280,47.4366,-122.171,1740,8320,9963,10060,1660,41,41
4,1.75,2000,5100,1,0,0,4,7,1130,870,47.6798,-122.391,1540,5100,7100,6640,2000,65,65
4,1.5,3160,19745,1,0,0,4,6,1840,1320,47.3103,-122.006,1540,8611,22905,10151,3160,47,47
4,1.75,1720,8300,1,0,0,4,8,1720,0,47.4654,-122.194,1840,8300,10020,10140,1720,50,50
4,2.25,2380,4876,2,0,0,4,9,2240,140,47.6822,-122.4,1780,4559,7256,6339,2380,66,66
3,1,810,7000,1,0,0,3,7,810,0,47.6591,-122.134,1820,7589,7810,9409,810,46,46
4,2.5,3450,39683,2,0,0,3,10,3450,0,47.342,-122.025,3350,39750,43133,43100,3450,13,13
4,2.5,2630,48706,2,0,0,3,8,2630,0,47.775,-122.125,2680,48706,51336,51386,2630,28,28
3,1.5,1270,1416,3,0,0,3,8,1270,0,47.6988,-122.317,1270,1413,2686,2683,1270,8,8
2,2.5,2270,1763,3,0,0,3,7,1820,450,47.6757,-122.121,2180,1763,4033,3943,2270,6,6
5,2.5,4600,19831,1,0,3,3,9,2300,2300,47.7608,-122.378,2890,19831,24431,22721,4600,58,0
3,2.25,1840,5752,2,0,0,3,7,1840,0,47.7042,-122.187,1670,2462,7592,4132,1840,11,11
4,2.5,2610,3500,1,0,0,5,7,1610,1000,47.6848,-122.326,1820,3900,6110,5720,2610,88,88
3,1,1230,9568,1,0,0,5,7,1230,0,47.539,-122.179,1270,9575,10798,10845,1230,52,52
2,1,950,7560,1,0,0,3,6,950,0,47.4499,-122.176,1160,7560,8510,8720,950,56,56
5,2,1750,8220,1,0,0,3,7,1750,0,47.7694,-122.321,1210,6760,9970,7970,1750,58,58
2,1,1000,3513,1,0,4,4,5,1000,0,47.5935,-122.39,1930,4920,4513,6850,1000,101,101
4,2,2040,11850,1,0,2,3,7,1020,1020,47.6891,-122.208,2040,8504,13890,10544,2040,55,55
3,2.5,1690,4102,2,0,0,3,7,1690,0,47.3552,-122.015,1830,4733,5792,6563,1690,11,11
2,1,870,7227,1,0,0,3,7,870,0,47.7288,-122.331,1250,7252,8097,8502,870,66,66
3,2.5,2160,9888,2,0,0,4,9,2160,0,47.6712,-122.142,3060,7829,12048,10889,2160,25,25
4,2.5,2040,16200,2,0,0,3,8,2040,0,47.7366,-121.958,2530,15389,18240,17919,2040,18,18
3,2.5,1520,5649,2,0,0,4,7,1520,0,47.7221,-122.162,1540,5000,7169,6540,1520,25,25
4,2.5,2000,37045,2,0,0,3,8,2000,0,47.3398,-122.071,2390,36868,39045,39258,2000,25,25
4,2.25,3130,41382,2,0,0,3,9,3130,0,47.6683,-122.034,3130,54886,44512,58016,3130,29,29
