bedrooms,bathrooms,sqft_living,sqft_lot,floors,waterfront,view,condition,grade,sqft_above,sqft_basement,lat,long,sqft_living15,sqft_lot15,l1area,l2area,l3area,yearsstand,yearsrenovated
4,1.75,2360,6000,1,0,0,3,7,1280,1080,47.6465,-122.357,1700,3460,8360,5160,2360,60,60
3,2.75,3510,92347,2,0,0,3,10,3510,0,47.3735,-122.018,2970,37070,95857,40040,3510,25,25
2,1,1020,5000,1,0,0,4,7,1020,0,47.6781,-122.363,1480,5000,6020,6480,1020,98,98
2,2.5,1410,1281,2,0,0,3,8,1090,320,47.5659,-122.37,1410,2550,2691,3960,1410,7,7
3,2.5,2010,6857,1,0,0,4,9,1450,560,47.6402,-122.314,2380,6370,8867,8750,2010,59,59
4,1.75,1970,10358,1,0,0,3,8,1540,430,47.7719,-122.255,1900,10358,12328,12258,1970,37,37
3,1,1010,7633,1,0,0,4,6,1010,0,47.3781,-122.314,1190,8386,8643,9576,1010,53,53
5,1,1810,11205,1,0,2,3,7,1810,0,47.5099,-122.262,1860,7965,13015,9825,1810,99,99
3,2.5,2000,8057,1,0,0,3,8,1360,640,47.3724,-122.107,2530,8964,10057,11494,2000,17,17
3,1,1500,3920,1,0,0,3,7,1000,500,47.6718,-122.359,1640,4017,5420,5657,1500,67,67
4,2.25,2020,5800,1,0,3,4,9,1760,260,47.6471,-122.412,3100,5800,7820,8900,2020,73,73
3,2.5,2040,3810,2,0,0,3,8,2040,0,47.3537,-122,2370,4590,5850,6960,2040,9,9
4,3.75,5850,35070,2,0,0,4,12,4410,1440,47.5485,-122.124,4830,36200,40920,41030,5850,25,25
2,1.75,1530,5000,2,0,0,4,7,1260,270,47.6755,-122.37,1470,5000,6530,6470,1530,26,26
3,2,1800,12669,1,0,0,3,7,1800,0,47.6935,-122.173,1970,9775,14469,11745,1800,58,24
4,2.5,2780,11904,1,0,1,5,8,1730,1050,47.6209,-122.216,3590,13860,14684,17450,2780,64,64
3,2,1460,9759,1,0,0,5,7,1460,0,47.6644,-122.144,1620,8421,11219,10041,1460,42,42
3,1,1570,7727,1,0,2,4,8,1270,300,47.4821,-122.192,2440,7727,9297,10167,1570,57,57
5,2.5,2410,8960,1,0,0,5,7,1600,810,47.7372,-122.2,2410,11514,11370,13924,2410,36,36
3,2.5,1710,1296,3,0,0,3,8,1510,200,47.6963,-122.342,1610,1282,3006,2892,1710,10,10
3,2,1720,10098,1,0,0,4,8,1140,580,47.6231,-122.043,1840,10098,11818,11938,1720,34,34
4,3,3180,4649,2,0,0,4,9,2070,1110,47.6583,-122.273,2720,5980,7829,8700,3180,89,89
3,2,1580,4010,1,0,0,4,7,790,790,47.6769,-122.371,1350,5350,5590,6700,1580,105,105
3,2.5,2970,11985,1,0,0,3,9,1770,1200,47.6359,-122.052,2990,12049,14955,15039,2970,19,19
3,2.5,2430,5715,2,0,0,3,7,2430,0,47.3718,-122.168,3040,5702,8145,8742,2430,16,16
1,1,970,7639,1,0,0,4,5,570,400,47.4655,-122.346,1360,7380,8609,8740,970,95,95
4,1.5,2440,8040,1,0,0,4,8,1440,1000,47.7081,-122.374,2140,7920,10480,10060,2440,64,64
2,1,1090,6771,1,0,0,3,6,1090,0,47.5185,-122.352,1200,4992,7861,6192,1090,60,60
4,1,1480,3750,1,0,0,4,7,1480,0,47.6737,-122.354,1570,3750,5230,5320,1480,103,103
2,1,828,4524,1,0,0,3,6,828,0,47.2655,-122.244,828,5402,5352,6230,828,47,8
2,1.75,1570,1108,3,0,0,3,9,1570,0,47.6215,-122.2,1940,1160,2678,3100,1570,8,8
2,1.5,1570,3600,1,0,2,4,7,1320,250,47.6366,-122.363,2140,3600,5170,5740,1570,108,108
3,1.75,1550,7820,1,0,0,4,7,1210,340,47.717,-122.163,1550,6900,9370,8450,1550,33,33
1,0.75,380,15000,1,0,0,3,5,380,0,47.481,-122.323,1170,15000,15380,16170,380,51,51
4,1.75,1250,8840,1,0,0,4,7,910,340,47.4138,-122.317,1410,8378,10090,9788,1250,35,35
3,1.5,1290,7100,1,0,0,3,6,1290,0,47.4227,-122.332,1300,7183,8390,8483,1290,60,60
3,1.75,1490,6269,1,0,0,4,6,990,500,47.4917,-122.188,1490,7722,7759,9212,1490,71,71
3,2.5,2620,6842,2,0,0,3,7,2620,0,47.6846,-122.037,2280,4800,9462,7080,2620,13,13
4,2.25,2360,15860,1,0,0,3,9,2360,0,47.6307,-122.051,2650,11798,18220,14448,2360,38,38
3,2.25,2630,9705,2,0,2,4,8,2630,0,47.6485,-122.121,2640,14284,12335,16924,2630,28,28
5,3.5,3420,6403,2,0,2,3,8,2700,720,47.5162,-121.874,2710,6038,9823,8748,3420,2,2
4,2.25,1960,10275,2,0,0,3,7,1960,0,47.6887,-122.124,1560,10275,12235,11835,1960,49,49
5,2.75,2720,4680,1,0,0,4,8,1710,1010,47.6612,-122.363,1670,4800,7400,6470,2720,102,102
2,1,1020,15000,1,0,0,3,6,1020,0,47.4956,-122.321,1480,14519,16020,15999,1020,82,82
3,1,1250,8000,1,0,0,3,7,1250,0,47.5065,-122.337,1040,6973,9250,8013,1250,59,59
5,2.75,3847,17654,1,0,2,5,9,2299,1548,47.3379,-122.322,2690,15344,21501,18034,3847,39,39
2,1.5,1050,1046,2,0,0,3,8,960,90,47.6028,-122.309,1470,1768,2096,3238,1050,7,7
3,2.75,3530,69834,2,0,0,3,10,3530,0,47.6377,-121.995,3560,74256,73364,77816,3530,20,20
3,2.25,2630,12899,2,0,0,4,9,2630,0,47.5479,-122.233,3140,15320,15529,18460,2630,49,49
5,5.5,7400,18898,2,0,3,3,13,6290,1110,47.5431,-122.112,6110,26442,26298,32552,7400,13,13
4,2.25,2360,7733,2,0,0,3,8,2360,0,47.4403,-122.137,2160,7733,10093,9893,2360,32,32
3,2,2090,5015,1,0,0,5,7,2090,0,47.6378,-122.301,1930,4250,7105,6180,2090,94,94
5,2.75,2870,6593,2,0,0,3,9,2870,0,47.7075,-122.102,3150,6593,9463,9743,2870,8,8
2,1.5,1650,7311,1,0,0,3,7,860,790,47.7772,-122.357,1660,7255,8961,8915,1650,36,36
2,2,1210,740,2,0,0,3,8,780,430,47.6206,-122.3,1480,1171,1950,2651,1210,1,1
3,2.5,1690,2752,2,0,0,3,8,1690,0,47.6332,-122.108,1690,2855,4442,4545,1690,36,36
3,1.5,1280,2114,1,0,0,3,8,1280,0,47.6174,-122.308,1540,1456,3394,2996,1280,110,110
2,1,1100,3500,1,0,0,5,7,1100,0,47.6741,-122.323,2050,4000,4600,6050,1100,106,106
2,1.5,1560,10807,1,0,0,2,7,1560,0,47.4444,-122.509,1660,196591,12367,198251,1560,65,65
3,1.5,1200,9720,1,0,0,4,7,1200,0,47.4225,-122.153,1380,10284,10920,11664,1200,49,49
4,1,1470,6061,1,0,0,3,7,1470,0,47.4819,-122.289,1230,6175,7531,7405,1470,69,69
2,1.5,1450,6258,1,0,0,4,8,1450,0,47.3785,-122.322,1460,5375,7708,6835,1450,31,31
3,1.75,1300,3844,1,0,0,3,7,1300,0,47.7024,-122.355,1290,3844,5144,5134,1300,29,29
4,2.5,2970,9072,2,0,0,3,10,2970,0,47.562,-122.114,2740,8729,12042,11469,2970,24,24
3,2,1451,7159,1,0,0,3,7,1451,0,47.3754,-122.163,2303,6126,8610,8429,1451,5,5
3,2.25,2260,17114,2,0,0,3,7,2260,0,47.7537,-122.296,2360,14893,19374,17253,2260,25,25
4,2.5,3470,32109,2,0,0,3,10,3470,0,47.7311,-122.036,3800,35181,35579,38981,3470,19,19
2,1,920,4095,1,0,0,4,6,920,0,47.5484,-122.278,1460,4945,5015,6405,920,100,100
4,2.5,3230,256132,2,0,0,3,9,3230,0,47.6544,-121.998,3080,217800,259362,220880,3230,9,9
3,2.5,2480,9041,2,0,0,3,7,2480,0,47.6797,-122.035,2480,6500,11521,8980,2480,10,10
4,1,1210,6380,1,0,0,3,7,1210,0,47.6924,-122.321,1340,6380,7590,7720,1210,78,78
3,1.75,2070,9827,1,0,0,4,7,1420,650,47.522,-122.05,2150,9827,11897,11977,2070,48,48
3,2.5,1680,1683,2,0,0,3,9,1120,560,47.6424,-122.374,1610,1249,3363,2859,1680,1,1
5,3.5,4890,12039,2,0,0,3,9,3590,1300,47.7338,-122.208,4590,10079,16929,14669,4890,0,0
5,1.75,1840,10453,1,0,2,3,8,1360,480,47.4508,-122.368,2250,11250,12293,13500,1840,66,66
6,4,5110,7128,2,0,0,4,11,5110,0,47.6285,-122.304,4110,6480,12238,10590,5110,109,109
1,1,660,3570,1,0,0,3,6,660,0,47.5659,-122.284,1520,4080,4230,5600,660,109,109
3,1.5,1900,5000,1,0,0,3,7,1640,260,47.6779,-122.294,2090,5000,6900,7090,1900,89,89
5,2.75,2060,329903,1,0,3,5,7,2060,0,47.1776,-121.944,2240,220232,331963,222472,2060,26,26
4,3.75,3600,16101,1,0,0,3,9,3600,0,47.6308,-122.287,3650,9506,19701,13156,3600,64,64
4,1,1440,8250,1,0,0,3,7,1440,0,47.4325,-122.291,1440,8466,9690,9906,1440,55,55
3,1.5,1280,9600,1,0,0,4,7,1280,0,47.6922,-122.163,1510,10005,10880,11515,1280,54,54
2,1,800,5000,1,0,0,3,7,800,0,47.6751,-122.372,1410,5000,5800,6410,800,108,108
6,3.75,4210,6105,2,0,0,3,9,3280,930,47.5211,-122.157,3820,6368,10315,10188,4210,7,7
4,2.5,2720,7043,2,0,0,3,9,2720,0,47.3315,-122.169,2640,6958,9763,9598,2720,11,11
7,3.25,4340,8521,2,0,0,3,7,2550,1790,47.52,-122.338,1890,8951,12861,10841,4340,28,28
3,2,1520,11067,1,0,0,3,7,1140,380,47.6326,-122.033,1280,11371,12587,12651,1520,31,31
2,1.5,2060,10880,1,0,0,3,6,1190,870,47.515,-122.362,1430,8781,12940,10211,2060,90,90
4,2.5,2547,4800,2,0,0,3,9,2547,0,47.2592,-122.194,2598,4800,7347,7398,2547,1,1
3,2.25,1480,7200,1,0,0,3,7,1190,290,47.3037,-122.375,1830,7200,8680,9030,1480,40,40
5,2.5,2450,5047,2,0,0,3,8,2450,0,47.7724,-122.168,2450,4478,7497,6928,2450,8,8
3,1,1040,5000,1,0,0,3,7,1040,0,47.5122,-122.358,1440,5000,6040,6440,1040,55,55
3,2,2060,7000,1,0,0,4,9,2060,0,47.5644,-122.012,2110,7000,9060,9110,2060,26,26
4,1.5,1800,10150,1,0,0,4,7,1800,0,47.7325,-122.242,1630,10660,11950,12290,1800,57,57
5,2.25,2710,19800,1,0,0,5,9,1910,800,47.5958,-122.175,2120,16400,22510,18520,2710,55,55
4,2.5,2690,32780,2,0,0,3,9,2690,0,47.6612,-121.955,2840,36555,35470,39395,2690,17,17
4,2.75,2640,5000,2,0,0,3,9,1840,800,47.6619,-122.275,2010,5000,7640,7010,2640,72,11
1,1,1140,6700,1,0,0,3,7,1140,0,47.6958,-122.357,1350,6700,7840,8050,1140,94,94
3,1.75,2050,4080,2,0,0,3,8,2050,0,47.6698,-122.325,1890,4080,6130,5970,2050,23,23
3,2.25,1413,3403,2,0,0,3,8,1413,0,47.4196,-122.193,1763,3719,4816,5482,1413,6,6
4,1,1960,3194,2,0,0,3,7,1960,0,47.6005,-122.296,1870,4200,5154,6070,1960,107,107
2,1.5,1000,5125,1,0,0,3,7,1000,0,47.6926,-122.347,1090,5100,6125,6190,1000,72,46
3,1.75,1810,8048,1,0,0,4,7,1290,520,47.4484,-122.194,1550,9081,9858,10631,1810,31,31
4,2,5461,22880,1,0,0,4,9,3265,2196,47.3557,-122.29,1940,10995,28341,12935,5461,51,51
4,2.75,2150,9163,1,0,0,3,8,1340,810,47.266,-122.307,2260,7750,11313,10010,2150,22,22
4,2,3740,32417,2,0,0,3,9,3740,0,47.6728,-122.012,3180,32417,36157,35597,3740,14,14
5,2.75,2910,36250,1,0,0,3,8,1590,1320,47.5916,-122.076,2910,37376,39160,40286,2910,37,37
3,2.5,1680,10455,2,0,0,3,8,1680,0,47.7229,-122.11,1860,10063,12135,11923,1680,33,33
3,3.5,1790,1288,3,0,0,3,8,1390,400,47.651,-122.384,1560,1426,3078,2986,1790,15,15
3,2.5,2200,7350,1,0,0,5,8,1570,630,47.4395,-122.161,2350,7557,9550,9907,2200,26,26
6,2,2610,9132,1,0,0,4,8,1320,1290,47.622,-122.14,2170,8000,11742,10170,2610,50,50
3,2.5,1626,1583,2,0,0,3,8,1419,207,47.6031,-122.309,1400,1583,3209,2983,1626,8,8
3,1,1030,15264,1,0,0,4,7,1030,0,47.5016,-122.168,1430,14840,16294,16270,1030,53,53
3,1.75,1140,8558,1,0,0,4,7,1140,0,47.7027,-122.198,1490,10530,9698,12020,1140,32,32
2,1,1300,44431,1,0,0,5,6,1300,0,47.327,-122.267,1470,14850,45731,16320,1300,56,56
4,2.25,1740,10875,1,0,0,3,8,1740,0,47.5132,-122.157,1680,10701,12615,12381,1740,47,47
3,2.25,2000,7225,2,0,0,4,7,2000,0,47.349,-122.167,1950,7464,9225,9414,2000,30,30
5,3.5,3490,9680,2,0,4,3,9,2460,1030,47.7757,-122.391,3080,13489,13170,16569,3490,34,34
3,1,1080,6250,1,0,0,2,5,1080,0,47.5045,-122.33,1070,6250,7330,7320,1080,64,64
3,2,1640,13249,1,0,0,3,7,1640,0,47.3589,-122.281,1640,9240,14889,10880,1640,19,19
4,3.5,3390,3979,2,0,0,3,9,2610,780,47.6482,-122.408,3350,4165,7369,7515,3390,0,0
2,1,960,223898,1,0,0,3,6,960,0,47.6668,-121.892,1830,230868,224858,232698,960,29,29
3,2.5,1480,15639,2,0,0,3,8,1480,0,47.4723,-121.746,1480,16454,17119,17934,1480,27,27
4,2.5,2510,47044,2,0,0,3,9,2510,0,47.7699,-122.085,2600,42612,49554,45212,2510,27,27
4,2.5,2320,4683,2,0,0,3,7,2320,0,47.3349,-122.059,2230,5750,7003,7980,2320,7,7
4,2.75,2330,14175,1,0,0,3,7,1800,530,47.4193,-122.194,1480,10125,16505,11605,2330,34,34
4,2.5,2790,45902,2,0,0,3,9,2790,0,47.7674,-122.086,2890,42421,48692,45311,2790,27,27
4,2,2450,4400,1,0,0,3,7,1450,1000,47.6414,-122.327,1890,1386,6850,3276,2450,102,35
4,2.5,3110,6930,2,0,0,3,9,3110,0,47.7011,-122.112,3090,7000,10040,10090,3110,10,10
3,1.75,1330,9831,1,0,0,3,7,1330,0,47.3304,-122.277,1330,7500,11161,8830,1330,27,27
3,2.5,2820,5001,2,0,0,3,9,2820,0,47.5533,-121.992,2660,5001,7821,7661,2820,10,10
2,1,870,3121,1,0,0,4,7,870,0,47.6659,-122.369,1570,1777,3991,3347,870,91,91
4,3.5,3350,9681,1,0,1,3,7,2140,1210,47.3978,-122.322,2580,9681,13031,12261,3350,34,34
4,1,1560,7980,1,0,0,4,7,1170,390,47.5093,-122.387,1570,7980,9540,9550,1560,76,76
4,1.75,1790,11801,1,0,0,4,8,1790,0,47.5172,-122.17,2000,12988,13591,14988,1790,41,41
3,2,1670,11337,1,0,1,4,7,1670,0,47.6602,-122.188,2210,11337,13007,13547,1670,55,55
4,3.25,2850,4100,2,0,3,3,10,1820,1030,47.6147,-122.285,2130,4200,6950,6330,2850,106,11
3,2.5,1730,4286,2,0,0,3,7,1730,0,47.432,-122.329,1780,4343,6016,6123,1730,16,16
3,2.25,2000,8030,1,0,0,4,8,1000,1000,47.6188,-122.114,2070,8250,10030,10320,2000,51,51
4,2.75,3310,50951,2,0,0,3,9,3310,0,47.7249,-122.027,3230,39340,54261,42570,3310,16,16
4,1.75,2710,11400,1,0,0,4,9,1430,1280,47.561,-122.153,2640,11000,14110,13640,2710,38,38
3,2,2250,7757,1,0,0,3,8,2250,0,47.2684,-122.308,1970,6866,10007,8836,2250,23,23
4,2.5,3020,7035,2,0,4,3,9,3020,0,47.5344,-121.874,3020,6771,10055,9791,3020,14,14
4,2.25,1950,9800,1,0,0,3,8,1330,620,47.666,-122.178,2170,9800,11750,11970,1950,46,46
2,2.5,1880,40575,1,0,0,3,9,1880,0,47.5614,-121.899,1930,32935,42455,34865,1880,28,28
4,2.5,3360,22111,2,0,0,3,10,3360,0,47.5951,-122.017,3150,11374,25471,14524,3360,20,20
5,3.25,4860,23723,2,0,2,4,11,3820,1040,47.5767,-122.215,4040,13860,28583,17900,4860,25,25
4,2.5,2380,6124,2,0,0,3,8,2380,0,47.3662,-122.175,2170,6097,8504,8267,2380,17,17
3,1.75,1480,7040,1,0,0,3,7,1480,0,47.6723,-122.169,2040,7810,8520,9850,1480,40,40
6,2.75,3600,9675,1,0,2,4,9,1940,1660,47.5726,-122.213,2990,9675,13275,12665,3600,37,37
4,3.5,4340,5500,2,0,0,3,10,2850,1490,47.6427,-122.397,1290,5500,9840,6790,4340,6,6
4,2.5,3030,10189,1,0,0,3,9,2380,650,47.6367,-122.206,1940,10189,13219,12129,3030,11,11
4,2.5,2470,6116,1,0,0,3,7,1420,1050,47.3792,-122.047,1670,7627,8586,9297,2470,29,29
5,3,3070,8474,2,0,0,3,9,3070,0,47.6852,-122.184,3070,8527,11544,11597,3070,3,3
3,1.75,2050,3520,1,0,0,4,7,1070,980,47.5536,-122.399,2050,16083,5570,18133,2050,37,37
3,1,1360,9310,1,0,0,4,7,1020,340,47.4901,-122.185,1480,8330,10670,9810,1360,34,34
3,1,930,9900,1,0,0,4,5,930,0,47.3745,-122.231,930,7200,10830,8130,930,105,105
3,1.5,1280,15028,1,0,0,3,7,1280,0,47.6304,-122.035,1470,13698,16308,15168,1280,33,33
3,1,920,7500,1,0,0,4,7,920,0,47.3791,-122.289,1660,8000,8420,9660,920,45,45
3,1,2200,21450,1,0,0,4,9,1600,600,47.4527,-122.372,1880,11250,23650,13130,2200,63,63
3,2.5,2810,435600,2,0,0,3,9,2810,0,47.4816,-121.701,2380,92007,438410,94387,2810,19,19
4,1.75,2040,3570,1,0,0,4,7,1020,1020,47.5754,-122.288,1790,4206,5610,5996,2040,97,97
2,1.75,1530,7020,1,0,0,3,7,1030,500,47.6465,-122.395,2090,6600,8550,8690,1530,72,72
2,1,1090,3160,1,0,0,3,7,840,250,47.6385,-122.344,1070,3160,4250,4230,1090,88,88
4,2,1520,6200,1,0,0,3,7,1520,0,47.678,-122.269,1910,6200,7720,8110,1520,69,69
3,1,1610,11250,1,0,0,3,7,1090,520,47.7391,-122.256,2040,10692,12860,12732,1610,39,39
5,3.75,3880,8370,2,0,0,4,7,3880,0,47.4811,-122.179,2160,4651,12250,6811,3880,10,10
3,2,1750,5750,1,0,2,5,7,870,880,47.5579,-122.384,1750,5750,7500,7500,1750,59,59
4,2.75,2140,8100,2,0,0,4,7,2140,0,47.3075,-122.359,1960,7002,10240,8962,2140,24,24
2,1,1190,5000,1,0,0,3,7,1190,0,47.5717,-122.382,1600,5000,6190,6600,1190,90,90
2,1,1080,3500,1,0,3,3,7,1080,0,47.6667,-122.356,1790,4000,4580,5790,1080,90,90
3,1,1250,4620,1,0,0,4,7,1150,100,47.651,-122.341,1900,4400,5870,6300,1250,114,114
3,1.5,1280,4452,2,0,0,3,6,1280,0,47.3344,-122.216,1070,4366,5732,5436,1280,29,29
3,2.5,1940,8347,2,0,0,3,8,1940,0,47.3654,-122.164,1940,7131,10287,9071,1940,24,24
3,1.5,2050,6384,1,0,0,3,7,1350,700,47.5325,-122.378,1590,7214,8434,8804,2050,56,56
3,1.5,1780,23819,1,0,0,3,7,1780,0,47.4912,-122.312,1130,14450,25599,15580,1780,61,61
3,2,1760,43575,1,0,0,3,7,1160,600,47.3565,-121.94,1760,46038,45335,47798,1760,26,26
3,2.25,1670,9500,1,0,0,3,7,1170,500,47.7253,-122.309,1470,9500,11170,10970,1670,37,37
2,1.75,1480,5120,1,0,0,4,6,840,640,47.558,-122.392,1090,5120,6600,6210,1480,63,63
2,2,890,5000,1,0,0,3,6,890,0,47.5158,-122.264,1860,5000,5890,6860,890,97,97
3,3,1730,1074,3,0,0,3,8,1730,0,47.6692,-122.392,1370,1185,2804,2555,1730,9,9
4,1.75,1590,7920,2,0,0,4,7,1590,0,47.7456,-122.336,1720,7998,9510,9718,1590,54,54
3,2.25,1970,11088,1,0,0,4,8,1180,790,47.7651,-122.277,1970,10470,13058,12440,1970,47,47
3,2.25,2300,15952,1,0,0,4,8,1150,1150,47.6322,-122.232,2200,14284,18252,16484,2300,51,51
3,1.75,1810,7200,1,0,0,5,7,1030,780,47.4993,-122.364,1950,8384,9010,10334,1810,56,56
2,1,710,1157,2,0,0,4,7,710,0,47.6413,-122.329,1370,1173,1867,2543,710,71,71
4,2.25,2110,12653,2,0,0,4,8,2110,0,47.536,-122.225,2350,10980,14763,13330,2110,42,42
5,1.75,1720,14040,1,0,0,4,8,1150,570,47.7365,-122.339,1750,7800,15760,9550,1720,59,59
4,2.5,2500,10215,2,0,0,3,9,2500,0,47.5912,-121.986,2890,10240,12715,13130,2500,17,17
2,1,1270,5000,1,0,0,3,8,1090,180,47.6828,-122.393,1640,5000,6270,6640,1270,65,65
2,1,710,4000,1,0,0,3,6,710,0,47.5535,-122.269,960,4000,4710,4960,710,105,105
4,3,2720,7570,2,0,0,3,9,2720,0,47.7113,-122.349,1770,5705,10290,7475,2720,7,7
4,2.5,3120,5001,2,0,0,3,9,3120,0,47.2779,-122.349,3120,5244,8121,8364,3120,10,10
3,1.75,1820,8813,2,0,0,3,7,1820,0,47.2622,-122.303,1780,7349,10633,9129,1820,20,20
4,1,1070,5750,1,0,0,3,6,870,200,47.564,-122.379,1270,5750,6820,7020,1070,92,92
2,1,830,8000,1,0,0,3,6,830,0,47.4215,-122.318,1300,8000,8830,9300,830,60,60
2,1,1700,6718,1,0,2,3,7,1230,470,47.4131,-122.331,2040,7500,8418,9540,1700,59,59
3,2,2250,2975,2,0,0,4,9,1880,370,47.6289,-122.309,2690,4800,5225,7490,2250,109,109
4,1.5,1540,7300,2,0,0,3,7,1540,0,47.3317,-122.276,1580,7650,8840,9230,1540,42,42
3,3.25,1720,936,2,0,0,3,8,1030,690,47.6201,-122.309,1720,1527,2656,3247,1720,10,10
2,1,880,5500,1,0,0,3,6,880,0,47.5573,-122.289,1080,5500,6380,6580,880,110,110
6,2.5,3596,13700,1,0,0,5,8,1798,1798,47.4388,-122.339,1894,10500,17296,12394,3596,51,51
4,3.5,3370,435600,2,0,3,3,9,3370,0,47.4398,-121.738,2790,114868,438970,117658,3370,9,9
4,3.25,5370,20388,2,0,4,4,11,5370,0,47.405,-122.331,2770,22270,25758,25040,5370,24,24
4,1.75,1920,3600,2,0,0,4,8,1920,0,47.6382,-122.368,1920,3600,5520,5520,1920,107,107
2,1.75,1170,8200,1,0,0,4,6,780,390,47.3263,-122.305,1780,9020,9370,10800,1170,78,78
4,3,2820,2850,1,0,0,5,7,1860,960,47.6813,-122.367,1570,4500,5670,6070,2820,86,86
5,2.75,3260,11700,1,0,0,3,8,1630,1630,47.6169,-122.104,2860,11700,14960,14560,3260,50,50
2,1.75,1090,1950,1,0,0,4,8,1090,0,47.3782,-122.319,1360,3426,3040,4786,1090,33,33
3,1.5,1110,9762,1,0,0,4,7,1110,0,47.676,-122.15,1900,9720,10872,11620,1110,51,51
4,3,2060,9138,1,0,0,3,8,1430,630,47.321,-122.185,2250,7820,11198,10070,2060,23,23
3,2.25,1640,1873,3,0,0,3,8,1640,0,47.6196,-122.297,1640,3920,3513,5560,1640,0,0
4,3,1990,6180,2,0,0,3,7,1990,0,47.3083,-122.36,1910,6180,8170,8090,1990,24,24
4,1,1130,8308,1,0,0,4,6,1130,0,47.4669,-122.355,1130,8652,9438,9782,1130,71,71
4,2.75,3620,35429,2,0,0,3,10,3620,0,47.4238,-122.098,3310,54193,39049,57503,3620,9,9
3,1.75,2310,7680,1,0,0,4,8,1410,900,47.3743,-122.285,2080,7680,9990,9760,2310,37,37
3,1,1510,6000,1,0,0,3,8,1170,340,47.5168,-122.285,1125,6000,7510,7125,1510,62,62
4,2.5,3060,5000,2,0,0,3,9,3060,0,47.5395,-122.188,2870,5548,8060,8418,3060,8,8
3,3.25,1380,1121,3,0,0,3,8,1380,0,47.6617,-122.349,1310,1405,2501,2715,1380,6,6
5,1.75,2110,5000,1,0,0,4,7,1250,860,47.6745,-122.287,1720,5000,7110,6720,2110,69,69
4,2.5,2100,8400,1,0,0,4,7,1240,860,47.735,-122.17,1980,8610,10500,10590,2100,38,38
4,2.5,3880,14550,2,0,0,3,10,3880,0,47.6378,-122.04,3240,14045,18430,17285,3880,27,27
3,1.5,1810,8232,1,0,0,3,8,1810,0,47.3195,-122.273,2260,8491,10042,10751,1810,27,27
2,1,1210,9375,1,0,1,4,7,1210,0,47.3865,-122.322,1680,8400,10585,10080,1210,62,62
3,1.5,1280,7742,1,0,0,3,7,1280,0,47.3323,-122.276,1566,7696,9022,9262,1280,41,41
4,3,2660,4600,1,0,0,3,8,1820,840,47.6258,-122.305,2350,4600,7260,6950,2660,109,13
3,1.5,1760,6723,1,0,0,3,7,1160,600,47.5514,-122.266,2080,8965,8483,11045,1760,56,56
3,2.25,2240,9542,1,0,1,3,7,1190,1050,47.3995,-122.318,2080,9542,11782,11622,2240,35,35
3,2.75,2810,18731,2,1,4,4,10,2810,0,47.6361,-122.093,3120,14810,21541,17930,2810,40,40
4,1.75,1630,6120,1,0,0,5,7,980,650,47.6821,-122.31,1630,4080,7750,5710,1630,96,96
2,2.25,2770,11884,1,0,3,4,8,1570,1200,47.5098,-122.474,2310,17097,14654,19407,2770,45,45
4,2,1950,8040,1,0,0,3,7,1950,0,47.7074,-122.29,1950,8092,9990,10042,1950,53,53
4,1,1200,7200,1,0,0,3,6,1200,0,47.4951,-122.248,1070,6050,8400,7120,1200,70,70
3,2.25,1530,1396,2,0,0,3,8,1240,290,47.666,-122.367,1690,2500,2926,4190,1530,7,7
4,2.5,3250,235063,1,0,2,3,9,3250,0,47.2582,-122.113,1600,44287,238313,45887,3250,41,41
4,3.5,3310,4684,2,0,0,3,9,2290,1020,47.579,-122.389,1850,4750,7994,6600,3310,0,0
2,1,560,7560,1,0,0,3,6,560,0,47.5271,-122.375,990,7560,8120,8550,560,70,70
4,2.5,1980,6660,2,0,0,4,7,1980,0,47.7158,-122.167,1980,7150,8640,9130,1980,40,40
2,1.75,1640,6750,1,0,0,4,8,1340,300,47.7068,-122.308,1760,7490,8390,9250,1640,76,76
3,1,1300,10125,1,0,0,4,6,1300,0,47.2921,-122.215,1300,10125,11425,11425,1300,56,56
3,2.5,1810,3192,1,0,0,3,7,1070,740,47.7364,-121.969,1740,3720,5002,5460,1810,13,13
3,1,1250,7200,1,0,0,3,7,1250,0,47.6342,-122.12,1430,7400,8450,8830,1250,51,51
4,2,2490,4600,1,0,2,3,8,2090,400,47.6557,-122.278,2910,5000,7090,7910,2490,89,89
4,2.5,1770,5000,2,0,0,3,7,1770,0,47.3503,-122.005,2080,5100,6770,7180,1770,10,10
4,2.5,3130,10849,2,0,0,3,10,3130,0,47.6828,-122.186,2470,9131,13979,11601,3130,1,1
3,1,1220,6000,1,0,0,4,7,1220,0,47.3245,-122.209,1420,6000,7220,7420,1220,46,46
4,2.25,2770,13129,2,0,0,4,8,2770,0,47.6268,-122.05,2400,13129,15899,15529,2770,36,36
5,5.5,7050,42840,1,0,2,4,13,4320,2730,47.6229,-122.22,5070,20570,49890,25640,7050,36,36
2,1,770,6542,1,0,0,3,6,770,0,47.747,-122.301,1120,8149,7312,9269,770,66,66
3,1.75,1520,12246,1,0,0,4,6,1520,0,47.3434,-122.049,1460,12246,13766,13706,1520,44,44
3,2.5,1780,7192,1,0,0,4,7,1250,530,47.4093,-122.173,1870,8500,8972,10370,1780,40,40
2,2,1490,1627,2,0,0,3,8,1190,300,47.5455,-122.375,1400,1498,3117,2898,1490,5,5
2,1,1290,3140,2,0,0,3,7,1290,0,47.6971,-122.026,1290,2628,4430,3918,1290,6,6
2,1,1000,7228,1,0,0,4,7,1000,0,47.7294,-122.352,1100,7228,8228,8328,1000,67,67
4,1,1440,8320,1,0,0,3,7,1440,0,47.7529,-122.318,1440,9230,9760,10670,1440,68,68
3,2.25,1500,9656,1,0,0,3,7,1170,330,47.7327,-121.982,1690,9656,11156,11346,1500,25,25
5,3.75,3860,6901,2,0,0,3,7,3860,0,47.3694,-122.032,3000,8584,10761,11584,3860,11,11
5,2.75,2410,19447,2,0,2,3,10,2290,120,47.5549,-122.211,2980,19447,21857,22427,2410,46,46
3,2.25,1720,17235,1,0,0,4,7,1440,280,47.3438,-122.073,1990,35048,18955,37038,1720,40,40
3,3.25,1470,1235,2,0,0,3,7,1180,290,47.5537,-122.313,1470,1243,2705,2713,1470,6,6
3,1,1080,6000,1,0,0,4,7,1080,0,47.7579,-122.33,1200,7210,7080,8410,1080,62,62
3,3.25,2200,4800,2,0,2,3,7,1910,290,47.6551,-122.353,1410,4800,7000,6210,2200,72,19
3,1,1700,4400,1,0,0,4,8,1700,0,47.612,-122.292,1610,4180,6100,5790,1700,108,108
4,2.5,3620,16000,2,0,0,3,9,3620,0,47.3711,-122.06,2590,16000,19620,18590,3620,38,38
4,4.25,3720,5750,2,0,2,3,9,2960,760,47.5632,-122.399,2550,5750,9470,8300,3720,9,9
4,2.75,2100,11894,1,0,0,4,8,1720,380,47.6006,-122.194,2390,9450,13994,11840,2100,46,46
3,2.5,2100,7587,2,0,0,3,9,2100,0,47.3072,-122.391,2330,8119,9687,10449,2100,25,25
5,2,2540,11750,1,0,0,3,7,1480,1060,47.7754,-122.291,2000,12000,14290,14000,2540,53,53
2,2,1170,8251,1,0,0,3,7,1170,0,47.6873,-122.291,1360,6798,9421,8158,1170,73,73
3,2.5,2190,4882,2,0,0,3,9,2190,0,47.7641,-122.306,2190,7055,7072,9245,2190,15,15
4,2.5,2580,11780,2,0,0,3,9,2580,0,47.3658,-122.04,2410,8403,14360,10813,2580,12,12
4,1.75,2960,11347,1,0,0,4,8,1570,1390,47.4738,-122.353,1660,8911,14307,10571,2960,69,69
4,2.5,2320,5493,2,0,0,3,8,2320,0,47.7727,-122.229,2450,5471,7813,7921,2320,11,11
3,1.75,1620,5000,1,0,0,3,7,920,700,47.681,-122.372,1610,5000,6620,6610,1620,60,60
2,1,1290,5376,1,0,0,3,6,1290,0,47.6966,-122.315,1180,5376,6666,6556,1290,70,70
4,2.5,1540,1994,2,0,0,3,8,1540,0,47.5526,-121.999,1540,1689,3534,3229,1540,0,0
4,2.75,3420,6787,2,0,0,3,9,3420,0,47.6962,-122.023,3450,6137,10207,9587,3420,4,4
3,1.75,1160,257875,1,0,0,2,7,1160,0,47.4655,-122.072,1420,15450,259035,16870,1160,35,35
3,1,1280,12928,1,0,0,3,6,1280,0,47.3215,-122.399,1610,19467,14208,21077,1280,72,72
3,3.5,1500,1249,2,0,0,3,8,1240,260,47.6727,-122.373,1440,1850,2749,3290,1500,10,10
4,2.5,2180,4000,2,0,0,3,8,1700,480,47.5553,-122.269,2180,4000,6180,6180,2180,12,12
4,2.25,2190,3746,2,0,0,3,8,2190,0,47.3896,-122.034,2200,3591,5936,5791,2190,9,9
3,1.75,2290,14800,1,0,0,3,8,1620,670,47.7735,-122.273,2320,12474,17090,14794,2290,49,49
3,1.75,2180,14734,2,0,0,3,9,2180,0,47.4831,-121.767,2300,21618,16914,23918,2180,24,24
4,2.5,2910,8881,2,0,1,3,10,1940,970,47.6424,-122.411,2540,5250,11791,7790,2910,82,82
4,2.5,2790,7673,2,0,0,3,9,2790,0,47.6692,-122.136,2740,7837,10463,10577,2790,26,26
3,1,1140,7316,1,0,0,3,6,1140,0,47.527,-122.362,1140,7440,8456,8580,1140,56,56
3,3,2350,1620,2,0,0,3,9,1560,790,47.6308,-122.279,2000,4380,3970,6380,2350,14,14
4,2.75,2420,5773,2,0,0,3,8,2420,0,47.3772,-122.029,2420,6200,8193,8620,2420,9,9
3,2,2700,6120,1,0,0,4,8,1350,1350,47.6731,-122.327,1700,4590,8820,6290,2700,52,52
4,2,2850,4497,1,0,1,3,7,1730,1120,47.5876,-122.292,2450,6000,7347,8450,2850,104,104
3,2,1710,5200,1,0,0,5,7,1030,680,47.3651,-122.094,1390,5200,6910,6590,1710,37,37
3,2.5,2060,8123,2,0,0,3,8,1010,1050,47.6642,-122.13,1760,6170,10183,7930,2060,37,37
4,2.75,2920,4500,2,0,0,3,9,2920,0,47.5646,-122.124,2920,4505,7420,7425,2920,15,15
3,1,1190,7560,1,0,0,5,6,1190,0,47.452,-122.177,1190,7560,8750,8750,1190,57,57
4,2.5,3860,5130,2,0,0,3,8,2930,930,47.5387,-121.879,3130,6163,8990,9293,3860,10,10
3,1.75,1310,18400,1,0,0,3,7,870,440,47.5035,-122.302,1840,10790,19710,12630,1310,60,60
2,1.75,1000,1760,1,0,0,4,6,600,400,47.6261,-122.355,2120,2802,2760,4922,1000,91,91
1,1,520,4800,1,0,0,3,5,520,0,47.5533,-122.363,800,4960,5320,5760,520,84,84
4,2.25,2530,10611,1,0,0,5,8,1320,1210,47.5698,-122.132,2530,10125,13141,12655,2530,38,38
4,3.25,4890,13402,2,0,0,3,13,4890,0,47.5303,-122.131,5790,13539,18292,19329,4890,10,10
3,1,1090,6771,1,0,0,3,7,1090,0,47.5177,-122.353,1230,4662,7861,5892,1090,86,86
3,3,2520,2152,1,0,0,3,8,1560,960,47.6363,-122.371,1140,2152,4672,3292,2520,89,8
4,2,3060,8000,2,0,0,4,8,2040,1020,47.5795,-122.29,2730,5800,11060,8530,3060,93,93
4,2,1540,5920,1,0,0,5,7,1540,0,47.7148,-122.301,1630,6216,7460,7846,1540,79,79
4,2,2510,9750,1,0,0,3,8,1630,880,47.7438,-122.229,1980,9750,12260,11730,2510,55,55
4,2.5,2090,12833,1,0,0,3,7,1220,870,47.7266,-122.175,1740,11200,14923,12940,2090,46,46
2,1.75,2040,28593,1,1,3,4,7,2040,0,47.3979,-122.465,2040,35124,30633,37164,2040,95,24
2,1,1190,11400,1,0,0,3,7,1190,0,47.5012,-122.265,1410,11400,12590,12810,1190,63,63
2,1,1060,6000,1,0,0,4,5,1060,0,47.3066,-122.223,940,6000,7060,6940,1060,107,107
2,1,1570,5000,1,0,3,4,8,1570,0,47.5955,-122.294,1760,3000,6570,4760,1570,91,91
2,1.5,1170,1274,3,0,0,3,8,1170,0,47.6719,-122.381,1290,1308,2444,2598,1170,13,13
4,2.75,2430,20720,1,0,0,3,7,2430,0,47.775,-122.139,2580,26950,23150,29530,2430,47,47
4,2.25,2170,10000,1,0,0,3,8,1420,750,47.6219,-122.109,2390,11000,12170,13390,2170,39,39
2,2,1680,6194,1,0,0,3,8,1680,0,47.7136,-122.03,1900,5850,7874,7750,1680,11,11
2,1,1000,4640,1,0,2,3,7,1000,0,47.5659,-122.389,1940,5800,5640,7740,1000,100,100
3,1.75,1850,5100,1,0,0,3,7,1020,830,47.6605,-122.326,1850,5100,6950,6950,1850,105,105
3,3,4560,16339,2,0,2,3,10,4040,520,47.7024,-122.243,2620,11561,20899,14181,4560,13,13
4,2.5,2140,7245,2,0,0,3,7,2140,0,47.729,-122.35,2080,7875,9385,9955,2140,11,11
4,2.25,2390,40510,1,0,0,4,8,2390,0,47.7566,-122.113,3200,36989,42900,40189,2390,45,45
4,2.25,1900,11171,1,0,0,3,8,1280,620,47.561,-122.126,2330,9934,13071,12264,1900,30,30
4,4.75,3700,11000,1,0,0,4,7,1840,1860,47.768,-122.251,1720,11564,14700,13284,3700,52,52
5,3,2500,5750,1,0,0,3,8,1430,1070,47.551,-122.369,1980,7130,8250,9110,2500,15,15
4,2.5,2000,6107,2,0,0,3,8,2000,0,47.7557,-122.221,2040,6520,8107,8560,2000,11,11
3,1.5,1850,10572,1,0,0,4,8,1850,0,47.6194,-122.208,3030,12752,12422,15782,1850,61,61
4,2,2070,9822,1,0,0,5,7,2070,0,47.566,-122.14,1300,9572,11892,10872,2070,59,59
6,3,2290,6344,2,0,0,3,7,2290,0,47.565,-122.37,1360,3202,8634,4562,2290,35,35
4,2.5,2450,4247,2,0,0,3,8,2450,0,47.7048,-122.113,2970,4685,6697,7655,2450,1,1
3,2.5,2850,7130,2,0,0,3,10,1990,860,47.603,-122.289,2280,6459,9980,8739,2850,34,34
4,2.25,2810,23400,1,0,1,3,7,1710,1100,47.395,-122.311,1860,14900,26210,16760,2810,56,56
3,3.25,1370,915,2,0,0,3,8,1100,270,47.5639,-122.388,1370,1146,2285,2516,1370,8,8
4,2.25,2020,5600,1,0,2,4,8,1210,810,47.6821,-122.267,2660,6050,7620,8710,2020,53,53
4,2,2080,13510,1,0,0,3,7,1040,1040,47.4918,-122.258,2010,11625,15590,13635,2080,64,64
4,1.75,1940,15909,1,0,0,3,8,970,970,47.7578,-122.094,1940,15120,17849,17060,1940,40,40
3,1.5,1270,2356,2,0,0,3,7,1270,0,47.5671,-122.298,1490,2175,3626,3665,1270,2,2
3,1,1210,103237,1,0,0,2,6,1210,0,47.4208,-122.445,1880,40510,104447,42390,1210,96,54
4,3,3720,14125,1,0,0,4,9,1930,1790,47.5911,-122.177,3160,15300,17845,18460,3720,54,54
4,1.5,1840,4337,2,0,0,4,8,1840,0,47.6312,-122.307,2250,4337,6177,6587,1840,97,97
4,2.5,3070,7200,2,0,0,3,8,3070,0,47.4899,-122.138,2590,7200,10270,9790,3070,10,10
3,3.25,2660,17852,2,0,0,3,8,2660,0,47.3077,-122.011,1320,11876,20512,13196,2660,0,0
2,1,960,5000,1,0,0,3,6,960,0,47.5188,-122.372,930,5000,5960,5930,960,64,64
4,2.25,3160,34560,1,0,0,4,10,3160,0,47.7337,-122.132,3530,38045,37720,41575,3160,33,33
2,1.5,1120,1024,2,0,0,3,8,1120,0,47.6175,-122.298,1120,1549,2144,2669,1120,45,17
3,1.75,2500,8289,1,0,0,4,7,1250,1250,47.4973,-122.177,1710,8205,10789,9915,2500,56,56
3,2,1620,2640,1,0,0,5,8,1620,0,47.6884,-122.322,1470,4080,4260,5550,1620,85,85
3,1.75,1760,8025,1,0,0,4,7,1230,530,47.7287,-122.192,1590,7543,9785,9133,1760,39,39
6,3,2390,4000,2,0,0,3,7,2390,0,47.5173,-122.286,1680,5000,6390,6680,2390,1,1
3,2.5,2020,7512,2,0,0,4,8,2020,0,47.6927,-122.206,2410,8500,9532,10910,2020,33,33
3,2.25,3200,3800,2,0,0,5,9,2650,550,47.638,-122.317,2400,3900,7000,6300,3200,100,100
3,1.75,1140,9628,1,0,0,4,7,1140,0,47.2933,-122.372,1510,9633,10768,11143,1140,45,45
2,1,810,8424,1,0,0,4,6,810,0,47.3286,-122.346,820,8424,9234,9244,810,55,55
3,2.5,2650,40705,2,0,0,3,9,2650,0,47.668,-122.063,2550,42625,43355,45175,2650,20,20
3,1.75,1890,16001,1,0,0,4,7,1890,0,47.7663,-122.201,1820,11450,17891,13270,1890,64,64
3,1.75,1530,6743,1,0,0,3,7,1410,120,47.5745,-122.396,2040,6000,8273,8040,1530,59,59
4,3,3720,29043,2,0,0,3,9,3720,0,47.6907,-122.161,1610,23000,32763,24610,3720,23,23
3,1,1090,2800,1,0,0,3,6,1090,0,47.3162,-122.183,1040,2960,3890,4000,1090,45,45
2,2,1030,2271,3,0,0,3,7,1030,0,47.7263,-122.314,1439,1387,3301,2826,1030,16,16
4,2.25,2370,6000,1,0,2,3,8,1440,930,47.7023,-122.388,3280,8843,8370,12123,2370,55,55
4,2.5,2300,6087,2,0,0,3,7,2300,0,47.5125,-122.192,1770,5907,8387,7677,2300,13,13
3,2.25,1960,6500,2,0,0,4,8,1960,0,47.6642,-122.129,1860,6160,8460,8020,1960,37,37
3,1.75,1550,4054,1,0,0,4,7,1550,0,47.6743,-122.301,1510,3889,5604,5399,1550,88,88
4,1.75,3020,10714,1,0,0,5,8,1510,1510,47.56,-122.181,2230,14400,13734,16630,3020,57,57
3,2.75,1980,3128,2,0,0,4,9,1980,0,47.6109,-122.114,1950,2856,5108,4806,1980,35,35
4,2.25,2280,7229,2,0,0,4,8,2280,0,47.5609,-122.081,2320,7735,9509,10055,2280,31,31
4,3.5,3860,18334,2,0,0,3,10,3120,740,47.7095,-122.075,3550,18334,22194,21884,3860,18,18
4,2.25,1920,11603,2,0,0,4,7,1920,0,47.4315,-122.169,1840,7350,13523,9190,1920,47,47
3,1.5,1270,7128,1,0,0,4,6,1270,0,47.422,-122.321,1270,7986,8398,9256,1270,60,60
3,1.75,1150,6423,1,0,0,3,5,590,560,47.6973,-122.297,1150,8367,7573,9517,1150,88,88
5,3.5,2760,3846,2,0,0,3,8,2760,0,47.5047,-122.17,2760,4587,6606,7347,2760,1,1
3,3.5,1540,1427,2,0,0,3,7,1360,180,47.542,-122.322,1220,4000,2967,5220,1540,7,7
3,2.25,1650,6250,1,0,0,3,7,1650,0,47.5639,-122.4,2060,6250,7900,8310,1650,105,105
1,1,420,3298,1,0,0,4,4,420,0,47.5375,-122.391,1460,4975,3718,6435,420,66,66
3,1.75,1490,12000,1,0,0,4,7,1490,0,47.569,-122.175,1630,12000,13490,13630,1490,58,58
2,1,860,7102,1,0,0,3,6,860,0,47.7042,-122.369,1450,7102,7962,8552,860,67,67
2,1,800,8960,1,0,0,4,6,800,0,47.4756,-122.174,850,8082,9760,8932,800,71,71
4,2.5,2880,9003,2,0,0,3,10,2880,0,47.6844,-122.199,2640,8126,11883,10766,2880,6,6
4,2.5,2030,11375,1,0,0,3,7,1330,700,47.7765,-122.261,1500,9160,13405,10660,2030,45,45
4,2,2220,23750,1,0,0,3,7,2220,0,47.7759,-122.214,2650,21167,25970,23817,2220,52,52
5,3,2730,9519,1,0,0,3,8,1670,1060,47.7504,-122.307,1150,9519,12249,10669,2730,0,0
3,2.5,3420,16622,1,0,4,3,10,2410,1010,47.5638,-122.105,3460,14566,20042,18026,3420,23,23
3,2.5,2170,5000,2,0,0,3,9,2170,0,47.5453,-121.996,2170,5000,7170,7170,2170,12,12
3,2.5,2310,53578,1,0,0,4,8,1340,970,47.7677,-122.135,2660,49658,55888,52318,2310,34,34
4,1.5,1920,10403,1,0,0,3,7,1370,550,47.2987,-122.366,1550,9619,12323,11169,1920,55,55
4,3.25,3310,8897,2,0,0,3,9,2380,930,47.2655,-122.31,2490,8638,12207,11128,3310,23,23
4,1.5,1170,6240,1,0,0,4,6,1170,0,47.5495,-122.232,2380,8846,7410,11226,1170,54,54
4,2.75,2910,7712,1,0,0,3,7,1600,1310,47.2842,-122.198,2220,6649,10622,8869,2910,16,16
3,2.5,2320,32772,2,0,0,3,9,2320,0,47.6304,-121.988,2610,33305,35092,35915,2320,22,22
2,1,1131,1304,3,0,0,3,7,1131,0,47.6912,-122.313,1131,1992,2435,3123,1131,4,4
3,2.5,1740,3721,2,0,0,3,8,1740,0,47.3363,-122.213,2030,3794,5461,5824,1740,5,5
3,1,1320,5000,1,0,0,3,7,1320,0,47.5711,-122.386,1320,4179,6320,5499,1320,102,102
4,2.5,2760,13093,2,0,0,4,9,2760,0,47.5845,-122.06,2810,13545,15853,16355,2760,25,25
4,2.5,2120,4558,2,0,0,3,7,2120,0,47.3795,-122.022,2370,5506,6678,7876,2120,12,12
3,1.75,1090,6775,1,0,0,4,7,850,240,47.6934,-122.321,1580,5760,7865,7340,1090,65,65
4,2,2340,9716,1,0,0,3,7,2340,0,47.4842,-122.347,1180,13500,12056,14680,2340,6,6
3,1,1150,9048,1,0,0,2,7,1150,0,47.6755,-122.177,1550,8207,10198,9757,1150,92,92
3,2.5,4010,12105,1,0,3,5,11,2600,1410,47.554,-122.151,4010,15081,16115,19091,4010,31,31
4,2.5,3280,7100,2,0,4,3,10,2180,1100,47.6285,-122.362,3240,6674,10380,9914,3280,103,27
3,1.5,1370,8671,1,0,0,3,7,1370,0,47.6217,-122.198,1580,8671,10041,10251,1370,59,59
4,2,1470,8395,1,0,0,4,7,1470,0,47.631,-122.117,1760,7976,9865,9736,1470,49,49
4,2.5,3300,28433,2,0,0,3,9,3300,0,47.5072,-122.112,3550,26386,31733,29936,3300,16,16
3,1.5,990,8925,1,0,0,4,7,990,0,47.3294,-122.331,1360,8625,9915,9985,990,52,52
2,2.5,1680,977,3,0,0,3,9,1680,0,47.632,-122.361,1680,977,2657,2657,1680,6,6
2,1,1230,2726,1,0,0,3,7,880,350,47.6815,-122.359,1710,3750,3956,5460,1230,94,94
5,3.25,3400,4499,2,0,0,3,8,2740,660,47.5385,-121.88,3400,6163,7899,9563,3400,10,10
5,2.5,2250,7176,1,0,0,3,7,1310,940,47.4486,-122.194,1550,9081,9426,10631,2250,32,32
3,2.25,2100,3000,2,0,0,3,7,2100,0,47.595,-122.306,1650,4500,5100,6150,2100,18,18
3,1.5,1470,17577,1,0,0,5,7,1470,0,47.4695,-122.116,2300,13832,19047,16132,1470,48,48
4,2.5,3240,35083,2,0,0,4,9,3240,0,47.6337,-122.154,3340,24501,38323,27841,3240,36,36
4,3.5,4640,13404,2,0,0,3,10,4640,0,47.531,-122.134,4690,13590,18044,18280,4640,8,8
4,1,1370,41194,1,0,2,5,5,1370,0,47.2716,-122.144,1590,84070,42564,85660,1370,114,114
3,1,1350,9450,1,0,0,3,7,1350,0,47.7186,-122.236,1460,9461,10800,10921,1350,36,36
3,3,2840,7201,2,0,0,3,9,2840,0,47.5165,-121.883,2540,5260,10041,7800,2840,0,0
5,3.5,3480,36615,2,0,0,4,8,2490,990,47.5741,-122.05,2540,35910,40095,38450,3480,31,31
4,2.25,3270,6000,2,0,0,5,8,2180,1090,47.6101,-122.286,2880,6000,9270,8880,3270,105,105
3,2.5,2050,3218,3,0,0,3,7,2050,0,47.7612,-122.344,2050,7200,5268,9250,2050,6,6
4,1.5,2060,4000,1,0,2,3,7,1580,480,47.6857,-122.353,1160,4000,6060,5160,2060,95,25
4,3.5,3600,5217,2,0,0,3,9,2720,880,47.6189,-122.286,2270,5217,8817,7487,3600,67,0
4,3,3320,5760,2,0,0,3,9,2120,1200,47.6474,-122.389,2400,6144,9080,8544,3320,61,8
3,2.75,1990,9600,1,0,0,3,8,1530,460,47.532,-122.05,2170,10400,11590,12570,1990,37,37
3,3,3700,10375,2,0,0,3,9,3700,0,47.4286,-122.291,2130,9132,14075,11262,3700,32,32
3,1.75,1380,8362,1,0,0,3,7,1380,0,47.3121,-122.323,1380,8800,9742,10180,1380,47,47
3,2.5,1820,6785,1,0,0,3,7,1420,400,47.3201,-122.177,1710,6055,8605,7765,1820,20,20
3,1.5,1710,8364,2,0,2,3,7,1710,0,47.5175,-122.393,2430,9040,10074,11470,1710,71,71
3,1.75,2450,15001,1,0,0,3,7,1980,470,47.6957,-121.913,1790,15323,17451,17113,2450,25,25
4,1.75,1850,7350,1,0,0,3,7,1050,800,47.3413,-122.277,1450,7250,9200,8700,1850,49,49
4,1.75,1600,7400,1,0,0,3,7,1210,390,47.7111,-122.309,1640,7500,9000,9140,1600,42,42
4,2.75,3020,8622,2,0,0,3,9,3020,0,47.5866,-122.201,3060,14303,11642,17363,3020,38,11
3,2.5,1690,4898,2,0,0,3,7,1690,0,47.6834,-122.038,2220,4933,6588,7153,1690,11,11
4,2.25,2270,12000,1,0,0,4,7,1360,910,47.7559,-122.148,2500,10120,14270,12620,2270,36,36
3,2.5,1509,1114,3,0,0,3,8,1509,0,47.7048,-122.34,1509,2431,2623,3940,1509,0,0
3,1,910,8450,1,0,0,4,6,910,0,47.4787,-122.158,1400,8040,9360,9440,910,53,53
5,3.5,3390,7950,2,0,2,3,7,3390,0,47.4792,-122.181,2580,6900,11340,9480,3390,11,11
4,3.5,3080,5974,2,0,0,3,9,3080,0,47.6007,-121.974,2950,5425,9054,8375,3080,11,11
3,1.5,1560,7884,1,0,0,3,7,1060,500,47.7312,-122.298,1820,9000,9444,10820,1560,45,45
2,1,860,5400,1,0,0,4,5,860,0,47.492,-122.171,960,5400,6260,6360,860,61,61
4,2,2010,7312,1,0,0,4,7,2010,0,47.2785,-122.213,2010,7650,9322,9660,2010,39,39
5,2.75,2500,19783,1,0,3,4,8,2500,0,47.5938,-122.174,1700,15375,22283,17075,2500,55,55
3,1,1060,9600,1,0,0,4,6,1060,0,47.2878,-122.358,1060,9604,10660,10664,1060,52,52
2,1.75,2230,6930,1,0,0,4,8,1530,700,47.6705,-122.277,1970,6930,9160,8900,2230,67,67
4,2.25,3390,39356,1,0,0,4,8,1640,1750,47.461,-121.992,2160,38061,42746,40221,3390,51,51
3,2.5,1720,1916,2,0,0,3,7,1720,0,47.4895,-122.166,1760,1916,3636,3676,1720,9,9
3,2.5,2490,21937,2,0,0,3,8,2490,0,47.6442,-121.898,2450,21937,24427,24387,2490,21,21
3,1.5,2230,9120,1,0,0,3,7,1390,840,47.5008,-122.358,1420,8450,11350,9870,2230,56,56
4,2,2200,7700,1,0,0,3,7,1100,1100,47.464,-122.18,1790,7700,9900,9490,2200,35,35
4,2.25,3920,7200,2,0,0,3,10,3120,800,47.5731,-122.284,3400,7200,11120,10600,3920,86,86
4,1.5,1820,22814,1,0,0,3,7,1820,0,47.7321,-122.296,1770,9150,24634,10920,1820,94,94
3,2.25,1900,3960,1,0,0,3,8,1200,700,47.6122,-122.298,1310,3960,5860,5270,1900,109,109
2,1,930,2600,1,0,0,3,7,930,0,47.7242,-122.161,1370,3488,3530,4858,930,34,34
3,1.5,2210,6500,1,0,0,4,7,1030,1180,47.5434,-122.388,1750,6370,8710,8120,2210,102,102
3,2.5,2538,4600,2,0,0,3,8,2538,0,47.2584,-122.196,2570,4800,7138,7370,2538,1,1
3,1.75,1430,10816,2,0,0,3,7,1430,0,47.3122,-121.996,1560,10816,12246,12376,1430,20,20
2,1,830,6017,1,0,0,4,6,830,0,47.7466,-122.334,1340,6040,6847,7380,830,60,60
3,2.5,1870,8541,2,0,0,3,8,1870,0,47.2925,-122.346,2150,7789,10411,9939,1870,25,25
4,2.5,1910,9244,1,0,0,4,6,1910,0,47.4918,-122.141,2590,9286,11154,11876,1910,51,51
3,2.75,3170,34850,1,0,0,5,9,3170,0,47.6611,-122.169,3920,36740,38020,40660,3170,58,58
3,2.25,1720,9600,1,0,0,4,7,1220,500,47.6581,-122.126,1720,9600,11320,11320,1720,47,47
3,1.75,2300,6200,1,0,0,4,7,1150,1150,47.4176,-122.323,1740,6600,8500,8340,2300,45,45
3,1.75,2000,9760,1,0,0,4,8,1400,600,47.4417,-122.134,1890,8089,11760,9979,2000,36,36
3,2.25,1830,39165,1,0,0,5,8,1830,0,47.4612,-121.992,2020,36184,40995,38204,1830,51,51
4,2.75,3150,67518,1,0,0,4,9,2250,900,47.3382,-122.196,2210,32391,70668,34601,3150,49,49
3,2.25,2220,3707,2,0,0,4,8,1620,600,47.617,-122.286,2030,4850,5927,6880,2220,95,95
3,2.75,1120,881,3,0,0,3,8,1120,0,47.6914,-122.343,1120,1087,2001,2207,1120,15,15
4,1.75,1730,7245,1,0,0,4,7,880,850,47.5995,-122.144,1550,7245,8975,8795,1730,60,60
5,1.75,2100,7347,1,0,0,3,7,1070,1030,47.7751,-122.268,2170,9418,9447,11588,2100,34,34
4,2.5,2150,8173,2,0,0,3,8,2150,0,47.511,-122.153,2080,7620,10323,9700,2150,27,27
5,3.25,4020,40341,1,0,0,5,8,2170,1850,47.4952,-122.068,2650,53437,44361,56087,4020,45,45
3,1.75,1550,4708,1,0,0,4,7,860,690,47.6759,-122.286,1880,5600,6258,7480,1550,65,65
4,2,2180,10447,1,0,0,4,8,1280,900,47.7675,-122.279,2190,10987,12627,13177,2180,45,45
4,4.5,5270,12195,2,1,4,3,11,3400,1870,47.5696,-122.09,3390,9905,17465,13295,5270,35,35
4,1.75,2160,7700,2,0,0,2,8,2160,0,47.6976,-122.169,2080,7700,9860,9780,2160,37,37
3,2.25,1700,2800,2,0,0,5,7,1150,550,47.6819,-122.311,1500,3400,4500,4900,1700,89,89
4,3,2800,9764,2,0,0,3,8,2800,0,47.3543,-122.012,3610,8194,12564,11804,2800,12,12
3,1.75,1950,19747,1,0,0,3,7,1150,800,47.7685,-122.162,2560,9674,21697,12234,1950,35,35
4,2.5,2560,36601,2,0,0,4,9,2560,0,47.5851,-121.992,2790,36601,39161,39391,2560,27,27
3,2.5,1980,7800,2,0,0,3,8,1980,0,47.4492,-122.199,1700,20580,9780,22280,1980,15,15
3,1.75,1200,55321,1,0,0,5,7,1200,0,47.3492,-121.935,1910,54450,56521,56360,1200,37,37
6,3,3020,13783,2,0,0,3,8,3020,0,47.5722,-122.226,1720,13500,16803,15220,3020,62,12
5,3.25,4230,10260,2,0,0,3,10,3860,370,47.5503,-122.081,2980,10997,14490,13977,4230,18,18
3,2.25,1790,7125,1,0,0,3,7,1220,570,47.7184,-122.226,2040,7950,8915,9990,1790,40,40
3,2.25,3060,9950,1,0,2,4,9,1810,1250,47.579,-122.284,4950,10655,13010,15605,3060,84,84
3,1.75,950,6000,1,0,0,3,6,790,160,47.5271,-122.316,1360,6000,6950,7360,950,75,75
4,3.5,4150,16197,2,0,0,3,10,4150,0,47.3423,-122.183,3618,15210,20347,18828,4150,8,8
4,2.5,3130,7582,2,0,0,3,8,3130,0,47.577,-122.055,2990,6441,10712,9431,3130,10,10
5,4.5,5190,23716,2,0,2,3,11,3390,1800,47.5846,-122.223,4460,22748,28906,27208,5190,27,14
4,2.5,2320,4000,1,0,0,5,8,1510,810,47.6048,-122.298,1490,4500,6320,5990,2320,109,109
3,1,1500,5605,1,0,0,5,6,750,750,47.5456,-122.359,1050,9100,7105,10150,1500,72,72
4,2.25,2470,7800,1,0,0,3,8,1470,1000,47.6913,-122.115,2050,8050,10270,10100,2470,39,39
2,2.25,1640,2128,2,0,0,4,8,1640,0,47.753,-122.252,1640,2128,3768,3768,1640,40,40
3,2.75,2640,4050,1,0,0,5,8,1750,890,47.6332,-122.281,1920,3600,6690,5520,2640,88,88
4,2.25,1970,7902,1,0,0,3,8,1310,660,47.7249,-122.298,1860,8021,9872,9881,1970,55,55
3,1.75,1950,10080,1,0,0,4,7,1950,0,47.7282,-122.186,2340,8800,12030,11140,1950,48,48
3,2.5,2130,3545,3,0,0,5,9,2130,0,47.6389,-122.349,1970,3464,5675,5434,2130,25,25
4,2.5,1990,2175,2,0,0,3,8,1680,310,47.6696,-122.371,1560,2087,4165,3647,1990,9,9
3,1.75,2000,10182,1,0,0,5,7,1400,600,47.6616,-122.175,2050,10182,12182,12232,2000,51,51
4,2.5,2240,8664,1,0,0,5,8,1470,770,47.6621,-122.189,2210,8860,10904,11070,2240,39,39
3,1.75,1210,7500,1,0,0,3,7,1210,0,47.5294,-122.033,1250,6000,8710,7250,1210,64,64
4,3.5,5000,38012,2,0,0,3,11,3610,1390,47.554,-122.036,3850,18054,43012,21904,5000,11,11
4,2,1820,7102,1,0,0,3,7,1220,600,47.7447,-122.324,1650,8184,8922,9834,1820,64,64
3,1,1410,7700,1,0,0,3,7,980,430,47.4577,-122.171,1510,7700,9110,9210,1410,52,52
3,1,1560,14333,1,0,0,4,7,1560,0,47.432,-122.348,1640,14333,15893,15973,1560,61,61
4,2.75,3250,5500,2,0,0,3,9,3250,0,47.5398,-121.997,3920,6000,8750,9920,3250,8,8
4,1.75,1700,9000,1,0,0,3,7,1700,0,47.7308,-122.18,1930,7818,10700,9748,1700,47,47
3,1.75,1720,4050,1,0,0,5,7,860,860,47.6782,-122.314,1720,4410,5770,6130,1720,108,108
4,3,2880,5500,2,0,0,4,9,1920,960,47.6448,-122.317,2110,5500,8380,7610,2880,89,89
3,2.5,3020,5868,2,0,0,3,7,3020,0,47.3361,-122.175,2710,5470,8888,8180,3020,11,11
4,2.25,2740,88426,2,0,0,3,7,2740,0,47.4734,-122.006,2740,62726,91166,65466,2740,23,23
4,3,3330,4000,1,0,0,3,8,1790,1540,47.6559,-122.344,1610,4000,7330,5610,3330,56,56
3,2.25,1730,13040,1,0,0,4,8,1290,440,47.6809,-122.119,1730,11016,14770,12746,1730,26,26
4,3.25,2980,7000,2,0,3,3,10,2140,840,47.5933,-122.292,2200,4800,9980,7000,2980,114,0
3,1,970,7275,1,0,0,4,7,970,0,47.4006,-122.188,1750,7200,8245,8950,970,44,44
2,2,1200,1867,1,0,0,3,7,600,600,47.627,-122.345,1790,2221,3067,4011,1200,90,16
4,1.5,2650,34000,2,0,0,4,7,2650,0,47.7516,-122.237,1960,34000,36650,35960,2650,85,85
4,1.5,1300,7200,1,0,0,4,7,1300,0,47.4179,-122.181,1420,7200,8500,8620,1300,45,45
3,1.5,1300,7200,1,0,0,5,7,1300,0,47.6821,-122.196,2280,7200,8500,9480,1300,54,54
3,1.5,1470,11112,1,0,0,3,7,1470,0,47.7462,-122.294,1460,11407,12582,12867,1470,60,60
7,2.75,3410,4056,1,0,0,4,8,2130,1280,47.6454,-122.316,2510,4056,7466,6566,3410,108,108
4,2.5,2672,4297,2,0,0,3,8,2020,652,47.6955,-122.289,1720,6120,6969,7840,2672,9,9
3,2,1370,78408,1,0,0,5,7,1370,0,47.3867,-122.081,1620,9690,79778,11310,1370,50,50
4,3.5,3650,38546,2,0,0,3,9,2550,1100,47.4776,-121.73,2860,34284,42196,37144,3650,18,18
2,1,880,6731,1,0,0,4,7,880,0,47.5694,-122.395,1240,6731,7611,7971,880,64,64
4,3.25,3674,12793,2,0,1,3,9,3674,0,47.4357,-122.343,3220,13100,16467,16320,3674,28,28
4,2.5,2210,7722,2,0,0,3,9,2210,0,47.5992,-122.019,2970,8683,9932,11653,2210,16,16
3,1.75,1270,7875,1,0,0,4,7,1270,0,47.3696,-122.17,1830,7210,9145,9040,1270,35,35
3,2.5,2200,7278,2,0,0,3,8,2200,0,47.4624,-122.132,2190,8580,9478,10770,2200,24,24
4,2.25,1800,2752,2,0,0,3,8,1800,0,47.5165,-122.346,1800,2752,4552,4552,1800,0,0
3,2.25,2350,6000,1,0,0,5,7,1020,1330,47.6809,-122.305,1570,5000,8350,6570,2350,66,66
3,2.5,2495,4400,2,0,0,3,8,2495,0,47.288,-122.283,2434,4400,6895,6834,2495,7,7
3,1,1250,26862,1,0,0,3,7,1250,0,47.426,-122.154,1530,24463,28112,25993,1250,49,49
3,2,1990,65340,2,0,0,3,8,1990,0,47.4726,-121.99,2120,59241,67330,61361,1990,29,29
3,2.5,1610,3600,2,0,0,3,8,1610,0,47.771,-122.169,2210,3600,5210,5810,1610,4,4
4,2.5,2510,4543,2,0,0,3,8,2510,0,47.5962,-122.039,2550,4675,7053,7225,2510,12,12
4,2,1820,5000,1,0,1,3,7,1640,180,47.6815,-122.269,2060,5000,6820,7060,1820,69,69
2,1,1430,365904,1,0,0,3,7,1010,420,47.513,-121.857,2300,253519,367334,255819,1430,23,23
4,3.25,2840,4000,2,0,3,3,9,2330,510,47.5529,-122.293,2160,4867,6840,7027,2840,1,1
3,1,970,6600,1,0,0,3,7,970,0,47.4836,-122.332,1200,6600,7570,7800,970,49,49
4,2.5,2570,5250,2,0,0,3,8,2570,0,47.5763,-122,2260,5392,7820,7652,2570,24,24
3,1,1790,7055,1,0,0,5,8,1520,270,47.718,-122.355,1710,7055,8845,8765,1790,77,77
3,2.25,1860,7200,1,0,0,4,7,1240,620,47.7332,-122.192,1560,7630,9060,9190,1860,37,37
4,2.5,2310,6200,2,0,0,3,8,2310,0,47.3321,-122.172,2480,6200,8510,8680,2310,16,16
4,2.5,3350,29242,2,0,0,3,11,3350,0,47.7197,-122.131,3920,24728,32592,28648,3350,27,27
2,1,1430,13300,1,0,0,3,6,1230,200,47.6996,-122.203,1950,11421,14730,13371,1430,93,93
3,2,1530,1442,3,0,0,3,9,1530,0,47.6692,-122.372,1620,1456,2972,3076,1530,0,0
3,2.25,1440,1362,3,0,0,3,7,1440,0,47.6908,-122.365,1180,2603,2802,3783,1440,0,0
3,1,1620,13803,1,0,0,4,6,1620,0,47.3631,-122.028,1260,10370,15423,11630,1620,46,46
4,2.5,4150,8436,2,0,0,3,10,4150,0,47.5802,-122.039,4070,8438,12586,12508,4150,0,0
4,3.5,1930,5400,1,0,2,3,7,1930,0,47.5679,-122.409,1500,3340,7330,4840,1930,94,94
4,2.5,2430,6325,2,0,0,4,8,2020,410,47.6413,-122.354,2340,4375,8755,6715,2430,95,95
3,1.75,1320,6530,1,0,0,4,7,1320,0,47.2871,-122.354,1620,6817,7850,8437,1320,25,25
2,1,1530,6450,1,0,0,4,7,1530,0,47.6833,-122.398,1530,5000,7980,6530,1530,94,94
3,2.5,2220,6049,2,0,0,4,8,2220,0,47.3972,-122.182,1980,7226,8269,9206,2220,24,24
3,2.5,2920,8113,2,0,0,3,8,2920,0,47.5814,-122.196,2370,8113,11033,10483,2920,64,4
4,2.5,2800,6874,2,0,0,3,9,2170,630,47.6215,-122.29,1430,6240,9674,7670,2800,25,25
4,3.5,3920,37122,2,0,0,3,10,3920,0,47.6316,-121.988,2550,32647,41042,35197,3920,18,18
4,2.25,2060,7283,1,0,0,3,8,1220,840,47.7435,-122.317,1500,8134,9343,9634,2060,51,1
3,2.25,1410,1332,3,0,0,3,8,1410,0,47.6916,-122.34,1430,1448,2742,2878,1410,9,9
3,2.5,1770,5000,2,0,0,3,7,1770,0,47.3358,-122.051,2230,5200,6770,7430,1770,5,5
3,1.5,1310,8160,1,0,0,3,7,1310,0,47.7291,-122.339,1090,7560,9470,8650,1310,64,64
3,2,2470,8800,2,0,0,3,9,2470,0,47.5753,-122.222,2340,10980,11270,13320,2470,53,10
3,1.5,1370,10317,1,0,0,3,6,1370,0,47.4731,-122.298,1370,9884,11687,11254,1370,57,57
4,1.75,1530,18400,1,0,0,4,6,1530,0,47.329,-122.219,1620,13535,19930,15155,1530,76,76
3,1,1640,12384,1,0,0,4,7,1090,550,47.3256,-122.298,1550,11200,14024,12750,1640,60,60
3,2,1610,15005,1,0,0,4,7,1610,0,47.6886,-121.911,1610,15479,16615,17089,1610,28,28
5,3.25,3060,11778,2,0,0,3,8,3060,0,47.7212,-122.222,1840,10403,14838,12243,3060,10,10
3,2,1440,3900,1,0,0,3,8,1440,0,47.7022,-122.021,1350,3900,5340,5250,1440,12,12
4,1.75,1400,25500,1,0,0,4,7,1400,0,47.36,-122.164,2170,25500,26900,27670,1400,50,50
4,3.25,2500,5801,1,0,0,3,8,1960,540,47.632,-122.29,3670,7350,8301,11020,2500,88,88
3,1,1350,8700,1,0,0,3,6,1350,0,47.4497,-122.289,1300,8700,10050,10000,1350,72,72
3,2.5,1460,1614,2,0,0,3,8,1180,280,47.6781,-122.374,1380,1402,3074,2782,1460,7,7
2,1,900,6400,1,0,0,5,6,900,0,47.2113,-121.992,1320,6400,7300,7720,900,76,76
5,2.25,2640,14959,1,0,0,4,7,1770,870,47.6191,-122.234,3240,17904,17599,21144,2640,86,86
3,1.5,1310,9273,1,0,0,4,7,1310,0,47.3683,-122.147,1710,9600,10583,11310,1310,46,46
4,4.5,3180,4606,2,0,3,4,9,1990,1190,47.6402,-122.405,2110,5323,7786,7433,3180,85,85
4,1.75,2440,5000,1,0,0,3,8,1340,1100,47.6823,-122.371,2170,5000,7440,7170,2440,60,60
4,4.5,4060,10800,2,0,0,3,10,4060,0,47.4241,-122.29,1830,9768,14860,11598,4060,8,8
3,2.5,1690,3827,2,0,0,3,7,1690,0,47.6768,-122.029,1690,3129,5517,4819,1690,9,9
4,2.5,2740,5000,2,0,0,3,9,2740,0,47.674,-122.371,1660,5000,7740,6660,2740,3,3
3,2,3120,9400,1,0,0,5,9,1820,1300,47.5612,-122.15,2770,9500,12520,12270,3120,36,36
3,2.5,1840,8234,2,0,0,3,8,1840,0,47.267,-122.312,1940,7601,10074,9541,1840,20,20
3,1.75,1350,9000,1,0,0,3,7,1350,0,47.4487,-121.773,1370,9500,10350,10870,1350,28,28
3,2,2660,4500,1,0,0,4,7,1330,1330,47.6391,-122.403,1790,5000,7160,6790,2660,92,92
2,2.25,1610,2040,2,0,0,4,7,1610,0,47.518,-122.194,1950,2025,3650,3975,1610,35,35
3,2.25,1870,4894,2,0,0,4,8,1750,120,47.6943,-122.19,1920,5988,6764,7908,1870,23,23
5,3.75,4960,13990,2,0,2,3,11,3760,1200,47.5491,-122.137,5200,18116,18950,23316,4960,13,13
4,3.5,3000,5300,1,0,0,5,7,1780,1220,47.6748,-122.279,1360,5450,8300,6810,3000,66,66
4,1.5,2310,13300,1,0,0,3,7,1890,420,47.6232,-122.21,2840,12744,15610,15584,2310,64,64
4,2,1940,25600,1,0,0,1,8,1940,0,47.5722,-122.129,2000,10071,27540,12071,1940,52,52
2,2.25,2130,5920,1,0,0,3,8,1830,300,47.6792,-122.275,2130,7192,8050,9322,2130,64,64
3,1,1260,9638,2,0,0,4,7,1260,0,47.6773,-122.178,1760,7822,10898,9582,1260,94,94
4,3.75,3790,8797,2,0,0,3,11,3290,500,47.6351,-122.236,2660,12150,12587,14810,3790,9,9
3,1.75,1600,20873,1,0,0,3,8,1600,0,47.5632,-122.182,2640,18364,22473,21004,1600,59,59
3,2.5,1150,887,3,0,0,3,7,1150,0,47.7072,-122.356,1180,915,2037,2095,1150,7,7
5,3.25,4500,9648,2,0,4,4,8,3000,1500,47.7262,-122.282,2780,21132,14148,23912,4500,46,46
3,1,1700,6356,1,0,0,3,7,1700,0,47.5677,-122.281,2080,6000,8056,8080,1700,107,107
3,1,1270,8000,1,0,0,4,6,1270,0,47.6175,-122.118,1210,7875,9270,9085,1270,55,55
3,1.5,2090,11895,1,0,0,3,7,1790,300,47.5362,-122.267,2180,11072,13985,13252,2090,61,61
5,3,3850,14990,1,0,0,4,9,2290,1560,47.6425,-122.218,3010,15001,18840,18011,3850,50,50
4,1.75,1770,7336,1,0,0,4,8,1770,0,47.4265,-122.163,2030,8183,9106,10213,1770,29,29
3,2.5,2320,7609,2,0,0,3,8,2320,0,47.5391,-122.069,2590,4000,9929,6590,2320,11,11
2,1,960,8153,1,0,0,3,6,960,0,47.7341,-122.3,1160,8199,9113,9359,960,67,67
5,1.75,1660,78408,1,0,0,3,6,1660,0,47.529,-121.837,1660,78408,80068,80068,1660,99,99
2,1,800,10625,1,0,0,3,6,800,0,47.496,-122.317,1130,10625,11425,11755,800,72,72
1,1.5,1100,3451,1,0,0,4,8,1100,0,47.3829,-122.322,1400,4560,4551,5960,1100,37,37
4,2.25,2220,15232,1,0,0,3,9,1690,530,47.7449,-122.103,2110,15280,17452,17390,2220,37,37
6,4,5330,18116,2,0,0,3,11,3950,1380,47.5503,-122.137,4590,16900,23446,21490,5330,15,15
4,2,1630,7618,1,0,0,3,7,1630,0,47.3658,-122.317,1320,8774,9248,10094,1630,48,48
4,3.25,2690,7200,2,0,3,3,9,1720,970,47.7341,-122.288,2400,8845,9890,11245,2690,36,36
3,2,980,5000,1,0,0,3,6,980,0,47.595,-122.308,1970,3025,5980,4995,980,74,74
3,1,900,10511,1,0,0,4,6,900,0,47.2883,-122.272,1460,10643,11411,12103,900,54,54
4,1.75,1760,5356,1,0,0,4,7,920,840,47.679,-122.288,1680,5184,7116,6864,1760,64,64
3,1,1810,12375,2,0,0,3,7,1810,0,47.7427,-122.172,1420,9357,14185,10777,1810,44,44
4,3.25,4360,210254,1,0,0,3,10,2320,2040,47.4375,-122.008,2410,87120,214614,89530,4360,15,15
4,2.25,1990,4600,1,0,2,4,8,1420,570,47.5638,-122.38,1810,5750,6590,7560,1990,82,82
2,1.75,2430,23400,1,0,4,3,10,2430,0,47.7616,-122.372,3150,23600,25830,26750,2430,63,63
3,2.5,2180,15484,1,0,0,3,8,2180,0,47.2688,-122.309,2090,10775,17664,12865,2180,22,22
4,2.5,2610,8031,2,0,0,3,8,2610,0,47.7717,-122.27,2320,8031,10641,10351,2610,16,16
4,1,2140,4217,1,0,0,3,6,1320,820,47.5484,-122.287,1720,5413,6357,7133,2140,90,90
5,4,4690,8208,2,0,0,3,9,3040,1650,47.6321,-122.304,3300,8001,12898,11301,4690,89,89
2,1,1040,13920,1,0,0,3,6,1040,0,47.3756,-122.306,1100,7575,14960,8675,1040,41,41
4,2.5,2470,33305,2,0,0,3,9,2470,0,47.6303,-121.99,2440,33305,35775,35745,2470,21,21
4,2.5,2310,14023,2,0,0,3,9,2310,0,47.7351,-121.964,2410,14007,16333,16417,2310,23,23
3,2.25,1540,17424,2,0,0,3,7,1540,0,47.4429,-121.759,1560,11439,18964,12999,1540,22,22
4,2.5,2640,5595,2,0,0,3,8,2640,0,47.3551,-122.054,1840,5011,8235,6851,2640,3,3
3,1.75,1430,53628,2,0,0,3,8,1430,0,47.5577,-121.891,2100,53628,55058,55728,1430,29,29
4,2.5,2860,5576,2,0,0,3,8,2860,0,47.745,-122.224,2290,10667,8436,12957,2860,10,10
3,2.5,1800,2792,2,0,0,3,8,1800,0,47.5442,-122.371,1580,2617,4592,4197,1800,3,3
2,1.75,1440,5680,1,0,0,4,8,1440,0,47.3825,-122.319,1320,3547,7120,4867,1440,36,36
4,2.75,3340,7230,2,0,0,3,9,3340,0,47.549,-122.096,3230,7529,10570,10759,3340,18,18
4,1.5,1790,4080,1,0,0,5,7,1790,0,47.5749,-122.291,1710,4080,5870,5790,1790,87,87
1,1.5,1030,5923,1,0,0,3,8,1030,0,47.6653,-122.305,2650,5000,6953,7650,1030,75,75
5,2,1750,10284,1,0,0,4,5,1750,0,47.5094,-122.182,1560,9010,12034,10570,1750,71,71
3,2,1610,14046,2,0,0,3,7,1610,0,47.7704,-122.264,2410,9000,15656,11410,1610,81,26
4,2,1720,6413,1,0,0,4,7,860,860,47.5734,-122.395,1280,6413,8133,7693,1720,64,64
2,1,1460,9207,1,0,0,3,7,1210,250,47.7195,-122.287,1500,6898,10667,8398,1460,68,68
4,2.5,1850,8310,1,0,0,3,7,1200,650,47.7717,-122.29,1840,10080,10160,11920,1850,53,53
4,2.5,3430,35120,2,0,0,3,10,3430,0,47.6484,-122.182,3920,35230,38550,39150,3430,31,31
4,2.25,2760,5200,2,0,0,3,7,1790,970,47.589,-122.313,1310,2059,7960,3369,2760,105,12
4,1,1290,5000,1,0,0,3,7,1290,0,47.513,-122.358,1440,2500,6290,3940,1290,57,57
5,3.5,3260,58806,2,0,0,4,8,3260,0,47.3703,-122.159,1810,17927,62066,19737,3260,45,45
4,2.5,2180,10140,1,0,0,4,7,1180,1000,47.6822,-122.111,1840,9375,12320,11215,2180,46,46
4,2.5,3470,20445,2,0,0,4,10,3470,0,47.547,-122.219,3360,21950,23915,25310,3470,51,51
4,3.5,4440,10660,2,0,0,3,11,4440,0,47.5294,-122.137,4390,9976,15100,14366,4440,11,11
2,1,1220,5040,1,0,0,3,7,1220,0,47.6957,-122.364,1420,5040,6260,6460,1220,53,53
2,1,820,4025,1,0,2,5,6,820,0,47.5649,-122.38,1410,5750,4845,7160,820,92,92
5,3.25,4290,7019,2,0,0,4,10,3590,700,47.6439,-122.302,1920,4000,11309,5920,4290,87,87
3,2.5,2380,6832,2,0,0,3,8,2380,0,47.5372,-121.876,2580,6832,9212,9412,2380,12,12
4,2.75,3040,13559,2,0,0,3,11,3040,0,47.522,-122.149,3830,12202,16599,16032,3040,11,11
4,2.75,3560,8975,2,0,0,3,10,3560,0,47.6322,-122.209,3440,12825,12535,16265,3560,0,0
3,1,1590,8160,1,0,1,3,7,1090,500,47.4013,-122.321,1540,10500,9750,12040,1590,60,60
3,1.75,2350,12720,1,0,0,4,7,1180,1170,47.3594,-122.175,1680,10400,15070,12080,2350,51,51
3,2.5,3087,5002,2,0,0,3,8,3087,0,47.2974,-122.349,2927,5183,8089,8110,3087,0,0
3,3,2110,4000,1,0,2,4,7,1110,1000,47.5696,-122.375,1730,4000,6110,5730,2110,49,49
3,1,990,8255,1,0,0,3,7,990,0,47.425,-122.331,1180,9750,9245,10930,990,61,61
3,1.5,1320,8000,1,0,0,3,7,1320,0,47.6027,-122.122,1720,8100,9320,9820,1320,58,58
4,2.5,2830,20345,2,0,0,3,10,1980,850,47.6462,-122.191,2830,13732,23175,16562,2830,35,35
3,1.5,1670,3852,2,0,3,4,8,1670,0,47.6411,-122.371,2320,4572,5522,6892,1670,87,87
3,1.5,2030,14400,1,0,0,4,7,1310,720,47.2639,-122.285,1330,14400,16430,15730,2030,45,45
2,1,820,6250,1,0,0,4,5,820,0,47.5479,-122.384,1300,6250,7070,7550,820,92,92
3,1.75,1740,6800,1,0,0,4,7,1740,0,47.5314,-122.373,990,6800,8540,7790,1740,65,65
2,1,1400,8220,1,0,0,3,7,1400,0,47.7228,-122.357,1760,8220,9620,9980,1400,65,65
3,2.5,1260,1211,3,0,0,3,8,1260,0,47.6969,-122.343,1270,1211,2471,2481,1260,10,10
4,2.5,1900,21780,1,0,0,3,7,1900,0,47.3776,-122.314,1240,9166,23680,10406,1900,75,28
3,2.5,1320,2614,2,0,0,3,7,1320,0,47.5355,-122.283,1320,2533,3934,3853,1320,9,9
2,1,830,4000,1,0,0,3,6,830,0,47.6929,-122.379,950,4000,4830,4950,830,59,59
4,4,4500,11795,2,0,0,3,12,4500,0,47.5533,-122.098,3930,11576,16295,15506,4500,23,23
4,1.5,2290,10372,1,0,0,3,7,1510,780,47.6888,-122.199,1900,8109,12662,10009,2290,50,28
4,2.5,2820,6666,2,0,0,3,9,2820,0,47.3473,-122.031,1880,7200,9486,9080,2820,7,7
4,2.75,3190,19513,2,0,4,4,10,3190,0,47.6991,-122.235,2750,13496,22703,16246,3190,32,32
2,1.5,1160,3838,2,0,0,3,7,1160,0,47.7255,-122.164,1410,3780,4998,5190,1160,32,32
4,3,2840,4120,1,0,0,4,8,2060,780,47.5683,-122.283,1840,5871,6960,7711,2840,83,83
3,1,1060,9506,1,0,0,3,7,1060,0,47.7317,-122.31,1520,8469,10566,9989,1060,55,55
4,2.5,1910,1502,3,0,0,3,8,1910,0,47.6747,-122.393,1520,3888,3412,5408,1910,0,0
5,1.75,2020,6565,1,0,0,3,8,1120,900,47.6821,-122.283,2020,6552,8585,8572,2020,58,58
2,1,760,5500,1,0,0,3,5,760,0,47.5045,-122.329,1040,5515,6260,6555,760,67,67
3,2,1880,9659,1,0,0,3,8,1180,700,47.7497,-122.284,1780,9659,11539,11439,1880,63,63
3,2.5,1730,4086,2,0,0,3,8,1730,0,47.5016,-122.341,2030,4086,5816,6116,1730,2,2
4,2.5,2670,13463,2,0,0,4,9,2670,0,47.5627,-122.018,2560,10982,16133,13542,2670,25,25
3,1,1070,9497,1,0,0,3,7,1070,0,47.7425,-122.23,1710,9561,10567,11271,1070,59,59
3,1,1220,4541,1,0,0,3,7,890,330,47.5387,-122.294,1670,3429,5761,5099,1220,63,63
4,1.5,1570,9210,1,0,2,3,7,1400,170,47.3864,-122.22,2326,9210,10780,11536,1570,50,50
3,1.75,1490,8000,1,0,0,3,8,1490,0,47.3817,-122.166,1740,8165,9490,9905,1490,36,36
3,1.75,1430,10350,1,0,0,3,7,1430,0,47.6353,-122.123,1890,10350,11780,12240,1430,56,56
2,1,900,9260,1,0,0,3,7,900,0,47.6695,-122.36,1230,6913,10160,8143,900,68,68
2,1,950,4000,1,0,0,3,6,950,0,47.5728,-122.312,1480,4000,4950,5480,950,105,105
4,2.25,2420,7927,1,0,0,4,7,1400,1020,47.7583,-122.343,2120,7693,10347,9813,2420,41,41
3,2.25,2110,7350,1,0,0,3,8,1530,580,47.3088,-122.341,2640,7777,9460,10417,2110,34,34
5,1.75,2020,5100,1,0,0,5,7,1320,700,47.6915,-122.345,1130,5100,7120,6230,2020,104,104
3,2.5,3240,33661,2,0,0,3,8,3240,0,47.4785,-122.095,1870,43560,36901,45430,3240,13,13
5,4,4460,269345,2,0,4,3,9,3330,1130,47.4992,-122.06,2670,115434,273805,118104,4460,19,19
3,1.5,1260,5758,2,0,0,3,7,1260,0,47.5524,-122.139,3090,10142,7018,13232,1260,15,15
3,2.5,2090,7640,1,0,0,3,7,1360,730,47.7369,-122.338,2090,7668,9730,9758,2090,52,0
4,3.5,3310,6000,2,0,2,3,8,2200,1110,47.5511,-122.391,1420,6000,9310,7420,3310,5,5
3,2.5,2540,40106,2,0,0,3,10,2540,0,47.6037,-122.043,3190,71797,42646,74987,2540,23,23
4,2,1610,8000,1,0,0,3,7,1190,420,47.6301,-122.118,1560,7896,9610,9456,1610,49,49
3,1.5,1240,8410,1,0,0,5,6,1240,0,47.753,-122.328,1630,8410,9650,10040,1240,67,67
3,1,1240,7194,1,0,0,3,6,1090,150,47.7636,-122.202,2090,8514,8434,10604,1240,79,79
4,1.75,2560,43995,2,0,0,4,7,2560,0,47.6945,-122.093,2560,14764,46555,17324,2560,53,53
3,1.5,1870,3300,2,0,2,3,7,1870,0,47.6221,-122.325,1820,2460,5170,4280,1870,108,108
3,1.75,1690,8901,1,0,0,3,7,1690,0,47.3546,-122.176,1690,7532,10591,9222,1690,29,29
5,2,3160,3990,1,0,0,3,7,1870,1290,47.654,-122.337,1780,4240,7150,6020,3160,92,92
3,2.5,1340,3011,2,0,0,3,7,1340,0,47.3839,-122.038,1060,3232,4351,4292,1340,19,19
5,3.5,2730,42500,1,0,0,3,8,1530,1200,47.4587,-121.996,3180,37970,45230,41150,2730,25,25
2,1.75,2060,2700,1,0,0,3,7,1030,1030,47.6856,-122.312,1390,2700,4760,4090,2060,85,85
4,2.75,2190,6740,2,0,0,3,7,2190,0,47.3804,-122.027,1950,7150,8930,9100,2190,20,20
2,2.5,1480,2167,2,0,0,3,8,1390,90,47.6658,-122.132,2130,2556,3647,4686,1480,7,7
3,2.25,2000,217800,2,0,0,3,8,2000,0,47.5599,-121.911,2220,217800,219800,220020,2000,19,19
3,1,1200,13100,1,0,0,3,6,1200,0,47.475,-122.258,1960,11285,14300,13245,1200,71,71
2,2.25,1660,2748,2,0,0,3,7,1660,0,47.4333,-122.212,1620,3167,4408,4787,1660,19,19
2,2.5,1720,3132,2,0,0,3,8,1720,0,47.3728,-122.157,1740,4220,4852,5960,1720,16,16
3,1,1560,3960,1,0,0,4,7,1560,0,47.5936,-122.301,1280,3960,5520,5240,1560,107,107
3,2.25,1760,11946,2,0,0,3,8,1760,0,47.624,-122.05,2080,12068,13706,14148,1760,36,36
3,2.25,1500,8100,1,0,0,3,7,1210,290,47.4632,-122.19,1600,7896,9600,9496,1500,47,47
3,1,890,5200,1,0,0,3,7,890,0,47.559,-122.277,1420,6000,6090,7420,890,58,58
4,2.75,3510,9400,2,0,0,3,9,3510,0,47.4827,-122.131,3550,9429,12910,12979,3510,0,0
5,4,4230,27295,2,1,4,3,8,3230,1000,47.6803,-122.214,2660,27295,31525,29955,4230,65,29
4,2.5,2590,16437,2,0,0,3,8,2590,0,47.3714,-122.059,2320,15625,19027,17945,2590,28,28
3,2.25,1800,6680,2,0,0,3,8,1800,0,47.7293,-122.223,1630,8621,8480,10251,1800,31,31
3,2.25,1900,7225,1,0,0,3,8,1220,680,47.6394,-122.113,1900,7399,9125,9299,1900,44,44
3,1.75,1640,17583,1,0,0,3,7,1110,530,47.726,-122.203,1420,11680,19223,13100,1640,45,45
3,2.5,2070,25710,1,0,0,5,6,2070,0,47.2032,-121.964,1350,17998,27780,19348,2070,98,98
3,1.5,1380,12196,1,0,0,4,7,1380,0,47.3204,-122.322,1600,10720,13576,12320,1380,47,47
3,1.75,1750,11340,1,0,1,4,7,1300,450,47.6099,-122.058,2310,11340,13090,13650,1750,27,27
3,2.25,2080,2050,1,0,0,3,7,1550,530,47.4199,-122.157,2080,2275,4130,4355,2080,11,11
4,3.5,3040,4006,2,0,0,3,8,2350,690,47.5439,-122.011,2050,4000,7046,6050,3040,1,1
2,1,1220,2500,1,0,0,3,6,770,450,47.5727,-122.372,1540,3000,3720,4540,1220,104,104
2,2.25,1130,2191,2,0,0,3,8,1130,0,47.6861,-122.103,1140,1710,3321,2850,1130,4,4
5,2.5,4870,11800,2,0,0,3,10,3470,1400,47.633,-122.041,3180,11398,16670,14578,4870,31,31
4,2.5,2700,25870,2,0,0,4,8,2700,0,47.6934,-122.161,1540,20720,28570,22260,2700,23,23
3,2.5,2140,10136,1,0,0,3,8,1320,820,47.5602,-122.184,1980,11200,12276,13180,2140,57,57
3,1.75,1730,9211,1,0,0,3,8,1730,0,47.7149,-122.322,1440,9211,10941,10651,1730,53,53
5,1,1760,4264,2,0,0,3,8,1760,0,47.6246,-122.312,2130,4264,6024,6394,1760,112,112
3,1.75,1580,11750,1,0,0,4,7,1180,400,47.5368,-122.265,2150,11750,13330,13900,1580,63,63
2,1,570,81893,1,0,1,3,6,570,0,47.4433,-122.444,2040,115434,82463,117474,570,78,78
4,1.75,2320,4322,1,0,0,3,7,1140,1180,47.5755,-122.289,1820,4322,6642,6142,2320,104,104
3,1,1050,9206,1,0,0,3,7,1050,0,47.7071,-122.301,1380,6384,10256,7764,1050,60,60
4,1.75,1000,7200,1,0,0,4,6,1000,0,47.742,-122.324,1280,7200,8200,8480,1000,67,67
4,2.5,2610,7254,1,0,0,2,8,1610,1000,47.5618,-122.176,2250,7407,9864,9657,2610,40,40
2,1.5,1520,8040,1,0,0,5,7,1520,0,47.7131,-122.306,1440,8040,9560,9480,1520,63,63
2,2.25,1550,1824,2,0,0,3,8,1550,0,47.5396,-122.368,1460,1826,3374,3286,1550,7,7
2,1,1210,7667,1,0,0,3,6,900,310,47.6571,-122.396,1330,6462,8877,7792,1210,65,65
3,2.5,2750,35000,2,0,0,3,9,2750,0,47.75,-122.024,2780,35862,37750,38642,2750,22,22
4,2.25,2130,7172,2,0,0,4,8,2130,0,47.6271,-122.112,1910,7653,9302,9563,2130,51,51
4,2.75,1830,7315,1,0,0,5,7,1250,580,47.2989,-122.38,1730,7208,9145,8938,1830,35,35
4,1.75,2200,7475,1,0,0,5,7,1100,1100,47.543,-122.28,1600,5766,9675,7366,2200,59,59
3,1,1050,8498,1,0,0,3,7,1050,0,47.4038,-122.203,1340,8498,9548,9838,1050,56,56
2,1,900,8000,1,0,0,4,6,900,0,47.4217,-122.317,1240,8000,8900,9240,900,60,60
3,1.5,1360,8910,2,0,0,5,7,1360,0,47.4488,-122.275,1220,8912,10270,10132,1360,66,66
5,2.75,1340,11583,1,0,0,3,7,1190,150,47.709,-122.214,1950,10514,12923,12464,1340,52,52
3,2.25,2070,7225,1,0,0,3,8,1690,380,47.3551,-122.148,2070,7400,9295,9470,2070,36,36
4,2,1870,7700,1,0,0,3,8,1870,0,47.4619,-122.196,2270,8580,9570,10850,1870,49,49
4,2.5,2780,7290,2,0,0,3,8,2780,0,47.509,-122.157,2450,7738,10070,10188,2780,25,25
3,2.5,2200,4692,2,0,0,3,8,2200,0,47.7761,-122.169,2440,3833,6892,6273,2200,10,10
4,2,1950,9940,1,0,0,4,7,1950,0,47.6332,-122.118,1920,9270,11890,11190,1950,52,52
3,2,2570,28500,1,0,0,3,9,1970,600,47.7318,-122.138,3070,32400,31070,35470,2570,31,31
2,1,880,5111,1,0,0,3,6,880,0,47.6997,-122.314,1370,5111,5991,6481,880,83,83
3,1,860,33664,1,0,0,4,6,860,0,47.295,-122.275,1290,18287,34524,19577,860,59,59
3,1,1080,10639,1,0,0,3,7,1080,0,47.3171,-122.219,1470,10600,11719,12070,1080,61,61
3,2.75,2190,11060,1,0,0,4,7,1610,580,47.6893,-122.208,2020,8588,13250,10608,2190,41,41
3,3,1560,1466,3,0,0,3,8,1560,0,47.6604,-122.352,1530,2975,3026,4505,1560,8,8
2,1,1310,5200,1,0,0,3,7,910,400,47.6784,-122.304,1320,4794,6510,6114,1310,69,69
5,2.25,2410,12000,2,0,0,4,8,2410,0,47.5434,-122.175,2080,12000,14410,14080,2410,42,42
2,1,940,6350,1,0,0,4,5,940,0,47.698,-122.357,1490,6350,7290,7840,940,73,73
3,2.25,1750,9353,1,0,0,3,7,1210,540,47.7305,-122.225,1930,8545,11103,10475,1750,27,27
3,0.75,1030,12700,1,0,0,4,5,1030,0,47.3877,-122.236,1140,6955,13730,8095,1030,71,71
3,1.75,1990,5560,1,0,0,4,7,1100,890,47.664,-122.287,1460,3706,7550,5166,1990,75,75
3,2.5,2410,46609,2,0,0,3,9,2410,0,47.6789,-122.048,3370,40072,49019,43442,2410,25,25
2,1,940,15000,1,0,0,3,7,940,0,47.4312,-122.195,1450,15000,15940,16450,940,54,54
3,1,1010,7034,1,0,0,3,7,1010,0,47.49,-122.22,1440,10994,8044,12434,1010,60,60
4,2.25,3780,5160,2,0,0,4,9,2510,1270,47.6275,-122.308,2740,5160,8940,7900,3780,107,107
4,3,2910,8027,1,0,0,5,8,1800,1110,47.6939,-122.391,2390,7660,10937,10050,2910,45,45
4,1.75,1950,12500,1,0,0,3,7,1330,620,47.4999,-122.327,1760,11520,14450,13280,1950,51,51
3,1.75,1850,14986,2,0,0,3,6,1850,0,47.4837,-122.148,2660,10650,16836,13310,1850,71,9
3,2.25,2030,9791,1,0,0,4,8,1500,530,47.534,-122.161,2030,11031,11821,13061,2030,30,30
4,2.5,3290,5951,2,0,0,3,9,3290,0,47.5999,-121.976,3240,6159,9241,9399,3290,11,11
5,4.25,4610,13252,2,0,4,3,11,4610,0,47.5878,-121.969,4400,15154,17862,19554,4610,10,10
3,1.75,1340,10276,1,0,0,4,7,1340,0,47.7207,-122.222,2950,7987,11616,10937,1340,53,53
3,3.25,2080,3025,2,0,2,4,8,1220,860,47.6051,-122.289,2680,6518,5105,9198,2080,30,30
5,2.5,2580,11250,1,0,0,3,7,1410,1170,47.397,-122.313,2240,11780,13830,14020,2580,50,50
4,1.5,1730,7700,1,0,0,4,7,1010,720,47.4996,-122.163,1650,8066,9430,9716,1730,52,52
3,2.5,2160,7525,2,0,0,3,9,2160,0,47.6608,-122.145,2470,7941,9685,10411,2160,28,28
3,2,1860,9100,1,0,0,3,8,1860,0,47.7522,-122.304,1620,9519,10960,11139,1860,75,8
5,3.5,2980,5100,2,0,0,3,10,2370,610,47.6782,-122.299,1780,5100,8080,6880,2980,0,0
3,1.5,1470,9570,1,0,0,3,7,1280,190,47.7032,-122.306,1390,9570,11040,10960,1470,74,74
4,2.5,2430,5556,2,0,0,4,8,2430,0,47.3762,-122.126,2430,5556,7986,7986,2430,11,11
5,3.5,3700,7055,2,0,0,3,9,3700,0,47.5929,-122.057,3170,6527,10755,9697,3700,1,1
3,1.5,1210,10588,1,0,0,4,7,1210,0,47.2876,-122.212,1408,10588,11798,11996,1210,56,56
3,2,1660,8281,1,0,0,3,7,1660,0,47.5568,-122.382,1660,7559,9941,9219,1660,65,65
3,3,2630,4972,2,0,0,3,9,2630,0,47.693,-122.133,2880,4972,7602,7852,2630,8,8
5,3.5,4150,13232,2,0,0,3,11,4150,0,47.3417,-122.182,3840,15121,17382,18961,4150,9,9
3,2.75,1740,5757,1,0,0,3,7,1740,0,47.1941,-121.979,2380,5647,7497,8027,1740,5,5
3,1.5,1870,7853,1,0,0,3,7,1300,570,47.7045,-122.281,1870,8300,9723,10170,1870,52,52
4,2.25,2680,35218,2,0,0,3,8,2680,0,47.4613,-121.997,2980,35218,37898,38198,2680,28,28
5,1.75,1830,16650,1,0,0,3,7,1610,220,47.7734,-122.315,1790,12743,18480,14533,1830,57,57
3,1.75,1700,7532,1,0,0,3,7,1700,0,47.355,-122.176,1690,7405,9232,9095,1700,27,27
3,2.5,1250,1150,2,0,0,3,8,1080,170,47.5582,-122.363,1250,1150,2400,2400,1250,6,6
3,2.25,2160,37000,1,0,0,4,7,1760,400,47.7297,-122.139,2540,37000,39160,39540,2160,81,81
3,1.75,1820,7194,1,0,0,4,7,1820,0,47.3352,-122.307,1420,7560,9014,8980,1820,48,48
3,1,1160,8950,1,0,0,3,7,1160,0,47.7499,-122.338,1210,8193,10110,9403,1160,46,46
4,2.5,2100,8800,1,0,2,4,7,1240,860,47.6146,-122.114,2000,8800,10900,10800,2100,54,54
2,1,990,9223,1,0,0,3,7,990,0,47.72,-122.32,1230,7244,10213,8474,990,65,65
4,1,1350,4000,1,0,0,3,8,1350,0,47.6885,-122.386,1520,4000,5350,5520,1350,84,84
4,2.75,2910,7467,2,0,0,3,8,2910,0,47.4841,-121.772,2790,7868,10377,10658,2910,1,1
4,2,1470,7412,1,0,0,3,7,1470,0,47.3702,-122.318,1390,7825,8882,9215,1470,47,47
4,2.5,2220,7210,1,0,0,3,7,1270,950,47.7428,-122.183,2220,7313,9430,9533,2220,42,42
3,2.5,1480,4729,2,0,0,3,7,1480,0,47.6794,-122.034,2250,4729,6209,6979,1480,11,11
3,2.25,2300,35287,2,0,0,3,8,2300,0,47.2477,-121.937,1760,47916,37587,49676,2300,38,38
3,1.5,2160,9000,1,0,2,4,8,1400,760,47.7241,-122.369,3010,9000,11160,12010,2160,65,65
2,1,620,14823,1,0,0,3,6,620,0,47.7322,-122.3,1400,7930,15443,9330,620,89,89
4,2.5,2430,4747,2,0,0,3,8,2430,0,47.5285,-122.031,1930,7200,7177,9130,2430,6,6
3,2.5,2620,4874,2,0,0,3,7,2620,0,47.5328,-121.879,2360,4231,7494,6591,2620,16,16
4,4.25,4930,25714,2,0,0,3,12,4930,0,47.3069,-122.148,3620,23035,30644,26655,4930,9,9
3,3,2700,47050,2,0,0,4,9,1570,1130,47.4446,-122.104,2260,45901,49750,48161,2700,28,28
4,1.5,2310,68824,2,0,0,4,7,2310,0,47.3354,-122.031,2020,39900,71134,41920,2310,46,46
3,2.5,2770,8820,1,0,0,3,7,1900,870,47.3685,-122.048,1850,10920,11590,12770,2770,34,10
4,2.5,2400,6078,2,0,0,3,8,2400,0,47.2606,-122.285,2406,7642,8478,10048,2400,14,14
4,3.25,3530,8589,2,0,0,3,10,3530,0,47.6975,-122.195,2470,9019,12119,11489,3530,7,7
3,2.5,2220,2873,2,0,0,3,10,2010,210,47.5311,-122.074,2290,3213,5093,5503,2220,2,2
3,1.75,1720,13104,1,0,0,4,7,1720,0,47.4709,-122.26,1840,13104,14824,14944,1720,52,52
3,2.5,3130,8750,2,0,0,3,10,3130,0,47.6954,-122.103,2860,9003,11880,11863,3130,24,24
2,1,670,6000,1,0,0,5,6,670,0,47.561,-122.275,1240,5040,6670,6280,670,66,66
2,1.5,1300,7632,1,0,2,3,7,1300,0,47.6134,-122.308,1420,1676,8932,3096,1300,71,71
3,3.5,3070,7050,1,0,3,3,8,1570,1500,47.7076,-122.276,2350,5881,10120,8231,3070,87,19
4,2.25,2120,7700,1,0,0,4,7,1490,630,47.7207,-122.165,1890,8203,9820,10093,2120,38,38
2,1,1210,7140,1,0,0,3,6,1210,0,47.7225,-122.349,1150,7376,8350,8526,1210,94,94
3,1.5,2060,15837,1,0,0,3,6,2060,0,47.4819,-122.223,2190,8549,17897,10739,2060,111,111
3,2.25,1660,3478,1,0,0,4,7,1100,560,47.6773,-122.372,1610,3478,5138,5088,1660,85,85
4,1.75,1520,5250,1,0,0,3,6,1520,0,47.6581,-122.39,1530,5250,6770,6780,1520,65,65
4,2.25,2140,8800,2,0,0,4,7,2140,0,47.3655,-122.291,2060,9790,10940,11850,2140,52,52
5,4.25,4230,6907,2,0,0,3,10,3450,780,47.6866,-122.205,2650,8076,11137,10726,4230,6,6
3,1,1840,10178,1,0,0,3,7,1040,800,47.3979,-122.317,2040,10660,12018,12700,1840,54,54
3,2.5,2360,12987,2,0,0,3,8,2360,0,47.5471,-122.149,2480,11665,15347,14145,2360,32,32
3,2.25,1890,8400,1,0,0,3,8,1520,370,47.7103,-122.232,1830,7980,10290,9810,1890,38,38
2,1,970,5500,1,0,0,3,7,970,0,47.556,-122.291,1180,6000,6470,7180,970,58,58
3,1.75,1980,6760,1,0,0,4,8,1980,0,47.6398,-122.113,2120,7280,8740,9400,1980,41,41
3,2.25,1780,10395,1,0,0,3,8,1780,0,47.4539,-122.15,2080,9360,12175,11440,1780,47,47
1,1,1180,22000,1,0,2,3,6,1180,0,47.4007,-122.323,1890,11761,23180,13651,1180,66,66
4,3.25,3410,10125,2,0,0,3,10,3410,0,47.5653,-122.223,2290,10125,13535,12415,3410,8,8
3,2,1700,5100,1,0,0,4,7,1500,200,47.679,-122.39,1700,5100,6800,6800,1700,91,91
4,2.5,2280,9827,2,0,0,3,8,2280,0,47.6883,-122.168,1660,9827,12107,11487,2280,19,19
3,2.5,2150,7484,2,0,0,3,8,2150,0,47.6191,-122.043,2150,6879,9634,9029,2150,26,26
2,1,1500,6685,1,0,0,3,7,1190,310,47.7186,-122.354,1420,6561,8185,7981,1500,89,89
3,1,1220,13000,1,0,0,4,7,1220,0,47.7608,-122.353,1510,12600,14220,14110,1220,59,59
3,2,1340,4320,1,0,0,3,5,920,420,47.299,-122.228,980,6480,5660,7460,1340,102,21
7,3.75,2310,5000,2,0,0,3,8,2310,0,47.6781,-122.376,1360,1552,7310,2912,2310,30,30
2,2.5,1170,1638,2,0,0,3,8,1170,0,47.7041,-122.351,1350,1407,2808,2757,1170,7,7
4,2.5,3250,4500,2,0,0,3,8,3250,0,47.4944,-122.149,3030,4518,7750,7548,3250,5,5
3,3.25,3440,4080,2,0,0,3,9,2560,880,47.6644,-122.28,3110,4080,7520,7190,3440,9,9
3,2.5,2040,7605,2,0,0,3,8,2040,0,47.4876,-121.779,2150,7545,9645,9695,2040,19,19
3,1.75,1980,7000,1,0,0,4,8,1360,620,47.4442,-122.129,1880,7200,8980,9080,1980,37,37
5,2.5,3490,18850,1,0,4,4,9,1840,1650,47.5955,-122.176,2690,11625,22340,14315,3490,56,56
4,1.75,2440,8100,1,0,0,4,9,1620,820,47.7201,-122.361,2030,8100,10540,10130,2440,54,54
5,2.75,3650,20150,1,0,0,4,10,2360,1290,47.6215,-122.224,3220,19800,23800,23020,3650,39,39
4,1.75,2400,10050,1,0,0,5,8,2400,0,47.6339,-122.124,1680,10050,12450,11730,2400,58,58
3,1,1040,7541,1,0,0,3,6,1040,0,47.7565,-122.339,1140,6100,8581,7240,1040,64,64
2,2.5,1500,3608,2,0,0,3,8,1500,0,47.5472,-121.994,2080,2686,5108,4766,1500,9,9
3,1,1520,9030,1,0,0,3,7,1520,0,47.587,-122.134,1470,8712,10550,10182,1520,58,58
3,2.25,1350,2839,2,0,0,3,7,1350,0,47.6824,-122.036,1650,3093,4189,4743,1350,11,11
1,1,710,6060,1,0,0,4,6,710,0,47.5621,-122.283,1440,4545,6770,5985,710,99,99
3,2.5,1820,1866,2,0,0,3,8,1570,250,47.4643,-122.346,1660,6900,3686,8560,1820,6,6
3,1.75,2000,12208,1,0,0,3,7,1140,860,47.3752,-122.236,1060,8194,14208,9254,2000,35,35
5,1.75,2350,7800,1,0,0,4,8,1510,840,47.6225,-122.107,2220,8400,10150,10620,2350,47,47
3,2,2360,18000,1,0,0,4,8,2180,180,47.7133,-122.367,2600,17300,20360,19900,2360,64,64
2,1.75,1350,6315,1,0,0,3,8,1350,0,47.7141,-122.032,1665,5390,7665,7055,1350,9,9
4,3.5,2990,4200,2,0,4,5,9,2000,990,47.593,-122.289,2390,4200,7190,6590,2990,89,89
3,1,1280,8712,1,0,0,4,7,1280,0,47.3298,-122.297,1420,8800,9992,10220,1280,59,59
4,3,3520,128502,2,0,2,4,10,3520,0,47.7448,-122.117,3260,79714,132022,82974,3520,33,33
4,1.75,1580,6396,1,0,0,4,6,790,790,47.5378,-122.369,1180,6396,7976,7576,1580,69,69
2,1,1095,5120,1,0,0,3,7,1095,0,47.6058,-122.313,1310,5120,6215,6430,1095,113,113
6,3.5,4010,16200,1,0,0,3,8,2090,1920,47.6322,-122.216,3560,16200,20210,19760,4010,59,24
3,2.5,2650,2387,2,0,0,3,8,1830,820,47.6315,-122.362,1870,2216,5037,4086,2650,94,94
3,1.5,2120,8448,1,0,0,3,7,1060,1060,47.6438,-122.403,1620,7920,10568,9540,2120,75,75
4,2.5,1930,7014,2,0,0,3,8,1930,0,47.3921,-122.163,1990,7920,8944,9910,1930,20,20
3,1.75,1510,9837,2,0,0,3,7,1510,0,47.2576,-122.255,1470,8054,11347,9524,1510,25,25
3,1.5,1330,6540,1,0,0,3,7,900,430,47.4239,-122.292,1400,11500,7870,12900,1330,43,43
4,2.5,2100,19680,1,0,0,3,6,2100,0,47.4787,-122.23,1340,12300,21780,13640,2100,100,100
3,1,1010,7384,1,0,2,5,6,1010,0,47.4905,-122.191,1010,8000,8394,9010,1010,72,72
4,1.75,1920,7986,1,0,0,3,7,960,960,47.7209,-122.318,1700,7452,9906,9152,1920,62,62
4,2.5,2320,5375,2,0,0,3,7,2320,0,47.5415,-121.883,2060,5395,7695,7455,2320,9,9
4,2.5,2650,5706,2,0,0,3,9,2650,0,47.3515,-122.164,2760,5749,8356,8509,2650,9,9
3,2.5,1590,9736,2,0,0,3,7,1590,0,47.33,-122.278,1580,7500,11326,9080,1590,30,30
3,3.25,3730,13264,2,0,0,3,9,3730,0,47.7246,-122.059,3730,14933,16994,18663,3730,26,26
4,2.5,3190,7869,2,0,2,3,9,3190,0,47.5317,-121.866,2630,6739,11059,9369,3190,13,13
4,3,2090,5102,1,0,0,3,7,1350,740,47.5427,-122.356,2090,5102,7192,7192,2090,20,20
3,1,1160,10732,1,0,0,3,7,1160,0,47.6391,-122.205,2390,13656,11892,16046,1160,61,61
3,1.5,1240,9500,1,0,0,4,7,1240,0,47.4756,-122.35,1845,10125,10740,11970,1240,59,59
5,3.25,3010,1074218,1,0,0,5,8,2010,1000,47.4564,-122.004,2450,68825,1077228,71275,3010,83,83
4,1.5,1620,7875,1,0,0,3,7,1620,0,47.6041,-122.126,1890,8400,9495,10290,1620,58,58
3,2.5,2620,11056,2,0,0,3,9,2620,0,47.7378,-122.218,2560,8688,13676,11248,2620,26,26
1,1,760,3000,1,0,0,3,7,760,0,47.6059,-122.303,1270,3000,3760,4270,760,114,114
4,2.25,2030,8764,2,0,0,4,8,2030,0,47.7214,-122.11,1950,8750,10794,10700,2030,31,31
3,2.5,3460,6590,2,0,0,3,7,3460,0,47.4802,-122.188,2490,6312,10050,8802,3460,14,14
2,1,1240,9900,1,0,0,3,7,940,300,47.4862,-122.326,1050,9375,11140,10425,1240,65,65
4,2.5,2870,12648,2,0,0,4,9,2870,0,47.5632,-122.017,2560,12648,15518,15208,2870,28,28
3,1,970,8710,1,0,0,4,6,970,0,47.4167,-122.302,1280,11805,9680,13085,970,53,53
3,2.5,2120,3742,2,0,0,3,7,2120,0,47.4787,-122.129,2250,4696,5862,6946,2120,8,8
5,3.75,3530,13260,2,0,0,3,10,3530,0,47.5761,-122.205,3340,13260,16790,16600,3530,1,1
4,2.25,1970,15743,1,0,0,3,7,1370,600,47.7673,-122.202,2390,11336,17713,13726,1970,52,52
4,2.75,2880,5750,1,0,0,5,9,1710,1170,47.5874,-122.387,1640,5750,8630,7390,2880,86,86
4,3,2950,5000,2,0,3,3,9,1980,970,47.5714,-122.375,2140,4000,7950,6140,2950,36,36
3,1,1320,3625,2,0,0,3,7,1320,0,47.6049,-122.288,1660,5438,4945,7098,1320,114,114
4,1.75,2420,520,1,0,0,3,7,2420,0,47.6209,-122.302,1200,1170,2940,2370,2420,114,114
4,2.5,2660,10800,1,0,0,3,7,2660,0,47.5894,-122.172,2640,10800,13460,13440,2660,59,0
5,3,3610,7555,2,0,0,3,8,3610,0,47.3534,-122.012,3610,7979,11165,11589,3610,11,11
3,1,910,7620,1,0,2,3,7,910,0,47.5278,-122.343,1660,7620,8530,9280,910,44,44
1,1.25,1810,5070,1,1,4,4,8,1230,580,47.5814,-122.081,2280,5070,6880,7350,1810,48,48
3,2,1330,6490,1,0,0,4,7,1330,0,47.7181,-122.308,1580,7202,7820,8782,1330,61,61
3,2.5,1690,5025,2,0,0,3,8,1690,0,47.2779,-122.347,2550,5001,6715,7551,1690,11,11
3,2,2110,9199,1,0,0,3,10,2110,0,47.6496,-122.083,3130,8841,11309,11971,2110,22,22
5,3.5,3300,7860,2,0,0,3,9,2410,890,47.5463,-122.192,2540,9920,11160,12460,3300,14,14
4,3.5,3400,5196,2,0,0,3,9,3400,0,47.5169,-121.884,3170,5260,8596,8430,3400,2,2
5,3.5,3730,16679,1,0,0,3,10,2760,970,47.5987,-122.029,3280,16679,20409,19959,3730,25,25
5,2.75,3750,8279,2,0,0,3,9,3750,0,47.6039,-122.06,3450,8279,12029,11729,3750,13,13
3,3,2850,9375,1,0,0,3,8,2240,610,47.4655,-122.209,1800,9375,12225,11175,2850,38,38
3,2,1780,1750,1,0,2,3,8,1400,380,47.6797,-122.357,1780,3750,3530,5530,1780,87,0
4,2.5,2930,8641,2,0,0,3,8,2930,0,47.7199,-122.246,2120,11175,11571,13295,2930,5,5
3,1.75,1890,13860,1,0,0,5,7,1890,0,47.4156,-122.149,1500,14536,15750,16036,1890,48,48
2,1.75,1250,1208,2,0,0,3,7,1040,210,47.6004,-122.299,1250,1656,2458,2906,1250,7,7
6,1.75,2740,6360,1,0,3,3,8,1370,1370,47.5062,-122.385,2150,6600,9100,8750,2740,61,61
3,1.5,1730,5750,1,0,0,3,7,1250,480,47.5645,-122.397,1370,5750,7480,7120,1730,67,67
2,2.5,2470,8840,2,0,0,4,8,1780,690,47.5693,-122.301,1940,8840,11310,10780,2470,13,13
5,1.75,2340,9148,2,0,0,3,7,2340,0,47.4232,-122.324,1390,10019,11488,11409,2340,57,57
2,2.5,1280,819,2,0,0,3,8,1060,220,47.6905,-122.364,1290,2900,2099,4190,1280,8,8
3,1,970,4700,1,0,0,4,6,720,250,47.5285,-122.354,1560,4600,5670,6160,970,71,71
2,1.75,1679,577605,2,0,0,3,9,1679,0,47.463,-122.475,1850,358934,579284,360784,1679,13,13
4,3.25,3444,5166,2,0,0,3,8,2714,730,47.2966,-122.348,2848,5182,8610,8030,3444,1,1
3,1,1230,8114,1,0,0,4,7,1230,0,47.5822,-122.196,2220,8114,9344,10334,1230,63,63
3,1.75,1130,5111,1,0,0,4,7,930,200,47.6379,-122.4,1360,4424,6241,5784,1130,73,73
2,1,1790,4000,1,0,0,4,7,1040,750,47.6405,-122.301,1310,4000,5790,5310,1790,91,91
3,1.75,1260,10488,1,0,0,2,7,1110,150,47.5417,-122.357,1540,9120,11748,10660,1260,62,62
3,1,940,1948,1,0,0,5,6,940,0,47.6733,-122.383,1700,5000,2888,6700,940,114,114
3,0.75,1110,3960,1,0,0,3,7,1110,0,47.6834,-122.366,1610,5530,5070,7140,1110,64,64
3,1,920,6750,1,0,0,4,7,920,0,47.6322,-122.212,1460,8933,7670,10393,920,64,64
3,1,1390,6160,1,0,0,4,7,1390,0,47.7289,-122.338,1230,6160,7550,7390,1390,66,66
4,1.5,1200,10890,1,0,0,5,7,1200,0,47.3423,-122.088,1250,10139,12090,11389,1200,42,42
2,1.75,1980,44550,2,0,1,5,7,1280,700,47.4193,-122.444,1680,25343,46530,27023,1980,37,37
3,1.75,1930,5000,1,0,0,3,9,1230,700,47.6582,-122.278,2300,6000,6930,8300,1930,78,78
4,2.25,2260,29930,2,0,0,4,8,1400,860,47.5689,-122.126,2770,29930,32190,32700,2260,37,37
3,1.75,1890,7560,1,0,0,3,8,1430,460,47.7322,-122.185,1890,9095,9450,10985,1890,42,42
3,1.75,1720,7200,1,0,0,3,7,1420,300,47.7062,-122.304,1380,8000,8920,9380,1720,55,55
2,1.75,1210,1040,2,0,0,3,8,1210,0,47.5519,-121.999,1210,1090,2250,2300,1210,0,0
3,2.5,1890,6300,2,0,0,3,7,1890,0,47.3673,-122.031,2100,6525,8190,8625,1890,12,12
3,1.5,1960,2400,2,0,0,3,8,1330,630,47.6423,-122.37,2090,4000,4360,6090,1960,103,103
4,2.5,1912,5000,2,0,0,3,8,1912,0,47.3511,-122.275,2020,5000,6912,7020,1912,2,2
2,1.5,1510,1962,2,0,0,4,8,1510,0,47.6214,-122.153,1510,2182,3472,3692,1510,30,30
4,2,1840,4760,1,0,0,4,6,1080,760,47.5297,-122.349,1170,5950,6600,7120,1840,86,86
3,2.5,1610,1246,2,0,1,3,9,1080,530,47.6423,-122.375,1610,1249,2856,2859,1610,0,0
5,3.5,4180,17841,2,0,2,3,10,3160,1020,47.5618,-122.037,3260,12608,22021,15868,4180,24,24
3,2.25,1450,1540,2,0,0,3,8,1180,270,47.6685,-122.365,1450,1540,2990,2990,1450,10,10
4,2.5,3450,35100,2,0,0,3,10,3450,0,47.7302,-122.106,3110,35894,38550,39004,3450,27,27
3,2,1250,7995,1,0,0,4,7,1250,0,47.3684,-122.092,1540,7650,9245,9190,1250,34,34
4,3.25,3240,4852,2,0,0,3,9,3240,0,47.695,-122.022,3320,5318,8092,8638,3240,4,4
3,1.75,1480,6360,1,0,0,3,7,1480,0,47.7311,-122.353,1480,6360,7840,7840,1480,60,60
4,1,1120,7104,1,0,0,3,7,1120,0,47.7055,-122.372,1370,7104,8224,8474,1120,68,68
3,2.5,2530,8820,2,0,0,3,8,2530,0,47.42,-122.205,2340,9472,11350,11812,2530,18,18
5,1,1340,11198,1,0,0,3,8,1340,0,47.736,-122.295,1390,8020,12538,9410,1340,80,80
3,2.5,2990,6771,1,0,0,3,7,1550,1440,47.5237,-122.353,1800,6771,9761,8571,2990,11,11
3,2.5,2720,62310,1,0,0,3,8,2040,680,47.4168,-122.074,2770,204296,65030,207066,2720,30,30
3,2.25,1470,4653,2,0,0,4,7,1470,0,47.5667,-122.018,1560,4119,6123,5679,1470,29,29
5,3.5,2800,5120,2,0,0,3,9,2800,0,47.6059,-122.31,1780,5120,7920,6900,2800,111,9
3,3,2290,1407,2,0,0,3,8,1890,400,47.5446,-122.017,2230,1407,3697,3637,2290,1,1
3,1.75,1510,4800,1,0,2,3,7,860,650,47.5667,-122.372,1510,4800,6310,6310,1510,89,3
4,1.5,1220,10580,1,0,0,3,7,1220,0,47.6205,-122.116,1350,7800,11800,9150,1220,49,49
3,1,1752,14626,2,0,2,3,8,1752,0,47.3755,-122.278,1800,9000,16378,10800,1752,9,9
2,1,1120,35500,1,0,0,5,6,1120,0,47.2411,-122.043,1680,66022,36620,67702,1120,54,54
3,1.75,1230,7200,1,0,0,3,7,1230,0,47.2881,-122.363,1540,7210,8430,8750,1230,28,28
5,3,2360,5000,1,0,0,3,7,1390,970,47.6931,-122.33,2180,5009,7360,7189,2360,6,6
3,1,1060,9126,1,0,2,5,7,1060,0,47.201,-121.999,1300,9126,10186,10426,1060,58,58
5,2.75,2160,5720,1,0,0,5,7,1500,660,47.5728,-122.304,2160,4996,7880,7156,2160,64,64
2,1,1430,5000,1,0,0,2,7,1430,0,47.6727,-122.299,1450,3750,6430,5200,1430,90,90
3,1.75,2020,11095,1,0,0,4,7,1480,540,47.7351,-122.183,2030,10710,13115,12740,2020,40,40
6,6,7390,24829,2,1,4,4,12,5000,2390,47.5631,-122.21,4320,24619,32219,28939,7390,24,24
4,1,1360,5814,1,0,0,2,6,1360,0,47.6038,-122.314,1010,5814,7174,6824,1360,114,114
4,2.5,2380,4913,2,0,0,3,8,2380,0,47.3607,-122.038,2580,5311,7293,7891,2380,8,8
2,1,870,6150,1,0,0,3,6,870,0,47.5256,-122.347,1120,6150,7020,7270,870,73,73
3,1.5,1890,4400,1,0,0,5,7,1890,0,47.6662,-122.326,1620,4080,6290,5700,1890,95,95
3,2.5,2370,4200,2,0,0,3,8,2370,0,47.3706,-122.017,2370,4200,6570,6570,2370,0,0
4,2.5,2550,56628,2,0,0,3,9,2550,0,47.4913,-122.081,1870,56628,59178,58498,2550,13,13
2,1,850,54000,1,0,0,1,4,850,0,47.2959,-122.377,1550,14440,54850,15990,850,64,64
3,1.75,1140,1201,2,0,0,3,8,1140,0,47.5637,-122.295,1210,1552,2341,2762,1140,0,0
4,2.5,3560,6786,2,0,0,3,9,2930,630,47.5756,-122.071,3560,5886,10346,9446,3560,0,0
3,2.25,1750,12408,1,0,0,5,7,1150,600,47.7509,-122.3,1820,12977,14158,14797,1750,52,52
3,2,1590,11222,1,0,0,4,7,1590,0,47.7762,-122.367,2160,16300,12812,18460,1590,67,67
4,2.5,2800,6820,2,0,0,4,7,2800,0,47.3695,-122.108,2060,6820,9620,8880,2800,17,17
3,3,1850,5000,1,0,0,2,6,1850,0,47.6711,-122.386,1360,2500,6850,3860,1850,115,115
4,2,1980,15354,1,0,0,3,7,1980,0,47.638,-121.968,1420,12300,17334,13720,1980,37,37
3,1,1230,8750,1,0,0,3,6,1230,0,47.3266,-122.334,1230,8750,9980,9980,1230,49,49
4,2.5,2560,8780,2,0,0,3,9,2560,0,47.5717,-121.991,2780,8357,11340,11137,2560,22,22
5,1.5,2830,4000,2,0,0,4,8,2830,0,47.5132,-122.262,1480,4000,6830,5480,2830,96,96
3,1.5,1300,7907,1,0,0,3,7,900,400,47.3737,-122.224,1630,7600,9207,9230,1300,45,45
5,4,4500,8130,2,0,0,3,10,4500,0,47.4832,-122.145,2840,8402,12630,11242,4500,8,8
4,5.5,7080,16573,2,0,0,3,12,5760,1320,47.6151,-122.224,3140,15996,23653,19136,7080,6,6
4,3.5,4370,18361,2,0,0,3,11,4370,0,47.544,-121.872,4190,13641,22731,17831,4370,13,13
4,2.5,2460,10320,2,0,0,3,8,2460,0,47.2599,-122.215,2210,9024,12780,11234,2460,22,22
2,2,1400,10052,1,0,0,3,8,1400,0,47.7262,-122.316,1400,8785,11452,10185,1400,57,57
2,1,870,6126,1,0,0,4,7,870,0,47.7024,-122.322,1620,6126,6996,7746,870,77,77
3,2.5,1470,4675,2,0,0,3,7,1470,0,47.5261,-121.827,1500,4385,6145,5885,1470,16,16
4,2.5,2450,12987,1,0,0,4,9,2030,420,47.6197,-122.15,2730,13685,15437,16415,2450,34,34
4,2.5,1770,5000,2,0,0,3,7,1770,0,47.3506,-122.006,2080,5100,6770,7180,1770,11,11
3,1.75,1730,7200,1,0,0,4,6,1730,0,47.3774,-122.236,860,7200,8930,8060,1730,70,70
5,2.5,2910,9636,1,0,0,4,7,1690,1220,47.5803,-122.119,2830,10385,12546,13215,2910,50,50
3,2,1740,41275,1,0,0,3,8,1740,0,47.4914,-121.763,2630,41275,43015,43905,1740,41,26
2,1,1620,5400,1,0,0,3,6,920,700,47.7069,-122.299,1540,7245,7020,8785,1620,89,89
4,3.5,3120,5086,2,0,0,3,9,2480,640,47.6762,-122.288,1880,5092,8206,6972,3120,6,6
1,1,800,533610,1,0,0,5,5,800,0,47.4134,-121.986,1790,216057,534410,217847,800,64,64
3,1.75,1680,3420,1,0,0,3,7,960,720,47.6855,-122.291,1680,4080,5100,5760,1680,23,23
3,2,2064,46173,2,0,0,5,7,2064,0,47.4469,-122.455,1640,21780,48237,23420,2064,111,111
3,1.5,2360,6750,2,0,0,5,7,1930,430,47.6923,-122.332,1320,4500,9110,5820,2360,88,88
3,3,1660,1849,3,0,0,3,9,1660,0,47.6649,-122.353,1660,3300,3509,4960,1660,1,1
3,1.75,1520,8625,1,0,0,3,8,1520,0,47.7687,-122.223,2080,9200,10145,11280,1520,38,38
3,2.75,1960,13252,1,0,0,5,8,1240,720,47.5582,-122.139,2040,9866,15212,11906,1960,39,39
3,1.75,1770,7508,1,0,0,3,7,1270,500,47.7354,-122.343,1690,8880,9278,10570,1770,53,53
3,2,1300,14350,1,0,0,3,7,1300,0,47.5736,-122.152,1520,10670,15650,12190,1300,59,1
4,1.75,2260,19500,1,0,2,3,8,1450,810,47.6555,-122.086,2980,19500,21760,22480,2260,43,43
3,2,1370,7200,1,0,0,3,7,1130,240,47.7329,-122.308,1300,7208,8570,8508,1370,88,59
4,2.5,2650,7200,2,0,0,3,8,2250,400,47.7317,-122.354,2110,7269,9850,9379,2650,35,35
3,2.5,1650,3031,2,0,0,3,7,1650,0,47.682,-122.034,1560,3070,4681,4630,1650,11,11
2,1.75,1110,1773,2,0,0,3,8,1110,0,47.5647,-122.293,1420,2855,2883,4275,1110,0,0
5,1.5,1310,4800,1,0,0,3,6,1110,200,47.5545,-122.365,960,4800,6110,5760,1310,85,85
4,3.5,2960,6000,2,0,0,3,9,2960,0,47.5183,-121.886,2960,6000,8960,8960,2960,0,0
4,2.5,3080,35430,2,0,0,3,9,3080,0,47.6325,-121.97,2640,28972,38510,31612,3080,17,17
4,3.5,3880,8244,2,0,0,3,10,3060,820,47.7426,-121.976,3180,10947,12124,14127,3880,7,7
4,2.25,1580,7307,1,0,0,3,8,1160,420,47.569,-122.086,2020,7458,8887,9478,1580,41,41
5,3,3040,9601,1,0,0,5,9,1970,1070,47.5562,-122.22,3180,12390,12641,15570,3040,46,46
3,2.75,3240,7200,1,0,2,3,8,1620,1620,47.567,-122.273,2700,7200,10440,9900,3240,54,54
3,3.25,3780,10623,1,0,1,3,11,2650,1130,47.5506,-122.101,3850,11170,14403,15020,3780,15,15
5,3.25,4130,7197,2,0,0,3,10,4130,0,47.6022,-122.06,3730,7202,11327,10932,4130,2,2
3,1,1510,8800,1,0,0,4,7,1010,500,47.329,-122.33,1290,8470,10310,9760,1510,52,52
3,1,1160,3750,1,0,0,3,7,1160,0,47.5652,-122.359,1530,3750,4910,5280,1160,104,104
4,2.5,1770,4338,2,0,0,3,7,1770,0,47.3672,-122.099,1770,6606,6108,8376,1770,14,14
3,1.5,1580,3172,1,0,0,4,8,900,680,47.6796,-122.393,1580,5000,4752,6580,1580,68,68
4,3.5,1880,1341,3,0,0,3,8,1650,230,47.6053,-122.306,1740,1883,3221,3623,1880,8,8
3,2.5,1680,2229,2,0,0,3,7,1680,0,47.7484,-122.322,1230,9300,3909,10530,1680,7,7
4,1.75,2100,3400,1,0,0,5,7,1100,1000,47.6429,-122.371,1890,3771,5500,5661,2100,99,99
4,2.5,1820,7912,2,0,0,3,7,1820,0,47.3845,-122.029,1820,8168,9732,9988,1820,20,20
3,2,1520,5040,2,0,0,3,7,1520,0,47.777,-122.362,1860,8710,6560,10570,1520,37,8
3,1,1180,3750,1,0,0,3,6,1030,150,47.5726,-122.382,1280,3750,4930,5030,1180,74,74
4,3.5,2720,3000,2,0,0,3,9,2250,470,47.5371,-122.388,1600,4600,5720,6200,2720,0,0
4,2.5,2095,4569,2,0,0,3,9,2095,0,47.6603,-122.087,2095,4385,6664,6480,2095,13,13
3,1,1040,7800,1,0,0,3,7,1040,0,47.4804,-122.229,1780,8400,8840,10180,1040,66,66
2,1,600,6120,1,0,0,3,5,600,0,47.5,-122.317,1090,6120,6720,7210,600,72,26
2,2,2360,11340,1,0,0,3,9,2360,0,47.5835,-122.227,3030,11340,13700,14370,2360,17,17
2,1,1270,4500,1,0,0,4,7,1270,0,47.6059,-122.295,2140,4550,5770,6690,1270,96,96
1,0.75,770,4600,1,0,0,4,6,770,0,47.5565,-122.377,1550,4600,5370,6150,770,104,104
3,2,2350,15021,1,0,0,4,8,1770,580,47.6408,-122.219,3530,15715,17371,19245,2350,39,39
4,3,2250,12142,2,0,0,3,8,2250,0,47.4338,-122.16,2300,9003,14392,11303,2250,28,28
4,2.75,2810,5497,2,0,0,3,9,2810,0,47.7081,-122.116,2990,5842,8307,8832,2810,4,4
4,1,1330,7980,1,0,0,3,6,1330,0,47.492,-122.333,1570,8588,9310,10158,1330,62,62
3,1.75,1610,8613,1,0,0,5,7,1610,0,47.6527,-122.195,2010,8670,10223,10680,1610,52,52
4,2.25,1780,10260,2,0,0,3,8,1780,0,47.6647,-122.142,2360,10080,12040,12440,1780,44,44
3,2.25,1960,1585,2,0,0,3,7,1750,210,47.5414,-122.288,1760,1958,3545,3718,1960,11,11
4,0.75,1440,13300,1,0,0,3,6,1440,0,47.4761,-122.337,1460,11100,14740,12560,1440,66,66
4,4,6330,13296,2,0,2,3,13,4900,1430,47.6488,-122.201,2200,9196,19626,11396,6330,14,14
4,2.5,2470,5044,2,0,0,3,9,2470,0,47.7728,-122.271,2790,5583,7514,8373,2470,9,9
3,2.25,2080,12134,1,0,0,4,8,1530,550,47.6315,-122.102,2320,12400,14214,14720,2080,41,41
3,2.5,1800,2700,2,0,0,3,8,1800,0,47.5458,-122.369,1380,1200,4500,2580,1800,3,3
5,2.25,3120,16672,2,0,0,4,9,3120,0,47.6458,-122.219,3740,17853,19792,21593,3120,45,45
4,2.75,2170,7140,1,0,0,3,8,1290,880,47.691,-122.113,2120,7820,9310,9940,2170,37,37
4,2.5,2550,5395,2,0,0,3,8,2550,0,47.5355,-121.874,2850,6109,7945,8959,2550,14,14
3,2.5,1980,11900,2,0,0,3,8,1980,0,47.2656,-122.217,2130,9933,13880,12063,1980,25,25
3,1.5,1500,5000,1,0,0,4,7,1140,360,47.679,-122.373,1500,5000,6500,6500,1500,87,87
4,4,2680,6000,1,0,0,3,7,1380,1300,47.6557,-122.388,1930,6000,8680,7930,2680,52,0
4,2.25,3010,10925,2,0,0,4,9,3010,0,47.3326,-122.201,2690,10925,13935,13615,3010,27,27
3,1.75,1240,8050,1,0,0,4,7,1240,0,47.6108,-122.044,1370,9856,9290,11226,1240,36,36
4,2.75,2130,8560,1,0,0,3,7,1560,570,47.1949,-122.01,2130,8560,10690,10690,2130,22,22
3,1.5,1630,82764,1,0,0,4,6,1630,0,47.4743,-122.026,1680,199069,84394,200749,1630,67,67
3,2.5,1880,4668,2,0,0,3,8,1880,0,47.5666,-121.999,2060,4668,6548,6728,1880,21,21
4,2,2260,8457,2,0,0,3,9,2260,0,47.6251,-122.03,2410,7713,10717,10123,2260,22,22
4,2.5,2710,9248,2,0,0,3,7,2710,0,47.5164,-121.875,2710,5000,11958,7710,2710,3,3
3,1,1700,4750,1,0,0,4,6,1200,500,47.6819,-122.389,1550,4750,6450,6300,1700,106,106
3,2,1810,11456,1,0,0,3,7,1810,0,47.4648,-121.756,1360,12931,13266,14291,1810,45,45
3,1.5,1150,11475,1,0,0,3,7,1150,0,47.4629,-121.744,1640,11475,12625,13115,1150,43,43
4,2.5,1560,4350,2,0,0,3,7,1560,0,47.5025,-122.186,1560,4350,5910,5910,1560,11,11
2,1,720,7250,1,0,0,3,5,720,0,47.5267,-122.032,1760,7250,7970,9010,720,71,71
5,2.25,2910,9454,1,0,1,3,8,1910,1000,47.5871,-122.173,2400,10690,12364,13090,2910,42,42
4,3.25,3090,9571,2,0,0,3,9,2370,720,47.7058,-122.131,3630,9110,12661,12740,3090,10,10
4,2.5,3170,10688,2,0,2,3,9,3170,0,47.3179,-122.257,3100,12610,13858,15710,3170,13,13
4,2.5,2760,5564,2,0,0,3,7,2760,0,47.4814,-122.189,2670,5626,8324,8296,2760,14,14
3,2.25,2850,6281,2,0,2,4,7,1900,950,47.6911,-122.326,1680,7006,9131,8686,2850,68,68
4,2.5,2460,4200,2,0,0,3,8,2460,0,47.6031,-122.021,2330,4200,6660,6530,2460,16,16
3,2.25,1830,19965,1,0,0,3,8,1400,430,47.7412,-122.088,1830,17250,21795,19080,1830,38,38
3,2.5,1600,2388,2,0,0,3,8,1600,0,47.5345,-122.069,1410,1287,3988,2697,1600,11,11
5,4,4410,14380,2,0,0,3,11,4410,0,47.6463,-122.121,2720,11454,18790,14174,4410,8,8
4,2.5,2120,3720,2,0,0,3,8,2120,0,47.5526,-121.994,2170,3720,5840,5890,2120,10,10
4,2.75,3300,4987,2,0,0,3,9,3300,0,47.6175,-122.056,3520,5453,8287,8973,3300,0,0
3,1,1270,4000,1,0,2,3,7,1270,0,47.5695,-122.376,1560,4000,5270,5560,1270,86,86
2,1,1280,21750,1,0,0,5,6,1280,0,47.3096,-122.241,1520,21750,23030,23270,1280,102,102
4,2.5,2570,9000,1,0,0,4,8,1590,980,47.2986,-122.372,2120,8571,11570,10691,2570,35,35
2,2,1270,5500,1,0,0,4,8,1270,0,47.6121,-122.294,1870,4400,6770,6270,1270,93,93
4,2.5,3200,6473,2,0,0,3,7,3200,0,47.5012,-122.15,2480,6140,9673,8620,3200,9,9
3,2.5,2010,3200,2,0,0,3,9,2010,0,47.5463,-122.015,2250,3200,5210,5450,2010,6,6
4,2.5,2680,10590,2,0,0,3,8,2680,0,47.7377,-121.97,2330,5566,13270,7896,2680,10,10
3,1.75,1320,9675,1,0,0,4,7,1320,0,47.5695,-121.902,1160,9675,10995,10835,1320,44,44
3,2,1760,9900,1,0,0,4,7,1760,0,47.4783,-122.338,1190,9900,11660,11090,1760,71,71
3,2,1390,8245,1,0,0,2,7,1390,0,47.2669,-122.254,1260,8245,9635,9505,1390,31,31
3,1,1080,16000,1,0,0,3,6,1080,0,47.2873,-122.251,1610,10007,17080,11617,1080,62,62
4,2.5,3480,12164,1,0,0,4,11,3480,0,47.6404,-122.171,3960,16855,15644,20815,3480,30,30
3,2.5,1810,4113,2,0,0,3,7,1810,0,47.3715,-122.126,1880,4465,5923,6345,1810,10,10
5,2.5,3180,23809,1,0,0,3,9,3180,0,47.3727,-122.054,2500,15778,26989,18278,3180,36,36
4,2.75,2200,8580,1,0,0,3,8,1860,340,47.295,-122.37,2290,7816,10780,10106,2200,23,23
3,2.25,1990,7340,2,0,0,3,8,1990,0,47.7579,-122.141,2180,11223,9330,13403,1990,30,30
3,2.5,3440,103672,2,0,0,3,9,3440,0,47.3895,-121.986,2710,112820,107112,115530,3440,24,24
3,3,2330,4284,2,0,0,3,9,1920,410,47.5547,-122.308,2330,3709,6614,6039,2330,10,10
3,2.25,3800,33825,1,0,0,4,10,3330,470,47.3797,-122.152,3470,14484,37625,17954,3800,38,38
5,2.75,3240,6863,2,0,0,3,10,3240,0,47.5033,-122.193,2360,6002,10103,8362,3240,1,1
4,2.5,2170,19785,2,0,0,3,8,2170,0,47.4034,-122.167,2280,8616,21955,10896,2170,23,23
3,2.25,1470,8682,1,0,0,3,7,1160,310,47.2729,-122.299,1670,8359,10152,10029,1470,29,29
3,2.25,1470,6808,1,0,0,3,7,1160,310,47.2884,-122.365,1570,7881,8278,9451,1470,30,30
4,2.5,2240,4025,1,0,2,3,7,1250,990,47.6818,-122.311,1380,3500,6265,4880,2240,88,9
2,1,980,5000,1,0,0,3,6,980,0,47.6744,-122.369,1270,4500,5980,5770,980,111,111
4,4.5,3720,7746,2,0,0,3,10,3720,0,47.7323,-122.165,3080,11067,11466,14147,3720,1,1
3,2.5,1400,4800,1,0,0,3,7,1200,200,47.6865,-122.379,1440,3840,6200,5280,1400,94,94
3,2,2730,15677,2,0,3,3,9,2730,0,47.4612,-122.365,2040,12209,18407,14249,2730,38,38
3,2.25,1820,9670,2,0,0,3,8,1820,0,47.6382,-122.11,2160,11424,11490,13584,1820,30,30
3,2.25,1890,7314,1,0,0,3,7,1100,790,47.4121,-122.172,1520,7676,9204,9196,1890,34,34
4,2,1450,8175,1,0,0,4,7,1450,0,47.3933,-122.195,1570,9024,9625,10594,1450,48,48
5,2.75,2510,28185,1,0,0,4,7,1600,910,47.7719,-122.282,2910,14880,30695,17790,2510,51,51
3,2.5,2040,9765,2,0,0,3,8,2040,0,47.309,-122.349,2350,10150,11805,12500,2040,29,29
3,2.25,1790,231303,1,0,0,3,7,1250,540,47.7558,-122.027,2090,93654,233093,95744,1790,35,35
3,2.25,1680,7262,1,0,0,5,7,1180,500,47.713,-122.225,1910,7405,8942,9315,1680,42,42
2,1,1280,5728,1,0,0,5,6,1280,0,47.7477,-122.232,2480,9775,7008,12255,1280,73,73
3,1,1010,8863,1,0,0,4,6,1010,0,47.1955,-121.999,1090,8410,9873,9500,1010,24,24
3,2.5,1470,9337,2,0,0,3,7,1470,0,47.7651,-122.323,1360,8684,10807,10044,1470,23,23
3,1.75,1900,4000,1,0,0,3,7,1300,600,47.6854,-122.331,1880,4000,5900,5880,1900,50,50
3,1.5,1480,6752,1,0,0,4,7,1480,0,47.4993,-122.176,1450,8023,8232,9473,1480,55,55
2,1,1280,5400,1,0,0,3,7,1280,0,47.6949,-122.371,1540,5670,6680,7210,1280,51,51
4,2.5,2310,8030,2,0,0,3,7,2310,0,47.7433,-121.982,1780,8041,10340,9821,2310,36,36
3,2,2690,435600,2,0,0,3,8,2690,0,47.3477,-122.519,1700,163350,438290,165050,2690,22,22
3,1.75,1870,4320,1,0,0,4,7,970,900,47.6663,-122.357,1810,3900,6190,5710,1870,95,95
2,1,920,5029,1,0,0,4,7,920,0,47.6726,-122.265,1230,5029,5949,6259,920,77,77
4,2.75,3040,2415,2,1,4,3,8,3040,0,47.5188,-122.256,2620,2433,5455,5053,3040,48,48
4,2,1830,10416,1,0,0,3,7,1370,460,47.4878,-122.341,1830,9271,12246,11101,1830,57,57
6,2.5,3370,15625,1,0,0,3,8,1770,1600,47.4223,-122.343,2790,15681,18995,18471,3370,50,50
3,2.5,2620,8950,2,0,0,3,9,2620,0,47.5523,-122.119,2850,8809,11570,11659,2620,22,22
3,1,1070,4600,1,0,0,3,7,950,120,47.5627,-122.383,1090,4600,5670,5690,1070,84,84
4,2.5,3040,24123,2,0,0,3,8,3040,0,47.2667,-122.216,2420,10026,27163,12446,3040,15,15
0,0,1470,979,3,0,2,3,8,1470,0,47.7145,-122.356,1470,1399,2449,2869,1470,9,9
3,2.5,1500,4445,2,0,0,3,8,1500,0,47.5682,-122.005,1730,4408,5945,6138,1500,18,18
4,2.75,2000,9083,2,0,0,4,7,2000,0,47.3511,-122.058,1690,7735,11083,9425,2000,23,23
3,2.5,1440,2163,2,0,0,3,7,1440,0,47.554,-121.998,1440,2207,3603,3647,1440,10,10
2,1,870,4280,1,0,2,4,6,870,0,47.6697,-122.29,1750,4280,5150,6030,870,94,94
4,3.25,3540,159430,2,0,0,3,9,3540,0,47.6285,-121.899,1940,392040,162970,393980,3540,7,7
4,2.25,3040,12160,1,0,0,4,7,1520,1520,47.5911,-122.133,2560,12090,15200,14650,3040,52,52
4,2.5,4700,49658,2,0,0,3,10,4700,0,47.5878,-122.022,2870,49658,54358,52528,4700,16,16
3,1.5,1580,8184,1,0,0,3,7,1140,440,47.4294,-122.331,1540,9476,9764,11016,1580,60,60
4,2.5,2380,9362,2,0,0,3,8,2380,0,47.3148,-122.349,2190,9840,11742,12030,2380,14,14
4,3,3600,9200,1,0,4,4,9,2100,1500,47.5866,-122.116,2700,9775,12800,12475,3600,38,38
2,1,1120,6141,1,0,0,3,7,900,220,47.6924,-122.372,1500,7529,7261,9029,1120,69,69
2,2,1340,1635,2,0,0,3,8,1340,0,47.5476,-122.005,1410,1375,2975,2785,1340,12,12
6,2.75,4430,6440,2,0,3,3,10,2680,1750,47.5462,-122.265,3530,7314,10870,10844,4430,51,0
3,2.5,1740,2226,2,0,0,3,8,1320,420,47.525,-122.366,1740,1789,3966,3529,1740,6,6
4,3.25,4240,25639,2,0,3,3,10,3550,690,47.3241,-122.378,3590,24967,29879,28557,4240,25,25
2,2.5,1830,1988,2,0,0,3,9,1530,300,47.5779,-122.409,1800,2467,3818,4267,1830,3,3
4,2.5,2640,10720,2,0,0,3,8,2640,0,47.4485,-122.278,1680,10018,13360,11698,2640,15,15
3,1.5,1330,6768,1,0,0,4,7,1330,0,47.7366,-122.319,1320,6910,8098,8230,1330,63,63
4,3.25,2885,33671,2,0,0,4,8,2885,0,47.5174,-122.046,1910,16000,36556,17910,2885,30,30
4,2.5,3160,13194,2,0,0,5,10,3160,0,47.5472,-122.233,3490,13194,16354,16684,3160,49,49
4,2.5,2720,34498,1,0,0,5,7,1360,1360,47.5832,-122.02,1920,22474,37218,24394,2720,48,48
4,2.75,3210,8520,1,0,2,4,7,1810,1400,47.7743,-122.388,2450,7360,11730,9810,3210,39,39
3,1.75,1660,11500,1,0,0,3,7,1130,530,47.4473,-121.774,1250,11000,13160,12250,1660,36,36
2,2.5,2510,14878,2,0,0,3,10,2510,0,47.7525,-122.205,3080,13594,17388,16674,2510,24,24
3,2,1470,10052,1,0,0,4,8,1470,0,47.726,-122.316,1480,9780,11522,11260,1470,58,58
6,2,1900,8057,1,0,0,4,7,1170,730,47.762,-122.335,2090,8626,9957,10716,1900,55,55
5,3,2100,7715,1,0,0,3,7,1250,850,47.4866,-122.319,2100,7959,9815,10059,2100,1,1
2,1,1140,23030,1,0,0,3,8,1140,0,47.7637,-122.266,1850,14260,24170,16110,1140,35,35
3,2,1760,9732,1,0,0,3,7,1760,0,47.1923,-122.014,1910,9231,11492,11141,1760,19,19
3,1.75,1260,8614,1,0,0,4,7,1260,0,47.3586,-122.056,1600,8614,9874,10214,1260,29,29
3,1.75,1420,8250,1,0,0,3,7,1420,0,47.7535,-122.354,1740,8000,9670,9740,1420,60,60
4,3.25,4110,15488,2,0,2,3,11,4110,0,47.5493,-122.117,4190,14973,19598,19163,4110,19,19
5,2.25,2450,9432,2,0,0,3,8,2450,0,47.4519,-122.13,2310,9100,11882,11410,2450,41,41
3,3.25,1430,1348,2,0,0,3,8,1160,270,47.6743,-122.374,1160,1265,2778,2425,1430,6,6
5,4,5190,14600,2,0,1,3,11,5190,0,47.6102,-122.225,3840,19250,19790,23090,5190,1,1
4,2.25,2250,41688,2,0,0,3,8,2250,0,47.6695,-122.05,2350,37920,43938,40270,2250,34,34
2,2.25,2160,17861,2,1,4,4,9,2160,0,47.502,-122.385,2660,18530,20021,21190,2160,58,58
3,3,1670,4440,1,0,0,3,7,1670,0,47.1948,-121.975,1670,4622,6110,6292,1670,0,0
3,1.75,1270,8991,2,0,0,3,7,1270,0,47.3563,-122.149,1270,8993,10261,10263,1270,34,34
2,0.75,760,33801,1,0,0,4,4,760,0,47.4703,-122.076,1100,39504,34561,40604,760,83,83
3,1.75,1870,7500,1,0,0,5,8,1320,550,47.4428,-122.134,1870,7275,9370,9145,1870,36,36
3,1,1200,10703,1,0,0,2,7,1200,0,47.5209,-122.28,1380,8068,11903,9448,1200,97,97
3,2,1870,5909,1,0,0,3,7,1270,600,47.3665,-122.183,1870,7887,7779,9757,1870,28,28
4,2.5,2130,4496,2,0,0,3,7,2130,0,47.3041,-122.28,3220,5400,6626,8620,2130,11,11
4,2.5,3450,33460,2,0,0,3,9,3450,0,47.7673,-122.1,2820,35250,36910,38070,3450,18,18
3,2.5,1770,6187,2,0,0,3,7,1770,0,47.4034,-122.189,1650,7200,7957,8850,1770,23,23
3,1.75,1510,18439,1,0,0,3,7,1510,0,47.5491,-122.046,1600,34326,19949,35926,1510,44,44
4,2.75,2760,7533,1,0,0,3,8,1400,1360,47.371,-122.108,2340,7943,10293,10283,2760,17,17
4,2.25,2350,12540,2,0,0,3,8,2350,0,47.7732,-122.382,2090,7964,14890,10054,2350,46,46
5,2.25,3740,32481,1,0,0,3,8,2240,1500,47.3965,-122.314,2040,11398,36221,13438,3740,56,56
3,1,1150,7156,1,0,0,4,6,1150,0,47.4864,-122.317,1210,7156,8306,8366,1150,61,61
4,2,1520,7983,1,0,0,5,7,1520,0,47.7357,-122.193,1520,7783,9503,9303,1520,47,47
3,2.25,2560,41346,2,0,0,3,10,2560,0,47.4871,-122.065,3040,35395,43906,38435,2560,28,28
3,1.75,1210,7350,1,0,0,3,7,1210,0,47.7,-122.172,1610,7313,8560,8923,1210,38,38
4,2.75,2414,7693,2,0,0,3,8,2414,0,47.3046,-122.222,1500,7177,10107,8677,2414,8,8
3,2.5,2630,77972,2,0,0,3,9,2630,0,47.745,-121.916,2250,75794,80602,78044,2630,10,10
4,1,1030,6621,1,0,0,4,6,1030,0,47.4857,-122.221,1420,6631,7651,8051,1030,59,59
4,2.75,2600,4674,1,0,0,3,8,1560,1040,47.6782,-122.286,2600,6099,7274,8699,2600,38,38
4,2.5,3640,10576,2,0,0,3,11,3640,0,47.5899,-121.979,3370,10351,14216,13721,3640,15,15
3,2,2510,5200,1,0,0,5,8,1470,1040,47.5631,-122.366,990,5400,7710,6390,2510,90,90
3,2,1510,10827,2,0,0,3,7,1510,0,47.654,-122.127,1900,10908,12337,12808,1510,30,30
2,1,820,10270,1,0,0,3,7,820,0,47.5119,-122.329,1670,10086,11090,11756,820,60,60
3,2.25,1640,7630,1,0,0,4,8,1180,460,47.3739,-122.29,1930,7630,9270,9560,1640,46,46
4,1.5,1800,8786,1,0,0,3,7,1330,470,47.4982,-122.345,1780,8664,10586,10444,1800,48,48
4,2.5,3290,6628,2,0,0,3,9,3290,0,47.5994,-121.975,3240,5831,9918,9071,3290,11,11
4,3,2800,7845,2,0,0,3,8,2800,0,47.3544,-122.013,2800,6977,10645,9777,2800,12,12
4,3.5,4140,7089,2,0,0,3,10,3160,980,47.7059,-122.2,2640,8896,11229,11536,4140,11,11
4,1.75,1440,8114,1,0,0,4,7,1440,0,47.7639,-122.332,1940,7208,9554,9148,1440,51,51
4,3.5,3530,7202,2,0,0,3,9,2660,870,47.7339,-122.36,2810,8100,10732,10910,3530,14,14
3,2.25,1670,1596,2,0,0,3,8,1220,450,47.6474,-122.396,1670,1596,3266,3266,1670,12,12
1,1,960,40946,1,0,0,5,5,960,0,47.6951,-121.864,1320,20350,41906,21670,960,69,69
2,1,870,6552,1,0,0,3,6,870,0,47.7188,-122.353,1500,6678,7422,8178,870,68,68
4,1,1140,6250,1,0,0,3,6,1140,0,47.5433,-122.375,1140,1370,7390,2510,1140,57,57
5,3.5,4210,17258,2,0,3,3,12,4210,0,47.553,-122.114,4630,17909,21468,22539,4210,19,19
4,2.5,2500,8680,1,0,0,4,7,1250,1250,47.6073,-122.192,2140,8680,11180,10820,2500,56,56
2,2,1930,4500,1,0,0,3,8,1930,0,47.7104,-122.031,1670,5200,6430,6870,1930,11,11
5,2.5,2780,9272,2,0,0,3,8,2780,0,47.5168,-122.378,1150,8460,12052,9610,2780,0,0
3,1.5,1090,9600,1,0,0,4,7,1090,0,47.3639,-122.109,1240,9620,10690,10860,1090,46,46
3,2.25,1500,7410,1,0,0,4,7,1500,0,47.4597,-122.162,1750,7990,8910,9740,1500,42,42
4,2.75,3010,7215,2,0,0,3,9,3010,0,47.6952,-122.178,3010,7215,10225,10225,3010,0,0
4,2.5,3130,12463,1,0,0,4,8,1620,1510,47.569,-122.127,2740,11779,15593,14519,3130,36,36
3,4,3370,8252,2,0,0,3,10,3370,0,47.5965,-122.013,3710,8252,11622,11962,3370,1,1
3,2.25,1920,7300,1,0,0,3,7,1240,680,47.6078,-122.128,1920,7700,9220,9620,1920,53,53
3,2,1890,1599,2,0,0,3,9,1430,460,47.5438,-122.385,1780,1562,3489,3342,1890,2,2
4,2,1510,3240,1,0,0,5,7,870,640,47.5972,-122.296,1420,5160,4750,6580,1510,114,114
3,1,2000,22500,1,0,0,3,7,1680,320,47.711,-122.308,2000,10000,24500,12000,2000,75,75
3,2,1410,10577,1,0,0,3,7,1410,0,47.3642,-122.187,1660,6757,11987,8417,1410,21,21
3,2.5,1780,1487,3,0,0,3,8,1600,180,47.6539,-122.351,1780,1300,3267,3080,1780,8,8
4,2.5,1594,7665,1,0,0,5,7,1088,506,47.3262,-122.211,1536,6000,9259,7536,1594,39,39
3,2,1670,13775,1,0,0,3,8,1670,0,47.4873,-121.783,2130,14500,15445,16630,1670,46,46
4,2.5,3040,7000,2,0,0,3,9,3040,0,47.5934,-122.244,2320,17511,10040,19831,3040,13,13
4,2.25,2140,7701,1,0,0,4,7,1470,670,47.7213,-122.171,2130,8050,9841,10180,2140,37,37
3,1.75,1460,7226,1,0,0,3,7,1460,0,47.3839,-122.321,1760,7226,8686,8986,1460,22,22
5,3.5,3220,8000,2,0,0,3,9,2900,320,47.6834,-122.2,2100,9680,11220,11780,3220,6,6
3,2,2540,237402,1,0,0,3,9,2540,0,47.2688,-122.024,2200,229125,239942,231325,2540,7,7
3,2.75,2692,6197,2,0,0,3,9,2692,0,47.3569,-122.202,2336,5700,8889,8036,2692,8,8
3,1.75,1810,24586,1,0,4,4,9,930,880,47.5314,-122.222,3540,14200,26396,17740,1810,31,31
5,3.25,2820,3275,2,0,0,3,8,2230,590,47.5339,-122.284,2610,3275,6095,5885,2820,9,9
4,2.25,2030,12000,2,0,0,3,7,2030,0,47.7699,-122.168,2190,9900,14030,12090,2030,38,38
4,1.75,1250,7400,1,0,0,5,6,1250,0,47.62,-122.12,990,7600,8650,8590,1250,55,55
5,2.5,2490,7666,1,0,0,4,7,1490,1000,47.4022,-122.171,1930,7415,10156,9345,2490,25,25
3,2.5,2020,6628,1,0,0,4,7,1250,770,47.4934,-122.332,1540,9995,8648,11535,2020,51,51
3,2.5,2220,6380,1,0,0,4,8,1660,560,47.6974,-122.313,950,6380,8600,7330,2220,83,83
4,2,1400,4690,1,0,0,4,7,1400,0,47.6826,-122.378,1400,4690,6090,6090,1400,70,70
4,2.75,2890,6825,1,0,0,3,8,1560,1330,47.734,-122.182,1900,10120,9715,12020,2890,41,41
3,1.75,1640,47044,1,0,0,3,7,1640,0,47.654,-121.94,2280,200811,48684,203091,1640,25,25
3,2.75,1830,1850,2,0,0,3,10,1690,140,47.5307,-122.074,2310,2680,3680,4990,1830,3,3
3,1,1580,5250,1,0,0,5,7,1580,0,47.4964,-122.168,1180,5940,6830,7120,1580,60,60
3,1,1060,52272,1,0,0,3,7,1060,0,47.36,-122.178,1900,5971,53332,7871,1060,54,54
3,2.5,1670,5090,2,0,0,3,7,1670,0,47.4799,-122.18,2560,4851,6760,7411,1670,12,12
3,2.5,1820,6848,1,0,0,4,7,1820,0,47.6287,-122.207,2080,11700,8668,13780,1820,61,61
4,3,2670,5000,2,0,2,3,7,2670,0,47.5784,-122.377,2300,5000,7670,7300,2670,98,36
4,1,1900,8505,1,0,0,3,7,1200,700,47.4406,-122.196,1440,8505,10405,9945,1900,58,58
3,1.75,1300,11230,1,0,0,5,7,1300,0,47.3811,-122.087,1300,10794,12530,12094,1300,47,47
4,3.75,3770,4000,2,0,0,5,9,2890,880,47.6157,-122.287,2800,5000,7770,7800,3770,98,98
4,2,3140,10437,1,0,0,4,8,2040,1100,47.5786,-122.229,2010,10437,13577,12447,3140,55,55
5,2.75,3030,10335,2,0,0,3,9,3030,0,47.5305,-122.184,2720,11213,13365,13933,3030,1,1
3,2.25,2510,10418,1,0,0,3,8,1810,700,47.7003,-122.285,2510,9435,12928,11945,2510,47,47
4,2.5,2689,5724,2,0,0,3,9,2689,0,47.3799,-122.184,2665,5700,8413,8365,2689,8,8
4,2,2040,5050,1,0,0,5,7,1160,880,47.6885,-122.324,2040,5050,7090,7090,2040,78,78
4,2.5,3020,7465,2,0,0,3,9,3020,0,47.5982,-121.98,3100,5587,10485,8687,3020,10,10
3,3,3570,6250,2,0,2,3,10,2710,860,47.5624,-122.399,2550,7596,9820,10146,3570,30,30
6,3,3510,5760,2,0,0,4,10,3510,0,47.6263,-122.312,3450,5760,9270,9210,3510,108,108
6,3.5,3000,8401,1,0,0,3,8,1500,1500,47.7226,-122.299,1400,8403,11401,9803,3000,35,35
2,1,770,6000,1,0,0,3,6,770,0,47.6999,-122.364,1710,6000,6770,7710,770,62,62
3,2.5,1740,1844,2,0,0,3,8,1320,420,47.5248,-122.365,1740,1789,3584,3529,1740,6,6
3,3.25,2940,5432,3,0,3,4,10,2440,500,47.6299,-122.354,4400,5500,8372,9900,2940,36,36
3,1.75,1260,6908,1,0,0,3,7,1260,0,47.385,-122.031,1810,7159,8168,8969,1260,20,20
2,1.75,1500,4158,1,0,0,4,7,1220,280,47.7006,-122.35,1270,4081,5658,5351,1500,68,68
4,2.5,2550,4770,2,0,0,3,8,2550,0,47.3526,-122,2380,4590,7320,6970,2550,9,9
2,2,1610,17600,2,0,0,3,6,1610,0,47.4855,-122.266,1310,12950,19210,14260,1610,84,31
2,1,990,8140,1,0,0,1,6,990,0,47.5828,-122.382,2150,5000,9130,7150,990,105,105
3,1.5,1450,7375,1,0,0,3,7,1010,440,47.7212,-122.179,1350,7440,8825,8790,1450,46,46
3,1.75,2145,3840,1,0,0,5,8,2145,0,47.6875,-122.357,1140,3840,5985,4980,2145,104,104
3,2.25,1552,3677,2,0,0,3,7,1552,0,47.3205,-122.178,1677,3677,5229,5354,1552,3,3
4,4,3430,35102,2,0,0,4,10,2390,1040,47.5822,-121.987,3240,35020,38532,38260,3430,28,28
2,1.5,1180,834,3,0,0,3,8,1180,0,47.7074,-122.356,1180,1207,2014,2387,1180,6,6
3,1.75,1520,7700,1,0,0,3,7,820,700,47.7226,-122.219,1420,7674,9220,9094,1520,46,46
4,2.5,1910,7172,2,0,0,3,8,1910,0,47.7615,-122.309,1630,10127,9082,11757,1910,22,22
3,1.5,1710,5120,2,0,0,4,7,1710,0,47.6801,-122.305,1530,5170,6830,6700,1710,95,95
4,2.5,3300,101930,2,0,0,4,10,3300,0,47.576,-121.976,2880,213879,105230,216759,3300,23,23
3,2.25,1936,9495,1,0,0,3,8,1936,0,47.3714,-122.197,1410,12770,11431,14180,1936,1,1
2,1.5,1020,1060,3,0,0,3,8,1020,0,47.6801,-122.348,1340,1415,2080,2755,1020,6,6
3,1.75,2430,11448,1,0,1,5,7,1620,810,47.6971,-122.391,2140,8144,13878,10284,2430,65,65
4,2.75,3000,6222,2,0,0,3,9,3000,0,47.5582,-122.025,3340,7222,9222,10562,3000,10,10
3,1.75,1660,9673,1,0,0,3,7,1130,530,47.7628,-122.162,1260,9681,11333,10941,1660,38,38
3,2,1660,5070,2,0,3,3,8,1660,0,47.5552,-122.296,2440,6664,6730,9104,1660,64,24
4,2.25,2860,11545,1,0,0,4,8,1430,1430,47.588,-122.168,2190,11396,14405,13586,2860,49,49
3,1.75,1320,7725,1,0,0,3,8,1320,0,47.4425,-122.133,2020,7210,9045,9230,1320,37,37
3,2,1730,6784,2,0,0,4,7,1730,0,47.6462,-122.403,1210,6784,8514,7994,1730,73,73
4,2.5,2060,8968,1,0,0,4,7,1190,870,47.7686,-122.317,1350,8972,11028,10322,2060,39,39
3,2.25,1550,1485,3,0,0,3,8,1550,0,47.6989,-122.346,1550,1480,3035,3030,1550,4,4
4,2.5,2750,9949,2,0,0,3,10,2750,0,47.6595,-122.147,2750,9860,12699,12610,2750,15,15
3,2.25,1646,12414,2,0,0,3,7,1646,0,47.363,-122.035,1654,8734,14060,10388,1646,18,18
4,2.25,1763,3717,2,0,0,3,8,1763,0,47.4213,-122.194,1763,3666,5480,5429,1763,2,2
4,1,1880,6288,1,0,0,3,7,1120,760,47.5101,-122.259,1880,6334,8168,8214,1880,40,40
0,1,390,5900,1,0,0,2,4,390,0,47.526,-122.261,2170,6000,6290,8170,390,61,61
2,1.5,1010,10005,2,0,0,3,7,1010,0,47.5118,-122.189,1210,7794,11015,9004,1010,33,33
5,2.75,4400,18500,1,0,3,5,9,2250,2150,47.7424,-122.263,3290,19257,22900,22547,4400,51,51
4,2.5,2650,12001,2,0,0,4,9,2650,0,47.5496,-122.14,2880,14054,14651,16934,2650,30,30
2,1,710,6732,1,0,0,5,6,710,0,47.5151,-122.372,710,6720,7442,7430,710,73,73
4,2.5,2520,4831,2,0,0,3,8,2520,0,47.7711,-122.168,2430,3937,7351,6367,2520,5,5
3,2.5,2160,35912,2,0,0,3,8,2160,0,47.7273,-122.083,2230,35244,38072,37474,2160,32,32
4,2.5,2550,8824,2,0,0,3,9,2550,0,47.3979,-122.212,2630,11237,11374,13867,2550,24,24
3,2,2130,8225,1,0,0,4,8,2130,0,47.4396,-122.162,2580,8225,10355,10805,2130,27,27
3,1,890,7200,1,0,0,3,7,890,0,47.71,-122.286,1630,7455,8090,9085,890,63,63
3,1.5,1180,7700,1,0,0,4,7,1180,0,47.6133,-122.133,1510,8800,8880,10310,1180,55,55
3,1,1140,6120,1,0,0,3,7,1140,0,47.6822,-122.309,1800,4080,7260,5880,1140,89,89
4,3,1890,35280,1,0,0,3,9,1510,380,47.7112,-122.099,2730,34525,37170,37255,1890,36,36
3,2.5,1310,1254,2,0,0,3,7,850,460,47.5622,-122.384,1310,1372,2564,2682,1310,8,8
3,1,1100,5734,1,0,0,4,7,1100,0,47.3632,-122.174,1770,6050,6834,7820,1100,59,59
3,1.5,1580,5000,1,0,0,3,8,1290,290,47.687,-122.386,1570,4500,6580,6070,1580,75,75
5,3.25,3030,20446,2,0,2,3,9,2130,900,47.6133,-122.106,2890,20908,23476,23798,3030,38,38
3,1.75,1260,6500,1,0,0,4,7,1260,0,47.6224,-122.116,1500,7700,7760,9200,1260,48,48
4,2,2580,6000,1,0,0,5,9,1300,1280,47.6514,-122.413,2300,6200,8580,8500,2580,64,64
4,2,2580,4500,2,0,0,4,9,1850,730,47.6245,-122.316,2590,4100,7080,6690,2580,110,110
2,1,1180,10720,1,0,0,4,7,1180,0,47.5893,-122.135,1420,10750,11900,12170,1180,59,59
3,1,860,11900,1,0,0,4,6,860,0,47.3574,-122.186,1660,10248,12760,11908,860,51,51
4,3,3320,13500,1,0,0,3,7,1750,1570,47.4596,-122.065,1830,13800,16820,15630,3320,51,51
3,2.5,4570,10615,2,0,0,3,12,4570,0,47.5533,-122.097,3860,11576,15185,15436,4570,23,23
2,2,1760,7200,1,0,0,5,7,880,880,47.5658,-122.276,1760,7200,8960,8960,1760,68,68
2,1,880,4000,1,0,0,3,7,880,0,47.6848,-122.386,1150,4000,4880,5150,880,74,74
4,2.5,2260,3713,2,0,0,3,9,2260,0,47.7247,-122.165,2260,3713,5973,5973,2260,11,11
3,2,1760,6092,1,0,0,3,7,1760,0,47.3838,-122.184,2590,6255,7852,8845,1760,16,16
3,2.5,2960,6856,2,0,0,3,10,2960,0,47.5906,-122.057,3320,6856,9816,10176,2960,5,5
4,2.5,2560,6238,2,0,0,3,8,2560,0,47.4899,-122.255,2560,6240,8798,8800,2560,7,7
2,1.5,1050,934,2,0,0,3,8,960,90,47.6029,-122.309,1470,1885,1984,3355,1050,7,7
3,2.5,1600,7982,2,0,0,3,8,1600,0,47.3397,-122.266,1890,9830,9582,11720,1600,21,21
3,1.75,2110,7129,1,0,0,3,8,1280,830,47.7219,-122.102,1810,8674,9239,10484,2110,33,33
3,2.25,2050,6648,1,0,0,3,7,1230,820,47.7258,-122.332,1760,7200,8698,8960,2050,25,25
4,2.75,3320,5559,2,0,0,3,9,3320,0,47.5607,-122.031,3400,6854,8879,10254,3320,3,3
3,1.75,2070,96703,1,0,3,4,7,2070,0,47.2853,-122.008,1820,117612,98773,119432,2070,16,16
5,3.25,3160,10000,2,0,0,4,8,3160,0,47.52,-122.047,2130,10000,13160,12130,3160,34,34
3,2.5,3020,4120,2,0,0,3,9,2360,660,47.5714,-122.373,2280,4120,7140,6400,3020,7,7
5,2.5,3890,27311,2,0,2,3,10,3890,0,47.7291,-122.363,3160,22641,31201,25801,3890,64,24
4,1.5,1890,10707,1,0,0,3,7,1890,0,47.428,-122.326,1610,8827,12597,10437,1890,52,52
3,3.5,3520,35512,2,0,2,3,8,2760,760,47.2416,-121.979,2860,39614,39032,42474,3520,9,9
3,2.5,1850,10109,2,0,0,3,8,1850,0,47.7163,-122.229,1780,9660,11959,11440,1850,23,23
4,1.5,1430,7232,1,0,0,3,7,1430,0,47.7197,-122.328,1540,7232,8662,8772,1430,66,66
4,2,2720,8819,2,0,3,3,8,2240,480,47.338,-122.333,2960,9672,11539,12632,2720,38,38
5,2.5,2870,4712,2,0,0,3,9,2870,0,47.5463,-122.182,2870,6768,7582,9638,2870,0,0
5,5,4930,14649,2,0,3,3,11,4160,770,47.5829,-122.247,3030,8479,19579,11509,4930,14,14
3,2.5,1260,1125,3,0,0,3,8,1260,0,47.6706,-122.381,1360,1250,2385,2610,1260,12,12
4,2.5,3570,6054,2,0,0,3,9,3570,0,47.7053,-122.126,3600,6050,9624,9650,3570,0,0
3,2.5,1780,7848,1,0,0,3,7,1320,460,47.3608,-122.056,1680,7848,9628,9528,1780,37,37
4,1.75,1730,9520,1,0,0,4,7,1730,0,47.4756,-122.157,1550,11211,11250,12761,1730,43,43
2,2.5,1250,1580,2,0,0,3,7,1030,220,47.5243,-122.36,1250,1361,2830,2611,1250,10,10
3,1.75,1560,104108,1,0,0,3,7,1250,310,47.4016,-122.131,2000,110957,105668,112957,1560,45,45
4,1.75,2340,5080,1,0,0,5,7,1170,1170,47.6746,-122.32,1270,3270,7420,4540,2340,90,90
2,1,790,7500,1,0,0,3,6,790,0,47.7644,-122.198,1970,8970,8290,10940,790,64,64
3,1,910,8789,1,0,0,3,7,910,0,47.4345,-122.326,1160,8789,9699,9949,910,48,48
3,2.5,2150,4604,2,0,0,3,8,2150,0,47.5893,-122.019,2280,4253,6754,6533,2150,11,11
2,2.25,1230,929,2,0,0,3,8,1020,210,47.6191,-122.301,1270,1370,2159,2640,1230,10,10
3,2,1280,14972,1,0,0,3,7,1280,0,47.4129,-122.209,1800,9698,16252,11498,1280,52,52
4,2.75,2420,10962,1,0,0,3,8,1530,890,47.6218,-122.152,2620,13200,13382,15820,2420,37,37
3,2.5,1590,2910,2,0,0,3,7,1110,480,47.6855,-122.321,1590,3880,4500,5470,1590,30,30
4,1.75,1920,3844,1,0,0,3,7,1170,750,47.7041,-122.353,1480,3844,5764,5324,1920,48,48
4,2.5,2060,16000,2,0,0,3,6,2060,0,47.2849,-122.251,1530,8000,18060,9530,2060,22,22
3,2,2560,14680,1,0,0,3,8,1330,1230,47.648,-122.118,2390,13848,17240,16238,2560,27,27
4,3.25,2810,11250,1,0,0,3,8,1680,1130,47.692,-122.099,2110,11250,14060,13360,2810,34,34
3,1.75,1560,8456,1,0,0,5,7,1560,0,47.7769,-122.25,2230,13109,10016,15339,1560,44,44
4,2.5,2170,6000,2,0,0,3,7,1630,540,47.5589,-122.365,1720,5668,8170,7388,2170,6,6
3,1,660,6600,1,0,0,4,5,660,0,47.4842,-122.33,1320,6600,7260,7920,660,75,75
3,1,960,8100,1,0,0,3,7,960,0,47.7763,-122.305,1080,8100,9060,9180,960,59,59
5,3,3110,4464,2,0,0,3,8,3110,0,47.7719,-122.168,2450,4221,7574,6671,3110,7,7
3,2.5,3380,7126,2,0,0,3,8,3380,0,47.6276,-122.122,1810,7308,10506,9118,3380,49,11
2,1.75,1315,2162,2,0,0,4,8,1315,0,47.752,-122.253,1640,2128,3477,3768,1315,41,41
4,2.25,2660,11200,2,0,0,4,8,2660,0,47.4722,-122.131,2090,11120,13860,13210,2660,42,42
3,2.5,3430,48993,2,0,0,3,9,3430,0,47.2609,-122.27,2460,36256,52423,38716,3430,13,13
4,2.5,2850,8526,2,0,0,3,9,2850,0,47.6747,-122.191,2440,7072,11376,9512,2850,17,17
3,3.25,1370,913,2,0,0,3,8,1100,270,47.5636,-122.388,1370,915,2283,2285,1370,8,8
3,1.75,1980,5100,1,0,0,3,7,1270,710,47.6911,-122.347,1400,5100,7080,6500,1980,49,49
3,1,1180,7068,1,0,0,3,6,1180,0,47.4947,-122.238,1180,7068,8248,8248,1180,71,71
4,2,1720,2410,1,0,0,3,7,970,750,47.5252,-122.361,1160,1404,4130,2564,1720,84,8
3,1,1370,7500,1,0,0,3,7,1370,0,47.6499,-121.915,1160,7500,8870,8660,1370,54,54
3,1.5,3430,264844,1,0,2,3,7,2230,1200,47.4476,-121.723,1660,145926,268274,147586,3430,26,26
3,2,2000,3207,1,0,0,4,7,1100,900,47.6561,-122.341,1460,3200,5207,4660,2000,98,98
4,1.75,2050,94525,1,0,0,4,7,1250,800,47.4492,-122.084,2270,47480,96575,49750,2050,55,55
3,1,940,19000,1,0,0,3,6,940,0,47.5828,-122.19,2280,19000,19940,21280,940,69,69
3,1.5,1090,7200,1,0,0,4,7,1090,0,47.5817,-122.241,2010,8982,8290,10992,1090,57,57
3,2.5,3040,5326,2,0,0,3,9,3040,0,47.4472,-122.207,3040,5442,8366,8482,3040,6,6
2,1.5,830,1325,2,0,0,3,7,830,0,47.5472,-122.384,1310,1485,2155,2795,830,9,9
4,3.5,4420,7902,2,0,0,3,10,3350,1070,47.5327,-121.86,3440,7851,12322,11291,4420,10,10
2,1.5,1670,6000,1,0,0,3,7,1090,580,47.6517,-122.374,1670,6000,7670,7670,1670,65,65
3,1,1250,21303,1,0,0,3,6,1250,0,47.6625,-122.059,1250,17920,22553,19170,1250,44,44
3,2.5,1880,7000,2,0,0,3,8,1880,0,47.4206,-122.184,1880,7000,8880,8880,1880,21,21
4,2.25,2240,5000,2,0,0,3,8,2240,0,47.6212,-122.058,1760,7500,7240,9260,2240,1,1
2,2,1540,5000,1,0,0,3,8,1540,0,47.319,-122.394,1590,5000,6540,6590,1540,29,29
4,4.5,6640,53330,2,0,0,3,12,6640,0,47.7283,-122.046,4620,68625,59970,73245,6640,21,21
3,2.5,1990,4978,2,0,0,3,8,1990,0,47.5323,-121.856,2650,6816,6968,9466,1990,10,10
2,0.75,1020,1350,2,0,0,3,7,1020,0,47.5944,-122.299,1020,2007,2370,3027,1020,5,5
4,1.75,1240,4532,1,0,0,4,7,1240,0,47.6892,-122.378,1260,4468,5772,5728,1240,70,70
4,2.5,2370,6557,2,0,0,3,9,2370,0,47.423,-122.155,2370,7378,8927,9748,2370,16,16
4,2,3090,87120,1,0,0,4,7,1590,1500,47.7275,-122.122,2560,88426,90210,90986,3090,40,40
3,2.5,1850,8770,2,0,0,3,8,1850,0,47.2091,-122.009,2350,8606,10620,10956,1850,18,18
3,1,1990,7173,1,0,0,3,7,1990,0,47.7116,-122.213,1320,7245,9163,8565,1990,42,42
3,2,1650,3952,2,0,0,3,7,1650,0,47.6727,-122.33,1210,4560,5602,5770,1650,64,64
4,2.5,2940,7590,2,0,0,3,9,2940,0,47.4341,-122.16,2550,8360,10530,10910,2940,23,23
3,1.5,1390,48257,1,0,0,3,6,1390,0,47.5603,-121.894,1440,45302,49647,46742,1390,92,1
5,2.75,2980,13482,1,0,0,4,8,1730,1250,47.3774,-122.16,2900,14800,16462,17700,2980,40,40
3,2,1390,8250,1,0,0,3,7,1390,0,47.3707,-122.094,1390,7875,9640,9265,1390,27,27
3,1.75,2010,8065,1,0,0,4,7,1090,920,47.4171,-122.202,1560,8065,10075,9625,2010,31,31
5,3,2540,11422,1,0,0,3,8,1270,1270,47.5459,-122.176,2090,10741,13962,12831,2540,53,1
1,1,560,5700,1,0,0,3,5,560,0,47.511,-122.359,1120,5000,6260,6120,560,67,67
4,2,1580,9581,1,0,0,3,7,1580,0,47.692,-122.165,1580,10552,11161,12132,1580,61,61
3,2.5,1920,144619,1,0,0,3,8,1920,0,47.2683,-121.946,2010,48787,146539,50797,1920,1,1
3,1.75,1330,9917,1,0,0,3,7,1040,290,47.4478,-122.161,1330,9081,11247,10411,1330,34,34
3,2.5,2480,7480,2,0,0,3,9,2480,0,47.771,-122.166,2480,7480,9960,9960,2480,22,22
3,2,1640,7201,1,0,0,3,8,1640,0,47.7216,-122.289,1750,7201,8841,8951,1640,66,66
4,1.75,1660,10757,1,0,0,3,7,1000,660,47.5071,-122.194,1880,8319,12417,10199,1660,35,35
3,1.5,1270,1443,3,0,0,3,8,1270,0,47.699,-122.317,1270,1413,2713,2683,1270,7,7
4,2.5,3330,7399,2,0,0,3,9,3330,0,47.679,-122.153,2640,8601,10729,11241,3330,5,5
4,1.75,1730,8320,1,0,0,3,7,1230,500,47.327,-122.361,1840,9800,10050,11640,1730,37,37
2,1.5,1280,11071,1,0,0,3,7,850,430,47.6351,-122.033,1280,10879,12351,12159,1280,31,31
4,2.25,2320,13114,2,0,0,5,8,2320,0,47.5762,-122.239,2740,15000,15434,17740,2320,48,48
2,1.75,1710,4234,2,0,0,3,7,1330,380,47.5319,-122.386,1530,4556,5944,6086,1710,94,35
2,2.5,1650,2710,2,0,2,3,8,1650,0,47.5173,-121.878,1760,2992,4360,4752,1650,6,6
3,2.5,1880,6818,2,0,0,3,8,1880,0,47.4206,-122.183,1970,7000,8698,8970,1880,21,21
3,1,1430,8640,1,0,0,5,7,1430,0,47.572,-122.147,1430,9840,10070,11270,1430,61,61
4,2,1440,4855,2,0,0,4,7,1440,0,47.5717,-122.287,1300,4080,6295,5380,1440,42,42
4,1,1170,5400,1,0,0,5,6,1170,0,47.492,-122.172,1100,5400,6570,6500,1170,61,61
4,1.5,2470,6000,1,0,0,3,7,1480,990,47.6365,-122.391,2140,4000,8470,6140,2470,75,75
4,2.25,2230,7200,1,0,0,4,7,1300,930,47.7648,-122.33,2010,7752,9430,9762,2230,51,51
4,2.25,1990,7610,1,0,0,4,8,1290,700,47.6236,-122.103,1820,8198,9600,10018,1990,48,48
3,2.5,3100,45738,2,0,0,3,10,3100,0,47.6854,-122.048,3340,45738,48838,49078,3100,24,24
3,2.5,2150,9266,2,0,0,3,8,2150,0,47.7445,-122.248,2150,12550,11416,14700,2150,26,26
4,1,1460,3840,1,0,0,3,8,1340,120,47.533,-122.347,990,4200,5300,5190,1460,87,87
3,1.5,1100,1751,2,0,0,3,8,940,160,47.5927,-122.306,1380,1751,2851,3131,1100,7,7
3,1,1590,7759,2,0,0,4,7,1590,0,47.5217,-121.819,1600,7200,9349,8800,1590,103,31
2,2.25,1061,2884,2,0,0,3,7,1061,0,47.346,-122.218,1481,2887,3945,4368,1061,2,2
4,2.5,2750,15099,2,0,0,3,8,2750,0,47.7298,-121.972,2500,14564,17849,17064,2750,21,21
4,2.75,2790,6600,2,0,0,3,9,2790,0,47.4362,-122.109,2900,6752,9390,9652,2790,14,14
3,2.25,2650,12845,1,0,3,3,9,1770,880,47.7209,-122.256,2650,12902,15495,15552,2650,37,37
2,2,930,1662,1,0,0,3,7,670,260,47.6518,-122.4,1780,2343,2592,4123,930,13,13
3,1,1480,7374,1,0,0,3,6,760,720,47.7775,-122.336,1480,8934,8854,10414,1480,61,61
4,2.5,2700,9700,1,0,0,3,8,1670,1030,47.7752,-122.198,2470,9228,12400,11698,2700,37,37
3,2.5,2600,4506,2,0,0,3,8,2600,0,47.7353,-122.222,2600,4658,7106,7258,2600,11,11
4,2.5,2300,6448,2,0,0,3,8,2300,0,47.3813,-122.204,1860,5872,8748,7732,2300,13,13
3,1.5,1590,7260,1,0,0,3,7,1080,510,47.7753,-122.353,1590,7594,8850,9184,1590,50,50
3,2.25,1381,1180,3,0,0,3,8,1381,0,47.711,-122.32,1381,1180,2561,2561,1381,7,7
3,1.75,1270,10790,1,0,0,3,7,1270,0,47.6647,-122.177,1270,10790,12060,12060,1270,58,58
3,2.5,2040,7580,2,0,2,3,8,2040,0,47.2618,-122.209,1960,7820,9620,9780,2040,17,17
4,2,2050,8750,1,0,0,3,7,1300,750,47.4324,-122.171,2050,8750,10800,10800,2050,47,47
2,0.75,850,7710,1,0,2,5,6,550,300,47.5588,-122.301,2500,6022,8560,8522,850,105,105
3,2.5,1700,6698,2,0,0,3,7,1700,0,47.3826,-122.028,2190,7346,8398,9536,1700,17,17
3,1,1310,9529,1,0,0,3,7,1310,0,47.4105,-122.295,1330,9529,10839,10859,1310,59,59
3,2.5,2410,7225,2,0,0,3,8,2410,0,47.7211,-122.31,1940,8347,9635,10287,2410,24,24
3,2.25,1860,4000,1,0,0,5,7,1020,840,47.5539,-122.267,1180,4000,5860,5180,1860,94,94
4,2.5,1990,9656,2,0,0,3,7,1990,0,47.3125,-121.998,1500,9656,11646,11156,1990,20,20
3,1,1200,9322,1,0,0,4,7,1200,0,47.3749,-122.225,1540,9677,10522,11217,1200,60,60
5,2,1820,5054,1,0,0,4,7,910,910,47.5547,-122.299,1180,5628,6874,6808,1820,45,45
4,2.5,2690,6099,2,0,0,3,9,2690,0,47.3314,-122.171,2520,6168,8789,8688,2690,16,16
3,1.75,1900,43700,1,0,0,4,6,1900,0,47.7265,-122.136,2070,43995,45600,46065,1900,95,95
3,2,2040,13125,1,0,0,3,6,810,1230,47.478,-122.278,1460,10582,15165,12042,2040,104,104
4,3.5,3500,9525,2,0,0,3,10,3500,0,47.5641,-122.221,2630,9525,13025,12155,3500,15,15
4,2.5,2570,4557,2,0,0,3,7,2570,0,47.367,-122.115,2200,4500,7127,6700,2570,6,6
4,1.75,2660,3520,2,0,0,4,8,2080,580,47.6743,-122.308,2100,4080,6180,6180,2660,97,97
2,1.75,2770,19700,2,0,0,3,8,1780,990,47.7581,-122.365,2360,9700,22470,12060,2770,31,31
3,2.5,3420,8700,1,0,0,3,9,2890,530,47.6352,-122.29,3370,8700,12120,12070,3420,64,64
2,1.5,1160,2158,2,0,0,3,7,1160,0,47.7178,-122.19,1150,2158,3318,3308,1160,32,32
3,1,920,3532,1,0,0,3,6,920,0,47.5539,-122.268,1250,4000,4452,5250,920,104,104
4,3,3260,4500,2,0,0,3,9,2300,960,47.6314,-122.353,2410,4995,7760,7405,3260,84,0
4,2.25,2550,7800,1,0,0,3,8,1580,970,47.6283,-122.095,2420,8050,10350,10470,2550,47,47
3,1.75,1720,4080,1,0,0,4,7,960,760,47.5747,-122.287,1660,4080,5800,5740,1720,90,90
3,1,1060,12000,1,0,0,3,7,1060,0,47.7703,-122.35,1550,10500,13060,12050,1060,63,63
5,2.5,2890,5110,2,0,2,3,9,2890,0,47.5453,-121.995,3010,5110,8000,8120,2890,11,11
4,2.5,1910,10221,2,0,0,3,8,1910,0,47.381,-122.035,2210,8705,12131,10915,1910,20,20
4,2,1560,3840,1,0,0,4,6,960,600,47.6882,-122.365,1560,4800,5400,6360,1560,90,90
2,1,1020,13647,1,0,0,5,6,1020,0,47.2848,-121.927,980,8250,14667,9230,1020,100,41
4,3.25,2740,5339,2,0,0,3,9,2740,0,47.6706,-122.356,1770,4820,8079,6590,2740,11,11
3,1,1000,9450,1,0,0,3,6,1000,0,47.4562,-122.193,1300,13500,10450,14800,1000,53,53
3,2.5,1630,7586,2,0,0,3,8,1630,0,47.5689,-122.023,2090,7330,9216,9420,1630,28,28
4,3.25,2330,9687,2,0,3,3,9,2330,0,47.6264,-122.283,3880,9017,12017,12897,2330,96,96
2,1.75,1950,10766,1,0,3,4,6,1160,790,47.4504,-122.377,1780,11721,12716,13501,1950,62,62
4,1.5,1200,11163,1,0,0,4,6,1200,0,47.3024,-122.106,1200,11163,12363,12363,1200,45,45
3,1.75,2590,32380,1,0,0,3,8,2590,0,47.7539,-122.37,2340,28456,34970,30796,2590,63,20
3,1.5,960,7400,1,0,0,3,7,960,0,47.3798,-122.306,1640,8060,8360,9700,960,53,53
3,1,1400,9000,1,0,0,5,7,1400,0,47.5022,-122.145,1440,8400,10400,9840,1400,55,55
4,2,1960,4520,1,0,0,3,8,960,1000,47.58,-122.405,1680,4520,6480,6200,1960,92,13
5,2,1220,4200,1,0,0,4,6,1090,130,47.6677,-122.321,1790,4200,5420,5990,1220,93,93
4,2.75,2600,19275,1,0,0,3,8,1620,980,47.5523,-122.162,2230,10119,21875,12349,2600,36,36
4,4.5,4225,284011,2,0,0,4,11,4225,0,47.6118,-122.024,2870,14576,288236,17446,4225,29,29
3,2.25,1400,2421,2,0,0,3,9,1400,0,47.695,-122.169,1500,2743,3821,4243,1400,10,10
4,2.5,3420,6845,2,0,0,3,9,3420,0,47.6777,-122.156,2800,5715,10265,8515,3420,6,6
3,2.25,1910,8390,1,0,0,3,7,1910,0,47.73,-122.216,2410,8390,10300,10800,1910,36,36
5,3.25,3970,8029,2,0,2,3,9,2970,1000,47.7764,-122.385,2520,8214,11999,10734,3970,35,35
3,2.5,2680,5539,2,0,0,3,8,2680,0,47.4761,-121.734,2990,6037,8219,9027,2680,1,1
4,2.5,2560,5672,2,0,1,3,8,2560,0,47.5222,-122.201,2190,6788,8232,8978,2560,9,9
3,1,1040,8128,1,0,0,3,6,1040,0,47.7425,-121.981,1520,7500,9168,9020,1040,31,31
4,2.5,2580,3909,2,0,0,3,8,2580,0,47.6852,-122.21,1820,5772,6489,7592,2580,1,1
4,2.25,2380,16236,1,0,0,3,7,1540,840,47.6126,-122.12,2230,8925,18616,11155,2380,53,53
2,1.75,1360,10000,1,0,0,3,6,1360,0,47.7421,-121.982,1430,10000,11360,11430,1360,58,26
5,2.5,2260,7040,2,0,0,3,8,2260,0,47.352,-122.038,2180,6910,9300,9090,2260,16,16
4,2.75,3270,50994,2,0,0,4,8,2720,550,47.347,-122.087,2780,36036,54264,38816,3270,31,31
4,2,1780,5336,1,0,0,5,6,930,850,47.5094,-122.263,1910,10304,7116,12214,1780,96,96
4,2.5,2210,7214,2,0,0,3,8,2210,0,47.3554,-122.298,2270,7246,9424,9516,2210,11,11
3,1.75,2130,8742,1,0,3,3,7,1330,800,47.5057,-122.231,2380,7448,10872,9828,2130,59,59
4,2,2180,10575,1,0,0,2,6,1730,450,47.589,-122.177,2180,12010,12755,14190,2180,64,64
3,2.5,2283,3996,2,0,0,3,8,2283,0,47.4221,-122.192,1760,3992,6279,5752,2283,7,7
3,2.5,2280,10255,2,0,0,4,8,2280,0,47.4334,-122.161,2310,10094,12535,12404,2280,30,30
3,2.5,1660,1692,3,0,0,3,7,1610,50,47.6801,-122.322,1210,1230,3352,2440,1660,10,10
3,2.5,2390,15669,2,0,0,3,9,2390,0,47.7446,-122.193,2640,12500,18059,15140,2390,24,24
3,1,1350,14212,1,0,0,4,6,1350,0,47.6606,-122.06,1520,14404,15562,15924,1350,33,33
4,2.5,2800,72309,2,0,0,3,9,2800,0,47.7432,-122.112,2280,36420,75109,38700,2800,23,23
3,2.5,2370,16455,1,0,0,5,7,1640,730,47.7634,-122.277,2170,15551,18825,17721,2370,55,55
4,1.75,1230,7890,1,0,1,4,7,1090,140,47.5808,-122.189,2380,13176,9120,15556,1230,64,64
3,3.5,2320,3174,2,0,0,3,9,2060,260,47.6897,-122.175,2320,3187,5494,5507,2320,17,17
4,2.5,3216,5902,2,0,0,3,9,3216,0,47.3425,-122.179,2815,4916,9118,7731,3216,0,0
3,1,1200,7727,1,0,0,4,7,1200,0,47.2021,-121.999,1300,7718,8927,9018,1200,56,56
3,2.5,1560,4100,2,0,0,3,7,1560,0,47.4733,-122.189,1660,4400,5660,6060,1560,30,30
4,2.5,2155,8140,2,0,0,3,8,2155,0,47.4204,-122.201,2155,7245,10295,9400,2155,19,19
4,1.75,1510,9176,1,0,0,5,7,1510,0,47.7651,-122.339,1480,9176,10686,10656,1510,57,57
4,3.5,4140,13392,2,0,0,3,11,4140,0,47.5261,-122.144,4140,11529,17532,15669,4140,14,14
4,1.5,1580,10260,1,0,0,4,7,1030,550,47.5984,-122.147,1520,7000,11840,8520,1580,60,60
4,3,4040,19700,2,0,0,3,11,4040,0,47.7205,-122.127,3930,21887,23740,25817,4040,27,27
4,3,2580,7299,2,0,0,3,8,2580,0,47.4646,-122.15,2250,6165,9879,8415,2580,16,16
6,2,1900,8240,1,0,0,2,7,1200,700,47.7037,-122.296,1900,8240,10140,10140,1900,50,50
4,3.25,4430,21000,2,0,0,3,10,4430,0,47.6398,-122.237,3930,20000,25430,23930,4430,62,7
5,2.5,3150,50094,2,0,0,4,9,3150,0,47.6387,-122.177,3600,48787,53244,52387,3150,46,46
3,1,1620,4774,1,0,0,3,7,1620,0,47.659,-122.339,1880,4560,6394,6440,1620,94,94
2,1.5,1840,3825,1,0,0,3,8,1040,800,47.6808,-122.38,1290,5100,5665,6390,1840,86,86
3,3.25,3410,25741,2,0,0,4,8,3410,0,47.6929,-121.868,1660,25865,29151,27525,3410,21,21
2,1.75,1250,7680,1,0,0,3,7,1250,0,47.5242,-122.371,1250,7680,8930,8930,1250,92,46
3,1.75,1600,4888,1,0,0,3,6,1600,0,47.383,-122.097,2520,5700,6488,8220,1600,1,1
3,1.75,1880,9360,1,0,0,4,7,940,940,47.7131,-122.283,1390,7200,11240,8590,1880,73,73
2,1.75,860,5535,1,0,0,3,7,860,0,47.6901,-122.331,1420,4960,6395,6380,860,66,66
4,3.5,5490,14300,1,0,4,3,12,2910,2580,47.5511,-122.114,4290,13822,19790,18112,5490,18,18
3,2.25,2070,2833,2,0,2,3,8,1490,580,47.5543,-122.398,1940,3794,4903,5734,2070,48,48
3,2.5,1830,6162,2,0,0,3,8,1830,0,47.3291,-122.17,1860,7017,7992,8877,1830,21,21
3,1.75,1450,8378,1,0,0,4,8,1450,0,47.3093,-122.385,1860,8496,9828,10356,1450,36,36
3,1.75,1440,8560,1,0,0,4,7,1440,0,47.7296,-122.232,1460,7560,10000,9020,1440,36,36
3,1.75,1470,4000,1,0,0,3,7,1070,400,47.6067,-122.298,1280,3500,5470,4780,1470,35,35
4,2.5,2038,7643,2,0,0,3,8,2038,0,47.3296,-122.18,2634,6824,9681,9458,2038,3,3
4,3.5,4410,36200,2,0,0,3,11,4410,0,47.5487,-122.126,4760,35860,40610,40620,4410,25,25
3,2,2350,5700,1,0,0,4,8,1810,540,47.639,-122.31,2170,6000,8050,8170,2350,75,75
3,2.25,1940,9560,2,0,0,3,7,1940,0,47.2998,-122.387,1800,9560,11500,11360,1940,25,25
4,2.5,3010,11393,2,0,0,3,8,3010,0,47.7389,-122.221,2810,11282,14403,14092,3010,10,10
3,2.5,1500,9636,2,0,0,3,7,1500,0,47.75,-122.176,1700,9656,11136,11356,1500,20,20
4,1.75,2290,36900,1,0,2,5,7,1690,600,47.2034,-122.003,2170,12434,39190,14604,2290,77,77
2,1,1100,3975,1,0,0,3,7,900,200,47.6701,-122.286,1110,4280,5075,5390,1100,65,65
4,3,2580,5511,2,0,0,3,8,2580,0,47.4286,-122.185,2010,5600,8091,7610,2580,15,15
3,1.75,2650,11774,1,0,1,3,8,2240,410,47.4909,-122.363,2650,10120,14424,12770,2650,63,63
3,1,1180,7210,1,0,0,4,7,1180,0,47.7267,-122.241,1700,7210,8390,8910,1180,51,51
5,2,2270,2400,2,0,0,3,7,2270,0,47.6051,-122.319,1320,2400,4670,3720,2270,109,109
3,1.5,1310,7236,1,0,0,4,7,1170,140,47.6944,-122.333,1680,8431,8546,10111,1310,86,86
3,2.25,1780,16290,2,0,0,4,8,1780,0,47.4622,-122.127,1780,8810,18070,10590,1780,27,27
3,2.25,1370,1524,3,0,0,3,8,1370,0,47.6982,-122.347,1370,1418,2894,2788,1370,9,9
3,1,990,10752,1,0,0,4,7,990,0,47.7648,-122.35,1820,7600,11742,9420,990,85,85
3,2.5,1600,4271,2,0,0,3,7,1600,0,47.3303,-122.269,1700,4746,5871,6446,1600,14,14
3,3.25,1630,1677,3,0,0,3,8,1630,0,47.7048,-122.353,1220,1677,3307,2897,1630,7,7
3,1.75,1480,6120,1,0,0,3,7,1480,0,47.6858,-122.295,1480,6120,7600,7600,1480,69,69
4,2.25,2400,8592,2,0,0,3,8,2400,0,47.4383,-122.193,2180,8100,10992,10280,2400,37,37
3,1,1200,9527,1,0,0,3,7,1200,0,47.5112,-122.316,1510,9457,10727,10967,1200,55,55
4,2.75,2100,7236,1,0,0,3,8,1400,700,47.7267,-122.232,1900,7519,9336,9419,2100,35,35
3,1,1410,9704,1,0,0,3,8,1140,270,47.6203,-122.036,1910,13639,11114,15549,1410,32,32
3,2.5,2490,8582,2,0,0,3,9,2490,0,47.625,-122.042,2870,7598,11072,10468,2490,15,15
4,2,1590,942,3,0,0,3,7,1590,0,47.54,-122.026,1390,942,2532,2332,1590,7,7
2,1,970,12500,1,0,0,3,6,970,0,47.5102,-122.33,1280,6250,13470,7530,970,74,74
3,3.5,3650,103672,1,0,0,3,10,2050,1600,47.4002,-122.217,2550,16140,107322,18690,3650,4,4
5,3.75,3870,8225,2,0,0,3,10,3870,0,47.6078,-122.01,3600,9361,12095,12961,3870,16,16
3,2.5,2270,4488,2,0,0,3,7,2270,0,47.5329,-121.879,2360,4427,6758,6787,2270,15,15
1,1,720,6000,1,0,0,3,6,720,0,47.5266,-122.316,1040,6000,6720,7040,720,74,74
3,1.5,1510,344124,1,0,2,4,7,1510,0,47.2156,-122.029,1750,169884,345634,171634,1510,50,50
3,1.75,1240,4550,1,0,0,4,7,1240,0,47.5803,-122.398,2110,5700,5790,7810,1240,64,64
3,2.5,2380,3332,2,0,0,3,9,2380,0,47.7194,-122.199,2590,4382,5712,6972,2380,1,1
4,2.5,3770,35081,2,0,0,3,10,3770,0,47.6908,-122.051,4000,35492,38851,39492,3770,25,25
4,2.25,2430,7490,2,0,0,3,8,2430,0,47.4406,-122.139,2070,7469,9920,9539,2430,31,31
2,1.5,1030,2850,2,0,0,3,7,1030,0,47.3845,-122.039,1030,3000,3880,4030,1030,20,20
2,2.5,1290,1445,3,0,0,3,8,1290,0,47.6955,-122.376,1470,1503,2735,2973,1290,15,15
4,2.5,2770,21806,2,0,0,3,9,2770,0,47.4815,-121.768,2500,21656,24576,24156,2770,23,23
3,1,1010,9678,1,0,0,5,7,1010,0,47.4396,-122.285,1010,9375,10688,10385,1010,59,59
4,2.5,2650,6240,2,0,0,3,8,2650,0,47.6885,-122.021,2640,6524,8890,9164,2650,1,1
3,2.5,1714,3240,2,0,0,3,8,1714,0,47.4288,-122.19,1714,3240,4954,4954,1714,10,10
3,1,1300,7975,1,0,0,4,7,1300,0,47.611,-122.122,1570,9075,9275,10645,1300,56,56
3,2.75,3180,3680,2,0,0,4,9,2190,990,47.577,-122.38,2000,3680,6860,5680,3180,97,97
2,1,1030,8576,1,0,0,5,6,1030,0,47.7352,-122.295,1310,8504,9606,9814,1030,62,62
4,1.75,1900,22896,1,0,0,3,7,1360,540,47.3102,-122.023,1300,8960,24796,10260,1900,92,24
3,1.75,1260,3604,1,0,0,3,7,1260,0,47.3612,-122.103,1430,3767,4864,5197,1260,3,3
4,2.5,2070,5415,2,0,0,3,8,2070,0,47.5706,-122.006,2120,5331,7485,7451,2070,18,18
4,2.5,2060,6958,1,0,0,3,7,1220,840,47.7251,-122.168,1760,7350,9018,9110,2060,41,41
2,1,1240,8100,1,0,2,3,7,1240,0,47.7326,-122.288,2790,8100,9340,10890,1240,89,89
4,2.25,1860,7000,1,0,0,3,8,1120,740,47.3127,-122.339,1990,8937,8860,10927,1860,35,35
2,1,900,7620,1,0,0,3,7,900,0,47.5268,-122.343,1520,7620,8520,9140,900,44,44
3,2.25,1760,5421,2,0,0,3,7,1760,0,47.3484,-122.037,1570,6000,7181,7570,1760,23,23
3,1,1600,7324,1,0,0,4,7,1600,0,47.5054,-122.19,1430,7249,8924,8679,1600,56,56
3,2.25,1640,14374,1,0,0,4,7,1140,500,47.4476,-122.332,2020,10500,16014,12520,1640,51,51
4,3,2250,7245,1,0,0,4,7,1250,1000,47.6045,-122.169,1960,7245,9495,9205,2250,52,52
2,1,950,4800,1,0,0,3,6,950,0,47.5864,-122.301,1420,5400,5750,6820,950,74,74
2,2,1120,1039,2,0,0,3,7,840,280,47.5788,-122.315,1130,5400,2159,6530,1120,8,8
5,3.5,3672,9742,2,0,0,3,9,3006,666,47.3255,-122.192,2140,9118,13414,11258,3672,8,8
2,2,1130,5500,1,0,0,4,6,1130,0,47.3839,-122.225,1320,6600,6630,7920,1130,74,74
3,1.75,1820,32666,1,0,0,4,7,1820,0,47.1803,-121.974,2050,43560,34486,45610,1820,48,48
2,1,750,6439,1,0,0,4,6,750,0,47.6995,-122.354,1470,6374,7189,7844,750,80,80
4,2,2130,2620,1,0,0,5,7,1650,480,47.6515,-122.346,1330,2719,4750,4049,2130,95,95
3,2.5,2420,11953,1,0,0,3,9,2420,0,47.6285,-122.054,2420,12215,14373,14635,2420,24,24
3,1.75,1780,120661,1,0,0,4,6,1780,0,47.7731,-121.897,1440,25000,122441,26440,1780,35,35
3,1.75,1040,5097,1,0,0,4,7,800,240,47.6385,-122.401,1630,5097,6137,6727,1040,70,70
4,2.75,2210,3400,1,0,0,5,7,1470,740,47.6826,-122.311,1500,3400,5610,4900,2210,88,88
3,2.5,2470,10321,2,0,0,3,9,2470,0,47.6694,-122.141,2450,8440,12791,10890,2470,26,26
2,1,1060,1600,2,0,0,3,7,1060,0,47.5888,-122.294,1360,3360,2660,4720,1060,35,35
3,1.75,2520,4534,1,0,0,5,9,1460,1060,47.6381,-122.401,1870,5023,7054,6893,2520,60,60
3,1,1200,6825,1,0,0,3,7,1200,0,47.7491,-122.353,1470,8100,8025,9570,1200,61,2
5,3,3070,5252,2,0,0,3,8,3070,0,47.3666,-122.128,2760,5203,8322,7963,3070,9,9
2,1,1260,4000,1,0,0,3,7,1000,260,47.6898,-122.384,1780,4000,5260,5780,1260,74,74
1,2,1240,4800,2,0,0,3,6,1240,0,47.4778,-122.211,1030,4800,6040,5830,1240,104,104
3,1.75,1850,15170,1,0,0,3,7,1850,0,47.4991,-121.774,1160,14175,17020,15335,1850,49,49
3,2,1200,9566,1,0,0,3,7,1200,0,47.2649,-122.252,1590,9518,10766,11108,1200,19,19
3,1.75,1950,17400,1,0,0,3,7,1210,740,47.7424,-122.091,1900,17250,19350,19150,1950,39,39
5,3.5,3990,10120,2,0,0,3,9,2820,1170,47.741,-122.208,2750,9622,14110,12372,3990,24,24
4,1.75,2250,10108,1,0,0,4,8,2250,0,47.5922,-122.118,2050,9750,12358,11800,2250,47,47
3,1.75,1190,7280,1,0,0,4,7,1190,0,47.3151,-122.19,1250,7800,8470,9050,1190,46,46
5,3.25,4050,35600,2,0,0,3,12,4050,0,47.5465,-122.122,4770,33880,39650,38650,4050,24,24
2,3,2330,3600,2,0,0,5,10,1870,460,47.6316,-122.282,2950,7200,5930,10150,2330,87,35
5,2,1910,7200,1,0,0,4,6,1110,800,47.4975,-122.261,1150,5948,9110,7098,1910,63,63
4,3.25,5180,19850,2,0,3,3,12,3540,1640,47.562,-122.162,3160,9750,25030,12910,5180,9,9
3,1,1060,8097,1,0,0,4,7,940,120,47.7144,-122.351,1560,7940,9157,9500,1060,92,92
5,2.75,2300,7600,1,0,0,4,7,1400,900,47.3084,-122.372,1750,8500,9900,10250,2300,45,45
4,2.5,3340,123600,2,0,0,3,10,3340,0,47.6101,-121.955,3730,123600,126940,127330,3340,9,9
2,1,1620,3880,1,0,0,4,7,920,700,47.6855,-122.391,1330,3880,5500,5210,1620,90,90
3,2.5,2620,14096,2,0,0,4,9,2620,0,47.3513,-122.1,3010,14096,16716,17106,2620,25,25
5,3,3450,9914,2,0,0,3,9,3450,0,47.2813,-122.345,2860,9721,13364,12581,3450,10,10
5,3,3520,36558,2,0,0,4,8,2100,1420,47.4658,-122.007,3000,36558,40078,39558,3520,29,29
5,1.75,1260,4500,1,0,0,3,7,1260,0,47.6452,-122.369,1410,4388,5760,5798,1260,88,88
4,2.5,2960,5027,2,0,0,3,7,2960,0,47.5328,-121.881,2760,5500,7987,8260,2960,15,15
4,2.5,2920,14210,2,0,0,4,10,2920,0,47.6196,-122.15,2840,13702,17130,16542,2920,36,36
4,3,2380,20277,1,0,0,3,8,1500,880,47.3046,-122.392,2370,15440,22657,17810,2380,15,15
2,1.5,1260,1575,2,0,0,3,7,1260,0,47.5914,-122.295,1220,1740,2835,2960,1260,13,13
3,2.25,1920,11500,1,0,0,3,8,1920,0,47.5498,-122.188,2260,8866,13420,11126,1920,42,14
4,2.5,3010,9155,2,0,0,3,9,3010,0,47.3542,-122.027,3010,5762,12165,8772,3010,9,9
3,2,1460,6377,1,0,0,3,7,1460,0,47.3679,-122.02,1600,6250,7837,7850,1460,19,19
3,1.5,1060,5750,1,0,2,4,7,1060,0,47.5512,-122.371,1060,5750,6810,6810,1060,33,33
3,1.75,1370,10050,1,0,1,4,7,1370,0,47.3338,-122.341,1720,10050,11420,11770,1370,48,48
3,2.5,2100,7851,2,0,0,3,8,2100,0,47.7242,-122.105,2100,8187,9951,10287,2100,28,28
3,1.75,1790,7123,1,0,0,3,7,1790,0,47.7429,-121.981,1660,8128,8913,9788,1790,102,20
3,2.25,2440,8378,1,0,0,3,7,1480,960,47.7705,-122.26,2510,9602,10818,12112,2440,53,53
4,2.75,2610,4160,3,0,0,5,8,1910,700,47.6901,-122.357,1470,4140,6770,5610,2610,104,104
3,2.5,2610,6405,2,0,0,3,8,2610,0,47.5373,-121.874,2580,6285,9015,8865,2610,13,13
3,1.75,1620,7540,1,0,0,3,7,1310,310,47.3635,-122.052,1580,7540,9160,9120,1620,26,26
3,1.75,1790,6775,1,0,2,3,8,1790,0,47.5412,-122.377,1310,6028,8565,7338,1790,64,64
3,1,1400,3538,1,0,0,3,7,800,600,47.5405,-122.27,1620,6331,4938,7951,1400,62,62
3,1.5,1710,17707,1,0,0,4,7,1180,530,47.5393,-122.216,2590,9508,19417,12098,1710,68,68
3,2.25,1480,97138,1,0,0,3,7,1480,0,47.3317,-121.927,1730,176418,98618,178148,1480,31,31
2,1.5,1340,1402,2,0,0,3,8,1120,220,47.588,-122.304,1340,1213,2742,2553,1340,7,7
3,2.5,2000,7251,2,0,0,3,9,2000,0,47.7067,-122.2,2450,8118,9251,10568,2000,19,19
4,2.75,3090,6200,2,0,0,3,9,3090,0,47.5538,-122.189,2890,10108,9290,12998,3090,1,1
3,2.5,2260,93218,1,0,2,4,6,2260,0,47.2582,-121.935,2180,111078,95478,113258,2260,17,17
4,1.75,1670,13125,1,0,0,5,8,1670,0,47.6315,-122.101,2360,12500,14795,14860,1670,42,42
4,1.5,2060,16110,1,0,0,4,8,2060,0,47.5983,-122.202,2060,16110,18170,18170,2060,65,65
5,2,2730,7344,1,0,0,5,7,1510,1220,47.4602,-122.171,1730,7700,10074,9430,2730,53,53
4,2.5,2520,7253,2,0,0,3,9,2520,0,47.5148,-122.159,2570,8359,9773,10929,2520,24,24
6,2.25,2930,15949,1,0,0,4,8,1730,1200,47.7188,-122.185,1730,8550,18879,10280,2930,49,49
3,3,2180,2650,1,0,0,5,8,1410,770,47.6891,-122.375,1570,4820,4830,6390,2180,84,84
4,2.5,2710,35009,2,0,2,3,9,2710,0,47.4815,-121.714,2330,35040,37719,37370,2710,23,23
2,1,860,8308,1,0,0,3,7,860,0,47.508,-122.378,1200,8308,9168,9508,860,66,66
6,2.5,3560,6480,2,0,0,4,11,3560,0,47.627,-122.304,2780,6480,10040,9260,3560,100,100
4,3.5,3070,4684,2,0,0,3,10,2190,880,47.5316,-122.076,2290,2664,7754,4954,3070,5,5
3,2.5,1570,9292,1,0,0,3,7,1110,460,47.3386,-122.272,1470,9222,10862,10692,1570,38,38
4,2.5,3540,18168,2,0,0,3,10,3540,0,47.5441,-122.131,4130,11180,21708,15310,3540,18,18
3,2,1750,15500,1,0,0,3,7,1490,260,47.5887,-122.065,2450,50094,17250,52544,1750,32,32
5,1.75,2330,6000,1,0,0,3,8,2080,250,47.6461,-122.392,2150,6000,8330,8150,2330,78,78
4,3,2480,9238,1,0,0,5,7,2050,430,47.4701,-122.364,1820,12214,11718,14034,2480,101,101
3,3.5,3460,15745,2,0,0,3,10,3460,0,47.7262,-122.06,3350,14825,19205,18175,3460,28,28
2,1,1040,7200,1,0,0,4,6,1040,0,47.6823,-122.203,1640,7200,8240,8840,1040,60,60
6,2.25,3040,28535,1,0,0,3,8,1890,1150,47.3864,-122.223,1360,8250,31575,9610,3040,63,63
4,2.25,2320,16800,2,0,0,4,9,2320,0,47.2959,-122.166,2700,15680,19120,18380,2320,37,37
4,3.5,3970,210830,2,0,0,3,9,3970,0,47.4614,-121.713,1680,42665,214800,44345,3970,15,15
3,1,1440,8287,1,0,0,4,7,1440,0,47.7438,-122.315,1330,8285,9727,9615,1440,86,86
4,2.5,2580,9450,1,0,0,4,8,1660,920,47.703,-122.28,2060,9450,12030,11510,2580,55,55
4,2.25,2090,7400,1,0,0,3,9,1670,420,47.3178,-122.38,2260,8000,9490,10260,2090,41,41
4,2.5,2330,4907,2,0,0,3,7,2330,0,47.359,-122.081,2300,3836,7237,6136,2330,1,1
3,1.75,2220,132858,1,0,0,3,7,1110,1110,47.4853,-122.034,2130,77536,135078,79666,2220,26,26
4,2,1330,5926,1,0,0,4,5,1330,0,47.496,-122.19,1150,5485,7256,6635,1330,72,72
3,2.5,2770,9350,2,0,3,3,8,2770,0,47.5253,-122.201,2660,9695,12120,12355,2770,57,14
4,2.25,2690,36114,2,0,0,4,9,2690,0,47.3106,-122.116,2570,35091,38804,37661,2690,28,28
4,2.75,1910,11356,1,0,0,5,7,1160,750,47.6999,-122.2,1770,11357,13266,13127,1910,38,38
5,4,3400,5000,2,0,0,3,8,2320,1080,47.6655,-122.363,1910,5000,8400,6910,3400,114,1
5,2.75,2481,4045,2,0,0,3,8,2481,0,47.2602,-122.284,2363,4175,6526,6538,2481,0,0
5,3,3800,42316,1,0,0,4,9,3800,0,47.3488,-122.095,2580,35775,46116,38355,3800,30,30
5,1.75,2690,21357,1,0,0,4,7,1420,1270,47.5831,-122.191,2600,17539,24047,20139,2690,63,63
4,2,2780,11583,1,0,3,3,8,1190,1590,47.7293,-122.284,2580,10241,14363,12821,2780,60,60
3,2.5,2590,35640,1,0,0,3,9,2590,0,47.5516,-122.03,2590,31200,38230,33790,2590,28,28
4,2.5,4090,11225,2,0,0,3,10,4090,0,47.581,-121.971,3510,8762,15315,12272,4090,9,9
3,1,960,4560,1,0,0,4,7,960,0,47.5539,-122.365,970,4800,5520,5770,960,47,47
2,2.25,1170,1011,2,0,0,3,7,1170,0,47.5321,-122.073,1240,750,2181,1990,1170,5,5
4,2.25,1240,21190,1,0,0,3,8,910,330,47.5123,-122.197,1760,8200,22430,9960,1240,41,41
3,1,1300,9000,1,0,0,3,7,1300,0,47.7352,-122.337,1500,9600,10300,11100,1300,58,58
3,1.75,1700,8400,1,0,0,3,8,1460,240,47.6534,-122.415,2010,7000,10100,9010,1700,67,67
3,1.75,1570,7500,1,0,1,3,7,1300,270,47.4999,-122.368,1590,7660,9070,9250,1570,61,61
3,2.25,2130,8800,1,0,0,3,8,1270,860,47.383,-122.168,1960,8075,10930,10035,2130,36,36
3,1,940,7811,1,0,0,3,6,940,0,47.6195,-122.118,1180,7490,8751,8670,940,55,55
4,1.75,2100,11942,1,0,0,3,7,1030,1070,47.55,-122.356,1170,6986,14042,8156,2100,50,50
3,2.25,2520,6170,2,0,0,3,7,1850,670,47.3522,-122.042,2260,6967,8690,9227,2520,11,11
2,1,950,9000,1,0,0,3,6,950,0,47.5219,-122.361,1000,8280,9950,9280,950,90,90
4,2.5,2980,12534,2,0,0,3,9,2980,0,47.3999,-122.211,2630,12534,15514,15164,2980,19,19
2,1,1560,5000,1,0,1,4,7,1560,0,47.7006,-122.386,2620,5400,6560,8020,1560,72,72
4,1.75,1820,6930,1,0,2,4,7,1320,500,47.5053,-122.242,1820,6825,8750,8645,1820,62,62
3,2.5,1980,6922,2,0,0,5,8,1980,0,47.396,-122.184,2090,7697,8902,9787,1980,23,23
3,1,1140,8366,1,0,0,5,6,1140,0,47.4768,-122.177,960,7200,9506,8160,1140,71,71
3,1.75,1380,10529,1,0,0,3,7,1380,0,47.7119,-122.233,1670,5694,11909,7364,1380,48,48
4,2.5,2620,11200,1,0,0,4,8,1770,850,47.5876,-122.193,2360,11200,13820,13560,2620,53,53
3,1,990,4440,1,0,0,3,6,990,0,47.522,-122.354,990,6771,5430,7761,990,71,71
3,1.5,2160,2260,2,0,2,5,8,1620,540,47.6321,-122.371,2570,2400,4420,4970,2160,97,97
3,2.5,1790,6452,2,0,0,3,7,1790,0,47.3841,-122.042,1610,3600,8242,5210,1790,11,11
5,3.75,3760,4702,2,0,0,3,9,2780,980,47.7202,-122.223,2950,5981,8462,8931,3760,0,0
2,1,1070,8750,1,0,0,3,7,1070,0,47.4734,-122.198,1300,9670,9820,10970,1070,64,64
4,2.75,3250,10000,2,0,0,3,9,3250,0,47.7557,-122.309,1620,10089,13250,11709,3250,0,0
3,1.5,1540,13475,1,0,0,4,7,1540,0,47.4766,-122.153,1550,13475,15015,15025,1540,42,42
4,2.5,1987,6000,2,0,0,3,7,1987,0,47.2679,-122.255,1880,9589,7987,11469,1987,3,3
3,2.25,1620,997,2,0,0,3,8,1540,80,47.5394,-122.027,1620,1068,2617,2688,1620,2,2
4,2.25,2260,8715,1,0,0,4,8,1530,730,47.6237,-122.106,2220,8650,10975,10870,2260,38,38
6,3.5,2410,6000,2,0,4,3,9,2220,190,47.54,-122.382,1980,6000,8410,7980,2410,98,24
3,3,2560,3600,2,0,0,3,10,2110,450,47.633,-122.37,2160,3600,6160,5760,2560,20,20
3,2.5,1390,4997,2,0,0,3,7,1390,0,47.5303,-121.855,2340,4125,6387,6465,1390,11,11
4,2,1710,5200,1,0,0,4,7,910,800,47.3634,-122.09,1560,5200,6910,6760,1710,38,38
3,1,1540,3399,1,0,0,3,7,1200,340,47.6853,-122.359,1500,3914,4939,5414,1540,88,88
4,2.5,2600,11280,1,0,0,3,7,1570,1030,47.336,-122.304,1660,11200,13880,12860,2600,53,53
4,2.75,2610,9426,1,0,0,3,7,1360,1250,47.4435,-122.279,1600,9426,12036,11026,2610,49,49
3,2,1750,9239,1,0,0,3,8,1410,340,47.7583,-122.339,1720,7874,10989,9594,1750,26,26
3,2.25,1340,4080,1,0,0,3,6,1170,170,47.5722,-122.291,1670,4080,5420,5750,1340,107,107
2,1.75,1660,11747,1,0,0,3,7,830,830,47.7661,-122.306,1900,19850,13407,21750,1660,34,34
5,2.25,1750,5000,1,0,0,3,8,960,790,47.6589,-122.276,2580,5000,6750,7580,1750,75,75
3,2.5,1670,6666,2,0,0,4,7,1670,0,47.3488,-122.033,1370,6170,8336,7540,1670,22,22
3,1.75,1570,4375,1,0,0,3,7,970,600,47.5889,-122.389,1790,5750,5945,7540,1570,75,75
3,3,1530,9997,1,0,0,3,6,1020,510,47.2861,-122.252,1410,9997,11527,11407,1530,22,22
2,1,1490,3825,1,0,0,3,7,860,630,47.6799,-122.381,1460,3825,5315,5285,1490,85,85
3,2.5,2620,43832,2,0,0,3,8,2620,0,47.655,-122.009,2620,120686,46452,123306,2620,1,1
4,2.5,4120,14866,1,1,4,3,8,2070,2050,47.5571,-122.193,3620,19729,18986,23349,4120,50,50
3,1.75,1180,16552,1,0,0,4,7,1180,0,47.7426,-122.116,2780,45302,17732,48082,1180,47,47
4,3.75,3320,8234,2,0,0,3,10,3320,0,47.5963,-122.2,1560,8240,11554,9800,3320,0,0
5,3,2200,6380,1,0,0,3,7,1440,760,47.7033,-122.322,1960,5800,8580,7760,2200,27,27
2,1.5,1140,1149,2,0,0,3,7,940,200,47.6124,-122.314,1460,1149,2289,2609,1140,14,14
4,4.25,3250,11780,2,0,0,3,8,2360,890,47.6322,-122.203,1800,9000,15030,10800,3250,70,13
4,2.5,3230,12100,1,0,0,3,9,1870,1360,47.562,-122.146,2670,10200,15330,12870,3230,37,37
4,2,2290,9200,1,0,0,3,7,2290,0,47.4678,-122.363,2140,9200,11490,11340,2290,95,95
4,2.5,2210,8465,1,0,0,3,8,1490,720,47.2647,-122.221,2210,7917,10675,10127,2210,24,24
5,2.5,2220,9360,1,0,0,4,7,1110,1110,47.4341,-122.169,1780,7704,11580,9484,2220,46,46
3,2.5,2577,156816,2,0,0,3,8,2577,0,47.2935,-122.108,2090,156816,159393,158906,2577,15,15
4,1.75,1770,9011,1,0,0,5,7,1050,720,47.3646,-122.076,1410,8530,10781,9940,1770,31,31
4,2.25,2670,14255,1,0,0,4,8,1610,1060,47.5623,-122.175,2470,10290,16925,12760,2670,39,39
3,1.75,2650,7378,1,0,0,3,7,1460,1190,47.7525,-122.315,1600,7616,10028,9216,2650,63,63
3,1,1020,8437,1,0,0,5,6,1020,0,47.2093,-122,1420,8500,9457,9920,1020,28,28
3,2.5,2130,8022,2,0,0,3,8,2130,0,47.7252,-122.106,2130,7605,10152,9735,2130,29,29
3,2.5,2200,20000,1,0,1,3,7,1400,800,47.5809,-122.191,3050,11775,22200,14825,2200,62,62
3,1,1320,7155,1,0,0,4,6,1320,0,47.2857,-122.22,1070,8100,8475,9170,1320,53,53
2,1,720,212137,1,0,0,3,5,720,0,47.422,-122.066,2010,109642,212857,111652,720,32,32
4,3.25,3910,7500,2,0,2,4,11,2550,1360,47.6448,-122.409,3070,7500,11410,10570,3910,82,82
4,2,1850,8827,1,0,0,3,7,1850,0,47.7406,-122.313,1310,6901,10677,8211,1850,45,45
4,4,3180,7650,2,0,0,3,8,2530,650,47.6887,-122.319,2000,4080,10830,6080,3180,94,94
7,2.25,3260,8145,2,0,0,5,8,3260,0,47.6336,-122.115,2340,8145,11405,10485,3260,47,47
3,2,1650,9641,1,0,0,3,7,1650,0,47.7145,-122.231,1940,6701,11291,8641,1650,31,31
3,1,940,5650,1,0,0,3,6,940,0,47.5551,-122.292,1180,5276,6590,6456,940,66,66
3,1.75,1960,5520,1,0,0,4,7,1080,880,47.6535,-122.397,1720,5760,7480,7480,1960,62,62
2,1,930,4000,1,0,0,3,6,730,200,47.5321,-122.323,1100,5000,4930,6100,930,72,72
3,3.75,3710,34412,2,0,0,3,10,2910,800,47.5888,-122.04,2390,34412,38122,36802,3710,36,36
4,2,2560,12155,1,0,0,4,7,1350,1210,47.3326,-122.323,1790,11906,14715,13696,2560,54,54
4,1.75,1910,16785,1,0,0,4,7,1110,800,47.7474,-122.235,1590,9900,18695,11490,1910,34,34
4,1.75,2160,28750,2,0,0,4,8,2160,0,47.3212,-122.118,1790,53578,30910,55368,2160,36,36
4,2.75,2520,6398,2,0,0,3,8,2520,0,47.7685,-122.159,2520,6398,8918,8918,2520,0,0
3,1.5,1250,7500,1,0,0,3,7,1250,0,47.3719,-122.215,1260,7563,8750,8823,1250,47,47
3,2.5,1860,8060,2,0,0,4,8,1860,0,47.5674,-122.017,1850,4661,9920,6511,1860,27,27
3,2.5,1940,10800,1,0,0,3,8,1340,600,47.7471,-122.075,2080,9600,12740,11680,1940,35,35
3,1.75,1680,8610,1,0,0,4,7,1290,390,47.7246,-122.173,1640,8809,10290,10449,1680,45,45
4,2.5,1830,7345,1,0,0,4,8,1540,290,47.7741,-122.373,1990,7700,9175,9690,1830,41,41
3,1,860,7740,1,0,0,3,6,860,0,47.4906,-122.244,980,7200,8600,8180,860,54,54
6,2,2040,10812,1,0,0,4,5,2040,0,47.4919,-122.181,1440,10200,12852,11640,2040,71,71
2,1,1320,4750,1,0,0,4,7,1320,0,47.6729,-122.38,1360,2873,6070,4233,1320,87,87
5,2.25,2590,7245,1,0,0,3,8,1510,1080,47.6398,-122.111,1930,7245,9835,9175,2590,42,42
3,2.5,1870,9135,1,0,0,3,7,1250,620,47.6269,-122.06,1550,9100,11005,10650,1870,30,30
4,3,2360,6250,1,0,2,3,7,1460,900,47.512,-122.249,2500,6250,8610,8750,2360,54,54
3,1.5,1560,10489,1,0,0,5,7,1560,0,47.2048,-121.999,1400,10489,12049,11889,1560,53,53
3,1,1000,4171,1,0,0,3,7,1000,0,47.6834,-122.097,1090,3479,5171,4569,1000,29,29
3,1,1200,10458,1,0,0,4,6,1200,0,47.3262,-122.342,1160,9000,11658,10160,1200,53,53
3,2.25,1810,12000,2,0,0,3,7,1810,0,47.3476,-122.3,1720,9916,13810,11636,1810,22,22
3,2,1860,4777,2,0,0,5,7,1860,0,47.6892,-122.311,1580,3822,6637,5402,1860,106,106
4,2.5,2520,7205,2,0,0,3,8,2520,0,47.343,-122.316,2350,7632,9725,9982,2520,27,27
3,2.25,2950,78843,1,0,0,3,9,2950,0,47.5917,-122.068,3880,78843,81793,82723,2950,8,8
4,3.5,2850,2910,2,0,2,3,8,1970,880,47.6855,-122.321,1460,3880,5760,5340,2850,110,19
3,1.75,1590,7560,1,0,0,3,7,1130,460,47.4016,-122.18,1500,7560,9150,9060,1590,30,30
4,3.25,4350,7090,2,0,0,3,8,2870,1480,47.3747,-122.156,2490,7266,11440,9756,4350,15,15
3,2.5,2260,8040,2,0,0,3,8,2260,0,47.3203,-122.184,2390,8040,10300,10430,2260,25,25
3,1.75,1650,9600,1,0,0,4,7,1650,0,47.5779,-122.044,2040,12220,11250,14260,1650,37,37
4,1,1430,6240,1,0,0,5,7,1430,0,47.7272,-122.311,1410,6240,7670,7650,1430,62,62
4,1.75,2290,7380,1,0,0,3,7,1390,900,47.5034,-122.245,1170,7381,9670,8551,2290,51,51
3,1,1090,11292,1,0,0,4,7,1090,0,47.7429,-122.358,1570,8198,12382,9768,1090,63,63
3,1.75,1940,8376,1,0,0,4,8,1290,650,47.5586,-122.173,2400,8674,10316,11074,1940,52,52
3,1.75,1750,11461,2,0,0,4,7,1750,0,47.3173,-122.21,2140,11276,13211,13416,1750,38,38
4,2.5,1960,11600,1,0,0,5,6,980,980,47.2898,-122.222,1160,7685,13560,8845,1960,83,83
4,2.75,3120,5000,2,0,0,3,9,3120,0,47.594,-122.062,3200,5000,8120,8200,3120,4,4
3,1.75,1620,8438,1,0,0,4,8,1620,0,47.703,-122.281,2040,9450,10058,11490,1620,54,54
4,1,1960,94525,1,0,0,3,6,1960,0,47.5418,-121.962,2430,188564,96485,190994,1960,35,35
4,2.75,2790,6685,2,0,0,3,8,2790,0,47.4838,-121.773,2790,6444,9475,9234,2790,0,0
4,1,1080,26114,1,0,0,5,5,1080,0,47.3834,-122.215,1720,20360,27194,22080,1080,114,114
4,2.5,2170,7533,2,0,0,3,8,2170,0,47.5057,-122.149,2170,8728,9703,10898,2170,24,24
4,2.5,2550,17209,2,0,0,3,9,2550,0,47.4836,-122.136,2840,12560,19759,15400,2550,18,18
2,1.5,1510,9843,1,0,0,4,7,1510,0,47.4419,-122.27,1590,9368,11353,10958,1510,53,53
4,2.25,1790,7311,2,0,0,3,7,1790,0,47.5055,-122.189,1400,7203,9101,8603,1790,23,23
3,2,1490,7770,1,0,0,4,7,1490,0,47.3686,-122.09,1540,7366,9260,8906,1490,24,24
6,2.25,2950,11200,1,0,0,4,7,1700,1250,47.7476,-122.087,1790,11200,14150,12990,2950,45,45
1,1,690,1950,1,0,0,3,6,690,0,47.6849,-122.374,1650,4864,2640,6514,690,86,86
4,1.75,2510,8989,1,0,0,4,8,1680,830,47.5569,-122.172,2510,8931,11499,11441,2510,51,51
5,2,2310,13430,1,0,0,4,8,2310,0,47.6395,-122.203,2810,13906,15740,16716,2310,48,48
3,1.75,1580,9049,1,0,0,3,8,1580,0,47.7776,-122.375,2100,8446,10629,10546,1580,48,48
2,1.75,970,4233,1,0,0,4,7,970,0,47.6384,-122.4,1340,4233,5203,5573,970,70,70
3,2,1720,2000,1,0,0,3,8,1060,660,47.6384,-122.35,1590,4000,3720,5590,1720,105,15
4,2.5,3300,10250,1,0,0,3,7,2390,910,47.5873,-122.249,1950,6045,13550,7995,3300,68,23
3,2.25,1980,10115,1,0,0,3,8,1980,0,47.6384,-122.174,2800,10143,12095,12943,1980,55,55
4,2.25,2320,8760,1,0,0,4,8,1160,1160,47.3627,-122.285,1970,8690,11080,10660,2320,48,48
4,1.75,2390,23899,1,0,0,3,7,1750,640,47.7557,-122.237,1840,33900,26289,35740,2390,65,65
4,2.5,2110,7291,2,0,0,4,7,2110,0,47.6888,-122.201,2350,8625,9401,10975,2110,38,38
4,2.75,1430,7403,1,0,0,3,7,1030,400,47.5346,-122.344,1480,7663,8833,9143,1430,33,33
3,0.75,1240,4000,1,0,0,4,7,1240,0,47.6239,-122.297,1460,4000,5240,5460,1240,47,47
3,2.25,2070,14196,2,0,0,3,7,2070,0,47.4617,-122.07,1550,13860,16266,15410,2070,25,25
3,2.5,2600,5100,2,0,1,3,8,2600,0,47.5175,-122.205,2270,5400,7700,7670,2600,16,16
3,2.5,1820,374616,2,0,0,3,7,1820,0,47.6539,-121.959,1870,220654,376436,222524,1820,15,15
3,2.5,2240,3825,2,0,0,3,7,2240,0,47.6786,-122.389,1460,5100,6065,6560,2240,19,19
3,2.5,1860,3658,2,0,0,3,8,1860,0,47.5703,-122.004,1840,3739,5518,5579,1860,20,20
3,2.5,1370,7247,2,0,0,3,7,1370,0,47.3767,-122.303,1720,8085,8617,9805,1370,20,20
4,2.5,2490,34947,2,0,0,3,9,2150,340,47.4823,-122.031,2490,39639,37437,42129,2490,29,29
3,2.5,2940,10809,2,0,0,3,10,2940,0,47.5418,-122.136,3090,10348,13749,13438,2940,23,23
3,2,1660,10000,1,0,0,4,7,1010,650,47.5852,-122.174,2020,9720,11660,11740,1660,54,54
4,2.5,1812,5026,2,0,0,3,8,1812,0,47.4513,-122.202,2440,6007,6838,8447,1812,4,4
3,1.75,1420,13187,1,0,0,4,7,1420,0,47.4608,-122.065,1620,13824,14607,15444,1420,40,40
3,1,990,7590,1,0,0,3,6,990,0,47.6228,-122.121,1100,7590,8580,8690,990,56,56
5,3.25,3920,8572,2,0,0,3,9,3920,0,47.5427,-121.887,3335,7258,12492,10593,3920,8,8
3,2.5,1658,2700,2,0,0,3,8,1658,0,47.3667,-122.307,1658,2700,4358,4358,1658,0,0
3,2.25,1780,1429,3,0,0,3,8,1570,210,47.6413,-122.346,1470,1799,3209,3269,1780,7,7
2,1,900,7500,1,0,0,3,5,900,0,47.4177,-122.319,1350,7500,8400,8850,900,75,75
3,1.75,1340,16480,1,0,0,4,7,1340,0,47.364,-122.162,1520,10451,17820,11971,1340,46,46
3,3.25,1510,2000,2,0,0,3,9,1330,180,47.5815,-122.402,1510,1352,3510,2862,1510,13,13
5,4,4580,4443,3,1,4,3,10,4580,0,47.5682,-122.059,2710,4443,9023,7153,4580,10,10
2,1,680,8640,1,0,0,4,5,680,0,47.4559,-122.289,1320,13140,9320,14460,680,63,63
3,2.25,2170,15000,2,0,0,4,8,2170,0,47.3863,-122.158,2430,14256,17170,16686,2170,37,37
4,3,2800,6977,2,0,0,3,8,2800,0,47.3542,-122.014,2800,6600,9777,9400,2800,11,11
3,1.75,2270,10136,2,0,0,3,8,2270,0,47.535,-122.056,2260,9600,12406,11860,2270,35,35
3,2.5,2090,10834,1,0,0,4,8,1360,730,47.3537,-122.303,1750,8595,12924,10345,2090,27,27
3,1.5,1100,32700,1,0,0,3,7,1100,0,47.3186,-122.289,1616,32700,33800,34316,1100,47,47
2,1,1370,5000,1,0,0,3,7,1370,0,47.6744,-122.383,1500,5000,6370,6500,1370,110,110
3,2.5,3490,21064,1,1,4,3,10,2290,1200,47.6092,-122.073,1780,15244,24554,17024,3490,47,47
3,2.5,3540,38322,2,0,0,3,10,3540,0,47.6892,-122.048,3540,35926,41862,39466,3540,25,25
3,1.75,1640,13500,1,0,0,3,7,1110,530,47.7164,-122.304,1770,12600,15140,14370,1640,74,74
4,1,1570,4000,1,0,0,3,7,1570,0,47.6275,-122.321,1610,4000,5570,5610,1570,94,94
4,4.25,5020,26319,2,0,0,3,12,5020,0,47.6008,-122.01,4930,26319,31339,31249,5020,16,16
3,2.25,2110,8000,2,0,0,3,8,2110,0,47.7311,-122.204,1740,7270,10110,9010,2110,39,39
3,1,1150,6480,1,0,0,4,5,1150,0,47.2642,-122.258,1100,7300,7630,8400,1150,69,69
3,2.5,1610,1320,2,0,0,3,7,1280,330,47.6,-122.298,1480,1602,2930,3082,1610,8,8
3,1.75,2190,8500,1,0,0,4,9,2190,0,47.64,-122.285,2850,8868,10690,11718,2190,57,57
4,3,2590,7213,2,0,0,3,8,2590,0,47.2609,-122.289,2550,6800,9803,9350,2590,13,13
4,1,1470,5450,1,0,0,3,7,1470,0,47.6458,-122.306,2160,5450,6920,7610,1470,97,97
3,2.5,2540,5237,2,0,0,3,8,2540,0,47.5492,-122.276,1800,4097,7777,5897,2540,3,3
4,2.5,2270,4400,2,0,0,3,7,2270,0,47.5381,-121.888,2090,4400,6670,6490,2270,8,8
4,3,3250,2760,2,0,0,3,8,2420,830,47.6104,-122.303,1260,2780,6010,4040,3250,110,8
4,3.5,4320,8490,2,0,0,3,10,3280,1040,47.5568,-122.029,4030,11008,12810,15038,4320,9,9
1,2.5,1820,3008,2,0,0,3,7,1090,730,47.6529,-122.339,1860,3420,4828,5280,1820,104,10
4,2.5,2800,6567,2,0,0,3,9,2800,0,47.3555,-122.002,3400,5900,9367,9300,2800,8,8
4,2.5,1961,3207,2,0,0,3,7,1961,0,47.3507,-122.16,1961,3401,5168,5362,1961,9,9
2,2,1370,4866,1,0,0,3,8,1370,0,47.704,-122.012,1365,4784,6236,6149,1370,9,9
2,1,1550,7713,1,0,0,3,7,1550,0,47.7005,-122.358,1340,6350,9263,7690,1550,84,35
4,2,1760,4500,1,0,0,5,7,1760,0,47.6711,-122.331,1740,4220,6260,5960,1760,108,108
5,2.25,1980,13132,1,0,0,4,7,1260,720,47.3984,-122.301,1880,11325,15112,13205,1980,52,52
3,2.5,1820,7242,1,0,0,3,7,1220,600,47.4318,-122.292,1350,8214,9062,9564,1820,56,56
3,2,2330,8000,1,0,0,3,7,1390,940,47.2958,-122.368,1570,7227,10330,8797,2330,28,28
4,2,2080,6360,1,0,0,3,7,1330,750,47.5392,-122.278,2080,6741,8440,8821,2080,54,54
6,2,1670,3000,1,0,0,5,7,900,770,47.6637,-122.316,1330,1099,4670,2429,1670,103,103
3,1,980,6800,1,0,0,3,6,980,0,47.4411,-122.186,1140,9975,7780,11115,980,68,68
3,2.25,1850,7800,2,0,0,3,9,1850,0,47.3146,-122.379,2360,8000,9650,10360,1850,41,41
5,3.5,5000,26540,2,0,3,3,10,3410,1590,47.5665,-122.21,3360,17398,31540,20758,5000,6,6
4,3,4460,6833,2,0,0,3,10,3140,1320,47.6342,-122.289,3130,7450,11293,10580,4460,59,7
3,1.75,1260,1133,2,0,0,3,7,810,450,47.5261,-122.361,1260,1172,2393,2432,1260,3,3
4,2.5,3200,7282,2,0,0,3,9,3200,0,47.4318,-122.286,3030,7290,10482,10320,3200,7,7
3,1.5,1590,7936,1,0,0,3,7,1590,0,47.5201,-122.366,1590,7936,9526,9526,1590,59,59
3,2.5,2310,7348,1,0,3,3,8,2310,0,47.7116,-122.019,2310,7153,9658,9463,2310,4,4
4,2.5,2120,7820,1,0,0,3,8,1280,840,47.6743,-122.145,2350,8605,9940,10955,2120,39,39
5,2,2130,8412,1,0,0,3,7,1440,690,47.7403,-122.318,2310,7474,10542,9784,2130,68,14
4,2,1690,35346,1,0,0,3,7,1690,0,47.6149,-122.124,2050,37846,37036,39896,1690,47,47
2,1.5,1360,1934,2,0,0,4,7,1360,0,47.2857,-122.189,1360,1898,3294,3258,1360,36,36
3,2.5,2070,39768,2,0,0,3,8,2070,0,47.7696,-122.036,2740,44866,41838,47606,2070,26,26
3,2,1590,5200,1,0,0,3,7,1320,270,47.6864,-122.341,1620,5150,6790,6770,1590,76,76
3,1.75,1850,7684,1,0,0,3,8,1320,530,47.2975,-122.37,1940,7630,9534,9570,1850,35,35
3,2.25,2510,43995,2,0,0,3,8,2510,0,47.4545,-121.988,2470,48351,46505,50821,2510,33,33
4,2.75,2030,8600,1,0,0,4,7,1230,800,47.3942,-122.16,1810,8600,10630,10410,2030,38,38
3,1,1050,5664,1,0,0,4,7,910,140,47.6897,-122.285,1500,5664,6714,7164,1050,67,67
4,2.25,1930,7207,1,0,0,4,7,1360,570,47.3783,-122.182,1760,7207,9137,8967,1930,26,26
2,2.5,1640,1953,2,0,0,3,10,1640,0,47.5639,-122.292,1820,2653,3593,4473,1640,1,1
4,1.75,2510,5800,1,0,2,4,9,1830,680,47.648,-122.41,2190,5800,8310,7990,2510,61,61
4,2.5,3510,17400,1,0,0,4,9,1930,1580,47.5963,-122.171,2730,12120,20910,14850,3510,58,58
4,2.5,3052,12145,2,0,0,3,8,3052,0,47.2598,-122.304,2767,8604,15197,11371,3052,11,11
5,2.75,2760,7200,1,0,0,3,7,1430,1330,47.7563,-122.147,2460,8750,9960,11210,2760,36,36
3,2.5,2550,13458,2,0,0,3,9,2550,0,47.5586,-122.121,3180,13458,16008,16638,2550,24,24
4,2.5,2240,9826,1,0,0,4,7,1370,870,47.314,-122.364,1980,9826,12066,11806,2240,26,26
2,2,1540,7110,1,0,0,3,7,960,580,47.6932,-122.395,1860,7065,8650,8925,1540,65,65
4,2,2610,14321,1,0,0,4,6,1690,920,47.4672,-122.296,1630,8599,16931,10229,2610,74,74
3,3,1530,9999,1,0,0,4,7,1150,380,47.6869,-122.186,1530,8556,11529,10086,1530,32,32
2,1,870,5750,1,0,0,4,7,870,0,47.5637,-122.395,1100,5750,6620,6850,870,67,67
4,2.5,2570,6157,2,0,0,3,7,2570,0,47.5389,-121.89,2060,5292,8727,7352,2570,9,9
3,2.25,1580,1487,3,0,0,3,9,1580,0,47.6514,-122.386,1600,1525,3067,3125,1580,2,2
3,1,1400,13975,1,0,0,4,6,1400,0,47.4195,-122.33,1260,7500,15375,8760,1400,59,59
3,3,3850,38830,2,0,1,3,10,3850,0,47.5535,-122.191,2970,14050,42680,17020,3850,14,14
3,2.5,3050,6000,1,0,3,3,8,1720,1330,47.7701,-122.389,2340,7200,9050,9540,3050,31,31
5,4,3760,28040,2,0,0,3,10,3760,0,47.6489,-122.183,3430,35096,31800,38526,3760,31,31
2,1.75,1210,3000,1,0,0,5,7,910,300,47.6789,-122.365,1260,3000,4210,4260,1210,108,108
3,1.75,1590,7148,1,0,0,3,7,1590,0,47.4713,-122.344,1150,7280,8738,8430,1590,62,62
4,4.25,3010,4887,2,0,3,4,10,1940,1070,47.6933,-122.272,2540,9375,7897,11915,3010,63,18
4,2.75,2170,9743,2,0,0,3,7,2170,0,47.3814,-122.024,1670,7734,11913,9404,2170,20,20
3,1.5,2030,10075,1,0,0,5,7,1080,950,47.4713,-122.197,2210,10075,12105,12285,2030,54,54
3,1.75,1360,18123,1,0,0,3,8,1360,0,47.4716,-121.756,1570,16817,19483,18387,1360,31,31
3,2.5,1720,6194,2,0,0,3,8,1720,0,47.2624,-122.221,1720,6211,7914,7931,1720,16,16
3,2.5,2390,6441,2,0,0,3,7,2390,0,47.3659,-122.029,2180,7346,8831,9526,2390,12,12
3,2.5,1980,4274,2,0,0,3,7,1980,0,47.7767,-122.239,2000,4394,6254,6394,1980,11,11
4,3,3510,12410,2,0,0,4,9,3510,0,47.6381,-122.166,3000,13209,15920,16209,3510,39,39
3,1,1280,10000,1,0,0,4,7,1280,0,47.5716,-122.139,1240,10000,11280,11240,1280,60,60
3,1.75,1500,13891,1,0,0,4,7,1500,0,47.5866,-122.175,2020,13891,15391,15911,1500,64,64
5,2.5,2520,7863,1,0,0,3,7,1500,1020,47.7096,-122.199,2030,8580,10383,10610,2520,34,34
3,2.25,1950,8892,2,0,0,3,8,1950,0,47.7213,-122.11,1900,8750,10842,10650,1950,32,32
6,4.25,4310,10000,2,0,0,3,8,2950,1360,47.6214,-122.062,2100,10000,14310,12100,4310,6,6
4,2.5,2160,6825,2,0,0,3,8,2160,0,47.4111,-122.2,2020,7035,8985,9055,2160,20,20
3,1.75,1410,15134,1,0,0,3,7,1410,0,47.6931,-121.921,1770,15337,16544,17107,1410,35,35
4,2.75,2550,7636,1,0,0,3,8,1440,1110,47.6471,-122.06,2290,8223,10186,10513,2550,28,28
4,1.5,2020,9583,2,0,0,4,7,2020,0,47.7283,-122.238,1770,8625,11603,10395,2020,52,52
4,3.5,4700,10183,1,0,2,3,11,2660,2040,47.6728,-122.189,3770,9000,14883,12770,4700,12,12
4,2,1830,4590,2,0,0,3,8,1830,0,47.6593,-122.327,1650,4590,6420,6240,1830,107,107
3,2.25,1360,1236,2,0,0,3,8,1140,220,47.6198,-122.299,1620,1231,2596,2851,1360,8,8
4,2.5,2760,6000,2,0,0,5,7,2230,530,47.6877,-122.295,1600,6000,8760,7600,2760,72,72
4,3,2160,4400,1,0,0,5,7,1320,840,47.6163,-122.293,1430,4400,6560,5830,2160,93,93
4,1.75,1740,9150,1,0,0,3,7,1740,0,47.4498,-122.28,1540,9147,10890,10687,1740,41,41
3,2.5,1805,3402,2,0,0,3,7,1805,0,47.3521,-122.212,2095,3402,5207,5497,1805,5,5
4,1.75,1730,6500,1,0,0,3,7,1250,480,47.6982,-122.282,1910,8100,8230,10010,1730,69,69
3,2.5,3360,8708,2,0,0,3,9,3360,0,47.7037,-122.016,1810,4764,12068,6574,3360,9,9
3,2.5,1540,1614,3,0,0,3,8,1470,70,47.6961,-122.341,1540,1418,3154,2958,1540,6,6
3,2.5,1800,7318,2,0,0,3,8,1800,0,47.5747,-122.008,1800,5414,9118,7214,1800,26,26
4,1.5,1730,7020,1,0,0,4,5,1730,0,47.4939,-122.167,1110,7020,8750,8130,1730,62,62
3,2.25,1840,3500,1,0,0,5,8,1540,300,47.6063,-122.292,1800,3300,5340,5100,1840,104,104
5,1,1410,6750,1,0,0,3,6,1410,0,47.5453,-122.278,1360,6750,8160,8110,1410,86,86
2,2.25,1600,80400,2,0,0,4,7,1600,0,47.4422,-122.505,1600,198414,82000,200014,1600,36,36
2,1,790,6555,1,0,0,2,6,790,0,47.5015,-122.35,1440,7601,7345,9041,790,59,59
5,2.5,4600,23250,1,0,2,3,9,3600,1000,47.623,-122.218,5500,20066,27850,25566,4600,97,12
3,2.5,3190,6899,2,0,0,3,9,3190,0,47.7153,-122.221,3190,6899,10089,10089,3190,0,0
3,1,1370,6001,1,0,0,5,7,1230,140,47.5646,-122.317,1370,5520,7371,6890,1370,70,70
4,2,1570,9415,2,0,0,4,7,1570,0,47.3168,-122.174,1550,8978,10985,10528,1570,30,30
2,1,900,4500,1,0,0,3,6,900,0,47.4881,-122.204,860,4500,5400,5360,900,64,64
3,2.5,2440,5750,2,0,2,3,9,1980,460,47.565,-122.381,1520,5750,8190,7270,2440,14,14
2,1.5,1110,118047,1,0,0,3,7,1110,0,47.7467,-122.128,2970,43500,119157,46470,1110,54,54
4,2.5,2880,8400,2,0,4,3,8,2050,830,47.7704,-122.386,2880,7440,11280,10320,2880,59,27
2,1,770,7000,1,0,0,3,6,770,0,47.5654,-121.89,1100,8777,7770,9877,770,93,93
3,1.75,2600,105587,1,0,0,4,7,1300,1300,47.4464,-122.497,1941,208438,108187,210379,2600,34,34
3,2.25,1900,7800,1,0,0,4,8,1390,510,47.4545,-122.208,1730,7800,9700,9530,1900,38,38
3,2.5,2060,7020,1,0,0,4,8,1460,600,47.7575,-122.364,2150,8400,9080,10550,2060,47,47
3,1.75,2420,12676,2,0,0,3,7,2420,0,47.4943,-121.789,1210,6769,15096,7979,2420,103,28
4,3.5,4540,19767,2,0,0,3,11,4200,340,47.5445,-122.137,3990,12881,24307,16871,4540,16,16
3,2.5,1870,1436,2,0,0,3,7,1870,0,47.4899,-122.166,1720,1852,3306,3572,1870,10,10
3,2.5,2420,43177,2,0,4,4,8,1690,730,47.569,-122.058,3740,8717,45597,12457,2420,25,25
4,2.5,3180,10319,2,0,0,4,11,3180,0,47.5372,-122.232,3130,12120,13499,15250,3180,28,28
2,2.5,1160,1219,3,0,0,3,8,1160,0,47.6543,-122.358,1320,2800,2379,4120,1160,8,8
2,1.75,1030,1106,2,0,0,3,7,765,265,47.5397,-122.387,1030,1066,2136,2096,1030,9,9
3,3.75,2930,150945,2,0,0,3,8,2930,0,47.4658,-122.115,2070,43935,153875,46005,2930,43,15
3,1.75,1530,9362,1,0,0,3,7,1530,0,47.3643,-122.049,1480,8125,10892,9605,1530,28,28
4,3,1984,4419,2,0,0,3,7,1984,0,47.3514,-122.213,2440,4418,6403,6858,1984,5,5
6,1.75,2380,4080,2,0,0,3,8,2380,0,47.6629,-122.325,2030,4080,6460,6110,2380,97,97
3,2.75,2650,12350,1,0,0,4,7,1470,1180,47.7669,-122.268,1950,14075,15000,16025,2650,40,40
3,1,960,5750,1,0,0,3,7,960,0,47.5689,-122.393,1520,5750,6710,7270,960,64,64
2,2,1370,5756,1,0,0,3,8,1370,0,47.714,-122.205,1380,5444,7126,6824,1370,28,28
3,2.25,2350,10450,1,0,0,3,8,1390,960,47.7433,-122.259,2250,10450,12800,12700,2350,37,37
4,3.5,4220,196817,2,0,0,3,10,4220,0,47.2642,-122.187,2500,195395,201037,197895,4220,21,21
4,2.25,1900,8600,1,0,0,4,8,1900,0,47.3102,-122.381,2120,8000,10500,10120,1900,39,39
2,1,1040,4172,1,0,0,3,7,1040,0,47.6308,-122.302,3120,4800,5212,7920,1040,68,68
4,2.75,2240,5400,2,0,0,4,7,1540,700,47.5785,-122.402,1830,5000,7640,6830,2240,74,74
2,1,1260,5000,1,0,0,3,7,1040,220,47.6782,-122.397,1510,5000,6260,6510,1260,63,63
3,1.75,1730,6900,1,0,0,4,7,1130,600,47.3915,-122.188,1950,7200,8630,9150,1730,39,39
3,1.5,1320,7695,1,0,0,4,7,1320,0,47.4908,-122.181,1370,8295,9015,9665,1320,55,55
2,2,1650,8975,1,0,0,5,6,1650,0,47.5073,-122.36,1260,8668,10625,9928,1650,73,73
3,2.75,1880,1793,2,0,0,3,7,1810,70,47.5405,-122.293,1800,2537,3673,4337,1880,13,13
3,1.75,2280,77972,1,0,0,3,8,1460,820,47.4804,-122.151,2460,14430,80252,16890,2280,38,38
3,2,1820,1358,3,0,0,3,9,1820,0,47.5433,-122.376,1710,1367,3178,3077,1820,0,0
3,1.75,1730,18250,1,0,0,3,8,1730,0,47.737,-122.201,2180,10027,19980,12207,1730,26,26
4,3,2490,5064,2,0,0,3,7,2490,0,47.5139,-122.189,2470,5064,7554,7534,2490,7,7
4,1.5,1950,6300,1,0,1,3,7,1650,300,47.6819,-122.271,1760,6300,8250,8060,1950,71,71
4,2.5,3230,19193,1,0,3,4,8,2000,1230,47.5755,-122.07,3230,13420,22423,16650,3230,41,41
2,1,830,5610,1,0,0,3,6,830,0,47.5674,-122.367,1310,2793,6440,4103,830,93,93
3,1,1050,6000,1,0,0,3,7,1050,0,47.5709,-122.401,1720,6000,7050,7720,1050,63,63
4,2.5,2350,7245,2,0,0,3,8,2350,0,47.6318,-122.023,2350,9419,9595,11769,2350,21,21
3,2.5,1590,3411,2,0,0,3,7,1590,0,47.5303,-121.878,1590,3411,5001,5001,1590,14,14
3,1.5,1740,9046,1,0,0,3,7,1740,0,47.7402,-122.255,1830,9513,10786,11343,1740,59,59
3,1.5,1600,4128,1,0,0,3,8,1250,350,47.6122,-122.297,1540,3976,5728,5516,1600,108,108
3,2.25,1600,39848,1,0,3,4,8,1600,0,47.1991,-122.013,1600,39848,41448,41448,1600,56,56
3,1,1310,8514,1,0,0,4,7,1310,0,47.7502,-122.353,1310,8514,9824,9824,1310,62,62
5,2.25,1790,10300,1,0,0,3,7,1270,520,47.7718,-122.292,1790,10300,12090,12090,1790,53,53
3,2.75,2070,54557,2,0,0,3,8,2070,0,47.4659,-122.116,2190,49658,56627,51848,2070,18,18
3,1.5,1500,14750,1,0,0,4,6,1500,0,47.495,-122.318,1270,15100,16250,16370,1500,81,81
4,2.5,1910,4862,2,0,0,3,7,1910,0,47.3607,-122.034,2010,5091,6772,7101,1910,9,9
4,2.5,2620,8331,2,0,0,3,9,2620,0,47.4357,-122.159,2760,8174,10951,10934,2620,23,23
3,1.75,1120,7740,1,0,0,4,6,860,260,47.7107,-122.291,1240,7740,8860,8980,1120,66,66
4,3,2440,9664,2,0,0,3,8,1890,550,47.7649,-122.253,2380,9609,12104,11989,2440,33,33
3,2.5,2320,6775,1,0,0,3,8,2320,0,47.7158,-122.016,1680,4750,9095,6430,2320,6,6
5,1.5,1940,10202,1,0,0,4,7,1940,0,47.7213,-122.31,1900,8000,12142,9900,1940,74,74
4,1.75,2160,8000,1,0,0,4,9,1660,500,47.3165,-122.382,2350,8200,10160,10550,2160,38,38
3,2.5,1910,5600,2,0,0,3,8,1910,0,47.5752,-122.009,1800,4928,7510,6728,1910,25,25
4,2,2240,10296,1,0,0,5,8,2240,0,47.6177,-122.217,2500,10918,12536,13418,2240,67,67
3,2.5,2010,2778,2,0,0,3,8,1390,620,47.5528,-121.999,1540,1689,4788,3229,2010,0,0
3,2.75,2770,3809,1,0,0,5,7,1770,1000,47.5747,-122.304,1440,4000,6579,5440,2770,89,89
2,1.5,1710,4189,1,0,1,5,7,1160,550,47.5286,-122.383,1530,5608,5899,7138,1710,63,63
3,1,1260,4080,1,0,0,4,7,1260,0,47.6893,-122.354,1130,3876,5340,5006,1260,87,87
3,2.25,1560,8570,1,0,0,5,7,1080,480,47.6155,-122.21,2660,9621,10130,12281,1560,38,38
3,1,950,6951,1,0,0,4,7,950,0,47.7263,-122.3,1410,7200,7901,8610,950,65,65
3,2,1979,8470,1,0,2,4,7,1329,650,47.3912,-122.301,1650,8591,10449,10241,1979,59,59
3,1.5,1810,29308,1,0,0,3,7,950,860,47.3585,-122.067,1790,37531,31118,39321,1810,31,31
2,2.5,1785,779,2,0,0,3,7,1595,190,47.5959,-122.198,1780,794,2564,2574,1785,39,39
4,2.5,2620,8312,2,0,0,3,9,2620,0,47.6272,-122.033,2260,8515,10932,10775,2620,25,25
4,2.25,2660,7957,1,0,0,4,8,1750,910,47.7351,-122.199,1890,8250,10617,10140,2660,38,38
3,1,1280,7572,1,0,0,4,6,1280,0,47.4491,-122.176,1170,7667,8852,8837,1280,56,56
2,1.75,1490,224334,1,0,2,3,8,1490,0,47.2645,-122.163,2350,213879,225824,216229,1490,31,31
3,2.5,2240,10800,2,0,0,3,8,2240,0,47.7433,-122.229,1900,9900,13040,11800,2240,18,18
3,3.25,1210,1173,2,0,0,3,8,1000,210,47.7114,-122.356,1650,1493,2383,3143,1210,12,12
4,1.75,1780,8768,1,0,0,4,7,1050,730,47.7085,-122.283,1590,8100,10548,9690,1780,63,63
9,4,4620,5508,2,0,0,3,11,3870,750,47.6684,-122.309,2710,4320,10128,7030,4620,100,100
3,2.5,2290,9158,2,0,0,4,8,2290,0,47.5476,-122.14,2210,9588,11448,11798,2290,30,30
3,2.25,2370,217800,2,0,0,3,7,2370,0,47.6364,-121.984,3100,86248,220170,89348,2370,35,35
5,2.5,2500,12220,1,0,0,3,8,1690,810,47.3335,-122.325,2130,12000,14720,14130,2500,53,53
5,2.75,2130,5000,1,0,0,5,7,1100,1030,47.5271,-122.274,1340,6837,7130,8177,2130,36,36
3,2.25,1740,9370,1,0,0,3,7,1390,350,47.391,-122.316,1740,7555,11110,9295,1740,22,22
4,2.5,3010,3120,2,0,2,3,8,3010,0,47.5539,-121.996,2140,3840,6130,5980,3010,9,9
4,2.5,2750,16139,2,0,0,3,9,2750,0,47.5843,-122.06,2810,13093,18889,15903,2750,25,25
5,3.5,4010,8510,2,0,1,5,9,2850,1160,47.6578,-122.286,2610,6128,12520,8738,4010,43,43
3,1.5,1550,4980,1,0,0,3,7,1080,470,47.7035,-122.34,940,4980,6530,5920,1550,36,36
4,3.5,3990,11270,2,0,3,3,9,2930,1060,47.488,-122.225,1980,11328,15260,13308,3990,8,8
3,1.75,1650,5100,1,0,0,5,7,1040,610,47.6873,-122.321,1540,5100,6750,6640,1650,106,106
4,2.75,2680,8500,1,0,4,4,9,1480,1200,47.5634,-122.156,2940,8650,11180,11590,2680,53,53
4,2.5,2420,5118,1,0,2,5,7,1550,870,47.5671,-122.378,1740,5750,7538,7490,2420,89,89
3,1,1140,5500,1,0,0,4,6,1140,0,47.6606,-122.395,1690,4400,6640,6090,1140,106,106
4,2.5,2680,7178,2,0,0,3,8,2680,0,47.5325,-121.856,2540,7133,9858,9673,2680,10,10
4,1,1010,7200,1,0,0,3,6,1010,0,47.742,-122.325,1360,7200,8210,8560,1010,68,68
2,1.75,1180,900,2,0,0,3,10,780,400,47.6395,-122.329,1380,3610,2080,4990,1180,0,0
5,2.75,2510,9180,1,0,1,4,8,1600,910,47.6389,-122.098,2650,9780,11690,12430,2510,39,39
4,2.25,2390,57599,2,0,0,3,8,2390,0,47.6651,-122.067,2390,38186,59989,40576,2390,34,34
3,1,940,7200,1,0,0,4,7,940,0,47.2979,-122.223,1090,7800,8140,8890,940,60,60
4,2,1480,3844,1,0,0,5,7,1480,0,47.7042,-122.352,1480,3844,5324,5324,1480,86,86
3,1.75,1010,12000,1,0,0,4,7,1010,0,47.77,-122.207,1080,10619,13010,11699,1010,37,37
2,2,1440,3720,1,0,0,3,7,1440,0,47.6902,-122.325,1490,4308,5160,5798,1440,31,31
3,2.25,1650,7218,1,0,0,3,7,1230,420,47.7237,-122.335,1690,7459,8868,9149,1650,29,29
3,1.75,1720,12540,1,0,0,4,7,1720,0,47.5699,-122.177,1440,11850,14260,13290,1720,58,58
4,2.5,2390,4639,2,0,0,3,8,2390,0,47.3527,-121.999,2390,4521,7029,6911,2390,9,9
3,2.5,2890,7027,2,0,0,3,8,2890,0,47.6111,-122.009,2890,7197,9917,10087,2890,10,10
2,1,700,6000,1,0,0,4,6,700,0,47.7515,-122.316,920,6000,6700,6920,700,65,65
2,2,1100,3000,1,0,0,3,7,1100,0,47.6797,-122.362,1390,4000,4100,5390,1100,102,9
5,2,2120,2400,1,0,0,4,6,1080,1040,47.5979,-122.297,1690,4400,4520,6090,2120,109,109
3,1.75,1320,5750,1,0,0,5,7,1320,0,47.5848,-122.391,1440,5750,7070,7190,1320,96,96
1,1,720,3166,1,0,0,3,6,720,0,47.5811,-122.389,1140,6250,3886,7390,720,94,94
3,1.5,1300,3348,1,0,0,3,7,1300,0,47.592,-122.307,1590,2577,4648,4167,1300,111,1
3,1.5,1540,5040,2,0,0,3,8,1540,0,47.6138,-122.299,1590,3600,6580,5190,1540,107,107
1,1,960,2640,1,0,0,3,7,760,200,47.6223,-122.294,1620,3759,3600,5379,960,106,106
4,2.5,2640,8625,2,0,0,3,8,2640,0,47.4598,-122.15,2240,8700,11265,10940,2640,27,27
4,2.5,3135,5811,2,0,0,3,9,3135,0,47.3263,-122.18,3008,5799,8946,8807,3135,9,9
3,2,2610,12180,1,0,0,3,7,1670,940,47.5063,-122.346,1520,12180,14790,13700,2610,96,96
3,2.5,3630,9475,2,0,0,3,11,3630,0,47.6544,-122.085,3250,11605,13105,14855,3630,16,16
5,2.25,2140,7910,1,0,0,3,7,1070,1070,47.6071,-122.137,1680,8700,10050,10380,2140,52,52
4,2.5,2700,10814,1,0,0,4,8,1560,1140,47.369,-122.177,2460,6310,13514,8770,2700,48,48
3,3,3410,16015,2,1,4,4,10,2220,1190,47.5721,-122.239,3760,16572,19425,20332,3410,42,42
3,2.5,1780,1647,2,0,0,3,8,1080,700,47.6597,-122.355,2000,1741,3427,3741,1780,7,7
3,2.5,2520,10175,1,0,0,3,8,1630,890,47.5652,-122.089,2220,8388,12695,10608,2520,36,36
3,2.25,1780,9598,2,0,0,4,7,1780,0,47.3718,-122.182,1820,7533,11378,9353,1780,30,30
4,3,3330,6990,1,0,3,5,9,2330,1000,47.5886,-122.287,2620,5310,10320,7930,3330,86,86
4,2.5,3440,6332,2,0,0,3,10,3440,0,47.5347,-122.155,3310,6528,9772,9838,3440,14,14
4,2.5,2020,3440,1,0,0,4,7,1480,540,47.6885,-122.376,1520,5080,5460,6600,2020,86,86
4,2,1710,9996,1,0,0,3,7,1710,0,47.5472,-122.3,1550,6768,11706,8318,1710,65,65
4,1.75,2020,7865,1,0,0,4,7,1010,1010,47.5008,-122.162,1650,7865,9885,9515,2020,51,51
4,2.5,2320,10079,2,0,0,3,7,2320,0,47.3828,-122.026,2010,7438,12399,9448,2320,21,21
4,1.75,1280,6060,1,0,0,3,7,860,420,47.6805,-122.364,1490,4680,7340,6170,1280,88,88
7,4.5,4140,9066,1,0,0,3,7,2070,2070,47.7302,-122.291,1440,1865,13206,3305,4140,36,36
3,1.75,1640,7437,1,0,0,3,7,1090,550,47.5324,-122.38,1640,7436,9077,9076,1640,66,66
5,3.25,3230,5000,2,0,1,3,9,2350,880,47.5202,-122.393,1520,5000,8230,6520,3230,12,12
3,1.75,1540,6632,1,0,0,3,7,1070,470,47.4973,-122.252,2510,6618,8172,9128,1540,56,56
4,2.75,2310,4020,3,0,0,5,8,2310,0,47.6154,-122.291,2270,3750,6330,6020,2310,35,35
4,2.5,2570,11473,2,0,0,3,8,2570,0,47.2809,-122.296,2430,5997,14043,8427,2570,6,6
4,2.5,2770,7800,2,0,0,3,10,2770,0,47.684,-122.205,2720,10000,10570,12720,2770,15,15
4,2.5,2330,4606,2,0,0,3,8,2330,0,47.3934,-122.184,2330,5783,6936,8113,2330,10,10
3,1.5,1630,4080,1,0,0,4,8,1630,0,47.6756,-122.308,1950,4080,5710,6030,1630,88,88
5,2.5,2740,5460,2,0,0,3,8,2740,0,47.4042,-122.204,2900,5971,8200,8871,2740,10,10
3,2,1490,1126,3,0,0,3,8,1490,0,47.5699,-122.288,1400,1230,2616,2630,1490,1,1
4,4.5,4300,19844,2,0,0,3,11,4300,0,47.6218,-122.237,3070,19845,24144,22915,4300,29,15
4,2,2660,3900,1,0,0,4,7,1480,1180,47.6398,-122.306,2350,3900,6560,6250,2660,91,91
5,2.75,2770,7620,1,0,0,3,7,1700,1070,47.5188,-122.348,1720,7620,10390,9340,2770,49,49
3,2.5,2060,2551,2,0,0,3,8,1900,160,47.5881,-122.165,2060,2936,4611,4996,2060,13,13
3,1.75,1670,9900,1,0,0,4,8,1670,0,47.595,-122.172,2410,8800,11570,11210,1670,57,57
4,2.5,3490,3677,2,0,0,3,9,2850,640,47.774,-122.162,3440,3600,7167,7040,3490,8,8
2,2,1070,8400,1,0,0,4,7,1070,0,47.4014,-122.186,1430,8190,9470,9620,1070,34,34
4,2,2360,7440,1,0,0,3,7,1180,1180,47.5044,-122.245,1680,7800,9800,9480,2360,59,59
3,2.5,2200,5954,2,0,0,3,7,2200,0,47.3709,-122.125,2200,5046,8154,7246,2200,11,11
3,3.5,1450,1091,2,0,0,3,8,1200,250,47.6475,-122.359,1490,3017,2541,4507,1450,8,8
5,2.75,3220,5934,2,0,0,3,9,3220,0,47.7076,-122.101,3100,5934,9154,9034,3220,9,9
4,2.75,3140,24800,1,0,0,4,8,2080,1060,47.3782,-122.161,2850,12900,27940,15750,3140,43,43
4,2,1690,7728,1,0,0,4,7,1690,0,47.3666,-122.318,1480,8009,9418,9489,1690,47,47
3,2.5,1870,4657,2,0,0,3,8,1870,0,47.4615,-122.214,2290,4795,6527,7085,1870,14,14
4,2.5,3540,9349,2,0,0,3,10,3540,0,47.7046,-122.107,3280,7546,12889,10826,3540,12,12
4,1,1740,4400,1,0,0,3,7,1740,0,47.6058,-122.3,1590,4400,6140,5990,1740,90,90
4,1.75,1640,7194,1,0,0,4,7,1480,160,47.7649,-122.205,1440,9405,8834,10845,1640,100,100
4,4.5,5770,10050,1,0,3,5,9,3160,2610,47.677,-122.275,2950,6700,15820,9650,5770,65,65
3,1.75,1170,8740,1,0,0,4,7,1170,0,47.6849,-122.117,1870,8448,9910,10318,1170,46,46
4,3.5,5220,15411,2,0,3,3,11,3550,1670,47.592,-122.085,3110,14124,20631,17234,5220,8,8
4,2.5,3270,35445,2,0,0,3,11,3270,0,47.548,-122.121,4180,32130,38715,36310,3270,25,25
5,3.5,2980,5809,2,0,2,3,8,2980,0,47.5537,-121.996,2120,3416,8789,5536,2980,10,10
4,1.5,1790,17925,1,0,0,4,6,1790,0,47.7501,-122.302,1660,15165,19715,16825,1790,63,63
3,1,1200,9668,1,0,0,5,6,1200,0,47.3156,-122.128,1200,9800,10868,11000,1200,40,40
3,1.75,1340,13115,1,0,0,3,7,1340,0,47.5021,-121.77,1370,10800,14455,12170,1340,36,36
2,1,880,17743,1,0,0,4,5,880,0,47.4115,-122.197,1217,13000,18623,14217,880,64,64
4,2.5,2910,7364,2,0,0,3,10,2910,0,47.6906,-122.213,2480,8400,10274,10880,2910,11,11
3,1.75,1260,12330,1,0,0,3,7,1260,0,47.7412,-122.095,1320,12800,13590,14120,1260,46,46
4,3.5,3950,12320,2,0,0,3,10,3950,0,47.5414,-121.869,3920,11086,16270,15006,3950,13,13
4,2.75,2290,5249,2,0,0,3,7,2290,0,47.4916,-122.162,2270,4348,7539,6618,2290,11,11
4,2.25,2900,9680,2,0,0,3,7,1990,910,47.7037,-122.308,1850,7540,12580,9390,2900,67,67
5,3.25,3500,7254,2,0,0,3,8,2760,740,47.5444,-121.881,2820,6317,10754,9137,3500,9,9
3,1.75,1440,9065,1,0,0,4,8,1440,0,47.7163,-122.333,1990,8812,10505,10802,1440,42,42
3,2.25,1670,3135,2,0,0,3,8,1220,450,47.6478,-122.396,1630,1596,4805,3226,1670,13,13
3,2.25,1890,7200,1,0,0,4,7,1230,660,47.7156,-122.317,1970,8101,9090,10071,1890,41,41
4,2.5,2610,7091,2,0,0,3,9,2610,0,47.3017,-122.349,2610,7773,9701,10383,2610,27,27
4,2.5,2350,63162,2,0,0,4,8,2350,0,47.7545,-122.047,2370,63162,65512,65532,2350,20,20
2,1,880,6380,1,0,0,3,7,880,0,47.6924,-122.322,1340,6380,7260,7720,880,76,20
3,1,940,10368,1,0,0,3,7,940,0,47.6608,-122.133,2090,9620,11308,11710,940,49,49
4,4.25,5040,16048,1,0,3,3,10,3420,1620,47.6702,-122.26,3960,14000,21088,17960,5040,65,65
4,2.5,2020,7277,2,0,0,3,8,2020,0,47.4318,-122.19,2820,7284,9297,10104,2020,22,22
4,2.25,3180,13653,2,0,0,3,9,3180,0,47.6316,-122.05,2910,12350,16833,15260,3180,37,37
3,1.75,1610,14182,1,0,0,4,7,1100,510,47.3174,-122.18,1510,8400,15792,9910,1610,36,36
6,3,2180,7956,2,0,0,3,7,2180,0,47.3054,-122.305,2214,7684,10136,9898,2180,34,34
3,2,1580,7400,1,0,0,3,7,1050,530,47.6715,-122.162,1560,7458,8980,9018,1580,37,37
5,3.75,4700,11237,2,0,0,3,10,2930,1770,47.6624,-122.197,3180,13140,15937,16320,4700,8,8
3,2.5,2670,4534,2,0,0,3,9,2670,0,47.51,-122.184,3040,5079,7204,8119,2670,7,7
2,1,1120,8661,1,0,0,3,7,1120,0,47.7034,-122.307,1470,7205,9781,8675,1120,68,68
2,1,1680,6500,1,0,0,4,7,1140,540,47.55,-122.388,1610,6500,8180,8110,1680,73,73
3,2.25,2680,98445,1,0,0,5,8,2680,0,47.5015,-122.108,2340,98445,101125,100785,2680,53,53
2,1,980,3663,1,0,0,5,7,980,0,47.6645,-122.288,1620,3706,4643,5326,980,106,106
3,1.75,1540,3000,1,0,2,3,7,770,770,47.6769,-122.36,1420,4200,4540,5620,1540,94,94
4,3.75,4690,207141,2,0,0,3,10,4030,660,47.7072,-121.983,2890,200527,211831,203417,4690,7,7
3,2.5,2280,58712,2,0,3,3,9,2280,0,47.3053,-122,2240,24332,60992,26572,2280,27,27
5,3.25,3450,6360,2,0,0,5,9,1860,1590,47.6133,-122.287,2310,5000,9810,7310,3450,110,110
3,1.5,1190,785,2,0,0,3,8,920,270,47.6781,-122.117,2820,5626,1975,8446,1190,0,0
3,1.5,1170,9848,1,0,0,3,7,1170,0,47.7612,-122.234,2220,5542,11018,7762,1170,52,52
4,3.5,3010,174240,2,0,0,3,9,3010,0,47.4775,-121.691,2720,247856,177250,250576,3010,10,10
4,3.5,3610,6345,2,0,0,3,9,2370,1240,47.4283,-122.102,3010,29279,9955,32289,3610,7,7
4,3,2330,3497,2,0,0,3,9,1920,410,47.554,-122.308,2330,5242,5827,7572,2330,11,11
4,2.5,2590,6139,2,0,0,3,8,2590,0,47.3883,-122.035,2410,6139,8729,8549,2590,13,13
4,2.75,2360,4924,2,0,0,3,8,2360,0,47.7737,-122.235,2360,4670,7284,7030,2360,6,6
3,2.5,2190,11394,1,0,0,3,8,1550,640,47.6685,-122.409,2190,9540,13584,11730,2190,58,58
4,2.5,2790,5602,2,0,0,3,8,2790,0,47.4959,-122.15,2790,5309,8392,8099,2790,5,5
4,3.25,2820,13059,2,0,0,4,8,2820,0,47.4508,-122.132,2360,8600,15879,10960,2820,38,38
3,2.5,2010,9725,2,0,0,4,8,2010,0,47.568,-122.018,1850,6858,11735,8708,2010,27,27
3,1.75,2050,11856,1,0,0,3,7,1460,590,47.5735,-122.162,2670,11856,13906,14526,2050,52,52
4,2.25,3200,15367,2,0,0,4,9,3200,0,47.5494,-122.216,3070,15263,18567,18333,3200,52,52
6,2.25,3206,5793,2,0,0,3,7,3206,0,47.369,-122.287,2527,5804,8999,8331,3206,2,2
4,2.5,3170,94855,1,0,0,4,9,1910,1260,47.7648,-122.112,2590,65340,98025,67930,3170,37,37
2,1.5,880,1157,2,0,0,3,7,880,0,47.5188,-122.376,1070,1203,2037,2273,880,7,7
3,2,1550,8300,1,0,0,4,8,1550,0,47.4654,-122.195,1860,8000,9850,9860,1550,49,49
3,1.75,1980,6250,1,0,1,5,7,1090,890,47.554,-122.385,1980,6250,8230,8230,1980,104,104
6,3,4250,4400,2,0,0,4,7,3020,1230,47.5584,-122.283,1520,4950,8650,6470,4250,112,112
4,3.5,3650,57538,2,0,0,3,10,3650,0,47.7711,-122.041,3730,56257,61188,59987,3650,18,18
2,1,820,8860,1,0,0,3,6,820,0,47.452,-122.19,1660,15375,9680,17035,820,65,65
3,2.5,2830,5831,2,0,0,3,9,2830,0,47.7744,-122.224,2830,6064,8661,8894,2830,4,4
3,1.75,1150,17585,1,0,0,3,7,1150,0,47.6503,-121.908,1200,7500,18735,8700,1150,50,50
2,1,720,6321,1,0,0,3,6,720,0,47.551,-122.289,920,5684,7041,6604,720,74,74
4,1.75,2380,15324,1,0,0,3,8,1610,770,47.6262,-122.049,2540,12608,17704,15148,2380,37,37
4,2.25,1834,7460,2,0,0,3,8,1834,0,47.3568,-122.163,1979,9008,9294,10987,1834,2,2
4,2.5,2190,12690,1,0,2,3,8,1170,1020,47.6627,-122.189,2630,10843,14880,13473,2190,42,42
4,2.75,2660,7389,2,0,0,3,9,2660,0,47.5993,-121.977,2820,7388,10049,10208,2660,12,12
3,1,1110,7208,1,0,0,3,7,1110,0,47.6979,-122.124,1440,7210,8318,8650,1110,35,35
3,1.5,1460,9879,1,0,0,3,7,1460,0,47.6346,-122.127,1610,10050,11339,11660,1460,59,59
4,2.25,2010,7280,2,0,0,4,8,2010,0,47.3585,-122.286,1660,7579,9290,9239,2010,26,26
3,2.5,2290,14374,2,0,0,3,8,2290,0,47.5886,-122.074,2290,33450,16664,35740,2290,31,2
3,2.5,2270,4399,2,0,0,3,7,2270,0,47.5415,-121.884,2060,4399,6669,6459,2270,8,8
2,1.75,1670,4200,2,0,0,3,7,1670,0,47.5862,-122.387,1340,2875,5870,4215,1670,102,102
3,1,1150,7314,1,0,0,3,7,1150,0,47.6246,-122.113,1350,7350,8464,8700,1150,54,54
4,2.5,2670,11877,2,0,0,3,9,2670,0,47.6327,-122.036,2430,11333,14547,13763,2670,18,18
4,2.25,2060,10358,1,0,0,4,8,1320,740,47.5478,-122.174,2060,9676,12418,11736,2060,52,52
3,2.25,2880,9750,2,0,0,3,10,2880,0,47.5575,-122.119,2920,11090,12630,14010,2880,25,25
3,1,1030,5350,1,0,0,3,7,1030,0,47.4905,-122.206,1030,5250,6380,6280,1030,90,5
3,2.5,2740,18455,2,0,1,4,10,1510,1230,47.5585,-122.215,2840,16438,21195,19278,2740,37,37
4,2.25,3133,16197,2,0,0,3,9,2533,600,47.4255,-122.338,3090,15588,19330,18678,3133,50,5
5,2.25,3440,5000,2,0,2,5,9,3440,0,47.6127,-122.286,2822,5000,8440,7822,3440,113,113
3,1.75,1760,9277,1,0,0,4,7,1760,0,47.4977,-122.358,1760,7650,11037,9410,1760,53,53
3,3,2330,7304,1,0,0,3,9,1300,1030,47.5982,-122.172,2330,9518,9634,11848,2330,43,43
5,3,2670,9920,1,0,0,3,8,1400,1270,47.3211,-122.277,1890,10341,12590,12231,2670,24,24
4,1.75,1720,3050,1,0,0,5,7,1040,680,47.5654,-122.384,1570,6100,4770,7670,1720,85,85
4,3.5,1800,6400,2,0,2,3,8,1800,0,47.625,-122.3,1700,4736,8200,6436,1800,30,3
2,1,1110,9920,1,0,0,5,6,700,410,47.5454,-122.192,2830,10091,11030,12921,1110,73,73
4,1,1980,7991,1,0,0,3,7,1980,0,47.4604,-122.17,1730,7700,9971,9430,1980,52,52
3,2.25,1370,7087,2,0,0,3,7,1370,0,47.3504,-122.035,1400,6600,8457,8000,1370,21,21
4,2.5,1613,4338,2,0,0,3,7,1613,0,47.3859,-122.162,1427,4341,5951,5768,1613,5,5
3,2.25,2010,10760,2,0,0,3,8,2010,0,47.7276,-122.103,2240,9357,12770,11597,2010,29,29
3,2,1890,14040,2,0,0,3,7,1890,0,47.7277,-121.962,1890,14018,15930,15908,1890,20,20
4,2.5,1850,6037,2,0,0,3,7,1850,0,47.359,-122.191,1860,6037,7887,7897,1850,23,23
3,1,1790,3876,1,0,0,5,7,1090,700,47.575,-122.288,1360,4080,5666,5440,1790,111,111
4,2.5,2420,7200,2,0,0,3,9,2420,0,47.6893,-122.197,2650,7800,9620,10450,2420,23,23
3,2,1470,10125,1,0,0,4,7,1470,0,47.7751,-122.222,1440,10125,11595,11565,1470,52,52
2,1.75,2870,102366,2,0,2,4,8,1770,1100,47.4847,-122,2960,108900,105236,111860,2870,20,20
3,2,1770,6610,1,0,0,4,7,960,810,47.7703,-122.343,2010,4361,8380,6371,1770,60,60
3,1,1060,8000,1,0,0,4,6,1060,0,47.305,-122.218,1060,4697,9060,5757,1060,87,87
5,3,4780,20440,1,0,0,4,10,3660,1120,47.6242,-122.239,4660,20440,25220,25100,4780,40,40
3,1.75,1280,7524,1,0,0,4,7,1280,0,47.3961,-122.188,1500,7777,8804,9277,1280,26,26
3,1.75,2010,8072,1,0,0,4,8,2010,0,47.6327,-122.097,2030,8055,10082,10085,2010,41,41
3,2.5,1620,79993,1,0,2,4,6,1620,0,47.2138,-121.982,1620,15680,81613,17300,1620,55,55
3,3,1500,1473,2,0,0,3,8,1120,380,47.6063,-122.305,1720,1976,2973,3696,1500,14,14
3,2.5,2510,4106,2,0,0,3,9,2510,0,47.5494,-121.994,2470,4106,6616,6576,2510,11,11
2,1.5,1556,20000,1,0,0,4,7,1556,0,47.3891,-122.282,2250,17286,21556,19536,1556,57,57
2,1,970,2970,1,0,0,3,7,970,0,47.6233,-122.319,1670,3000,3940,4670,970,104,104
5,1.5,1500,7112,1,0,0,5,6,760,740,47.4692,-122.35,1200,7112,8612,8312,1500,94,94
4,4.25,4390,13833,2,0,3,3,10,3320,1070,47.5566,-122.026,3850,11652,18223,15502,4390,11,11
3,2.5,3060,9576,2,0,0,3,10,3060,0,47.5928,-122.199,3060,9579,12636,12639,3060,9,9
2,2.5,2410,7500,1,0,0,3,7,1550,860,47.3078,-122.374,1840,8800,9910,10640,2410,36,36
3,1.75,1290,3870,1,0,0,5,7,1290,0,47.5873,-122.29,2020,5850,5160,7870,1290,98,98
4,2.75,2240,8937,1,0,0,4,8,1460,780,47.6495,-122.194,2360,9038,11177,11398,2240,38,38
5,2.25,3580,16789,2,0,0,5,9,3580,0,47.5364,-122.239,3390,17000,20369,20390,3580,48,48
3,1.75,1140,9628,1,0,0,4,7,1140,0,47.2933,-122.372,1510,9633,10768,11143,1140,45,45
4,1,1320,5000,1,0,0,3,7,1320,0,47.5457,-122.363,1640,5164,6320,6804,1320,87,87
4,2.75,3130,21810,2,0,0,4,10,3130,0,47.7083,-122.073,3330,21810,24940,25140,3130,21,21
4,3,2350,5627,1,0,0,5,8,1490,860,47.5514,-122.268,2020,5627,7977,7647,2350,55,55
3,3,2270,5175,2,0,0,3,9,2130,140,47.516,-122.203,2850,5661,7445,8511,2270,12,12
3,2.5,1350,1250,3,0,0,3,8,1270,80,47.5491,-122.387,1350,886,2600,2236,1350,8,8
3,2,1420,1716,2,0,0,3,7,1050,370,47.7364,-122.295,1420,8150,3136,9570,1420,12,12
3,2.5,2720,8622,2,0,0,3,8,2720,0,47.4954,-122.163,1950,8603,11342,10553,2720,12,12
4,2.25,2360,2500,2,0,3,3,8,1520,840,47.6771,-122.358,1810,3900,4860,5710,2360,13,13
2,1,790,6000,1,0,0,3,7,790,0,47.5543,-122.273,960,6000,6790,6960,790,66,66
5,2.75,2730,5820,2,0,0,3,8,2730,0,47.4856,-122.154,2730,5700,8550,8430,2730,0,0
3,1.75,2120,10875,1,0,2,3,8,1540,580,47.504,-122.382,2460,11760,12995,14220,2120,37,37
3,3.75,2780,5002,2,0,0,3,10,2780,0,47.5939,-122.15,3110,5717,7782,8827,2780,15,15
4,2,3410,15143,2,0,0,4,8,3410,0,47.6709,-122.052,2350,25936,18553,28286,3410,42,27
2,1,980,4120,1,0,0,3,7,830,150,47.6815,-122.291,1760,4120,5100,5880,980,64,0
3,1.75,1100,1307,2,0,0,3,7,780,320,47.5601,-122.363,1170,4800,2407,5970,1100,6,6
4,2.5,3020,4950,1,0,0,4,9,2020,1000,47.6467,-122.304,2300,5450,7970,7750,3020,93,93
3,2.5,1690,1613,2,0,0,3,8,1150,540,47.5518,-121.998,1690,1662,3303,3352,1690,0,0
2,1,1010,3600,1,0,0,3,7,1010,0,47.6641,-122.357,1540,3600,4610,5140,1010,101,101
4,3.5,3010,3600,2,0,0,3,9,2370,640,47.6341,-122.284,2650,4200,6610,6850,3010,15,15
4,2.75,2210,8430,2,0,0,3,9,2210,0,47.5994,-122.017,2460,8069,10640,10529,2210,16,16
3,2.5,2180,4226,2,0,0,3,8,2180,0,47.7733,-122.226,2540,4607,6406,7147,2180,10,10
5,2.5,2920,5568,2,0,0,3,8,2320,600,47.6265,-122.312,2970,5568,8488,8538,2920,108,108
2,1,820,288367,1,0,0,3,6,820,0,47.4196,-122.165,1580,8154,289187,9734,820,84,28
3,1.75,1210,8075,1,0,0,4,6,1210,0,47.2666,-122.254,1310,8025,9285,9335,1210,31,31
3,2.5,1890,7053,2,0,0,4,8,1890,0,47.3967,-122.183,2000,7226,8943,9226,1890,22,22
1,1,580,7200,1,0,0,3,6,580,0,47.5249,-122.373,1360,7560,7780,8920,580,14,14
3,1.75,1340,7473,1,0,0,4,7,1340,0,47.3087,-122.206,1510,8240,8813,9750,1340,41,41
5,2.5,2000,3600,1,0,0,3,6,1150,850,47.5971,-122.295,1410,3600,5600,5010,2000,27,27
2,2,1850,4667,1,0,0,3,8,1850,0,47.7101,-122.014,1860,6008,6517,7868,1850,5,5
5,2.5,2840,15598,1,0,0,4,8,1470,1370,47.4693,-122.117,2570,14930,18438,17500,2840,39,39
3,2.25,2280,5750,1,0,1,4,7,1150,1130,47.5641,-122.393,1500,5060,8030,6560,2280,29,29
3,2.25,1810,5107,2,0,0,3,8,1810,0,47.6882,-122.171,1760,5454,6917,7214,1810,26,26
3,2.5,1690,4988,2,0,0,3,7,1690,0,47.3561,-122.015,1830,4733,6678,6563,1690,12,12
3,1,970,9360,1,0,0,4,5,970,0,47.2808,-122.225,1050,11348,10330,12398,970,73,73
3,1.75,1940,7500,1,0,0,4,8,1940,0,47.2062,-121.993,1650,7500,9440,9150,1940,96,29
3,1,1010,7520,1,0,0,4,6,1010,0,47.2699,-122.255,1370,8469,8530,9839,1010,40,40
3,2.5,2160,4297,2,0,0,3,9,2160,0,47.5476,-122.012,2160,3968,6457,6128,2160,15,15
4,2.5,3140,16200,1,0,1,3,9,2570,570,47.4363,-122.342,2530,13200,19340,15730,3140,26,26
3,1.75,1860,6000,2,0,2,4,8,1860,0,47.5981,-122.288,3030,7119,7860,10149,1860,55,55
3,1,1340,18552,1,0,0,4,5,1340,0,47.7129,-121.325,960,15141,19892,16101,1340,80,80
3,2.5,1490,1410,2,0,0,3,10,1300,190,47.6478,-122.383,1490,1715,2900,3205,1490,7,7
3,3,1390,1080,2,0,0,3,7,1140,250,47.5323,-122.281,1450,1081,2470,2531,1390,8,8
3,1,1460,5000,1,0,0,4,7,1460,0,47.6837,-122.32,1790,4000,6460,5790,1460,81,55
2,1,1190,7408,1,0,0,3,6,830,360,47.5094,-122.31,1140,7408,8598,8548,1190,73,73
3,1.75,1540,9450,1,0,0,4,6,1040,500,47.6985,-122.348,1200,5400,10990,6600,1540,95,95
4,3.5,4420,20759,2,0,0,3,11,4420,0,47.6354,-122.221,3020,20666,25179,23686,4420,12,12
2,2.5,2130,5001,1,0,0,5,8,1330,800,47.6573,-122.399,1750,6000,7131,7750,2130,42,42
3,1.75,1720,10710,1,0,0,3,7,860,860,47.5092,-122.362,1480,10359,12430,11839,1720,57,57
4,2.75,3650,48351,1,0,0,4,8,3650,0,47.7632,-122.089,2820,53143,52001,55963,3650,36,36
2,1,840,7020,1,0,0,4,7,840,0,47.5513,-122.394,1310,7072,7860,8382,840,72,72
1,1,850,8050,1,0,0,2,6,850,0,47.5427,-122.288,1590,5180,8900,6770,850,108,108
3,1.5,1180,11579,1,0,0,4,7,1180,0,47.4502,-122.089,1780,22486,12759,24266,1180,53,53
4,2.25,1920,8910,1,0,0,4,8,1200,720,47.5897,-122.156,2250,8800,10830,11050,1920,45,45
3,2.5,1760,2320,2,0,2,3,8,1760,0,47.5723,-122.376,1760,4698,4080,6458,1760,21,21
4,3,2250,7882,2,0,0,3,8,1570,680,47.3703,-122.314,1550,7508,10132,9058,2250,29,29
4,2.5,2900,9972,2,0,0,3,9,2900,0,47.5536,-122.121,2901,8567,12872,11468,2900,21,21
4,2.5,2680,7700,2,0,0,4,8,2680,0,47.4094,-122.17,2400,7700,10380,10100,2680,24,24
3,3.25,2730,9588,2,0,1,3,10,1900,830,47.6339,-122.09,2730,12736,12318,15466,2730,31,31
4,2.5,2630,8580,1,0,0,4,9,1700,930,47.5916,-122.166,2430,10240,11210,12670,2630,37,37
2,1,1200,6014,1,0,0,4,6,600,600,47.5357,-122.28,1270,4652,7214,5922,1200,65,65
3,1.5,1760,9600,1,0,0,4,7,1760,0,47.4085,-122.195,1450,9600,11360,11050,1760,49,49
3,1.5,1380,11130,1,0,0,3,7,1380,0,47.3146,-122.323,1380,9200,12510,10580,1380,54,54
3,2.5,2217,8019,2,0,0,3,7,2217,0,47.2776,-122.251,1470,8037,10236,9507,2217,5,5
3,1,990,6315,1,0,0,3,7,990,0,47.7116,-122.214,1450,6702,7305,8152,990,45,45
4,3,1850,9976,2,0,0,3,8,1850,0,47.5059,-122.149,2270,8542,11826,10812,1850,24,24
3,1,1150,7260,1,0,0,3,7,1150,0,47.7344,-122.333,1200,7888,8410,9088,1150,55,55
2,1,860,8511,1,0,0,3,7,860,0,47.7312,-122.3,1554,8499,9371,10053,860,65,65
4,2.5,3150,4203,2,0,0,3,9,3150,0,47.688,-122.164,3150,5169,7353,8319,3150,12,12
4,2.5,2980,10194,2,0,0,3,9,2980,0,47.5515,-122.12,2980,10053,13174,13033,2980,22,22
4,2.5,2460,7930,2,0,0,3,8,2460,0,47.6684,-122.175,1850,9000,10390,10850,2460,10,10
3,2,1890,12017,1,0,2,3,8,1890,0,47.6203,-122.21,2000,12210,13907,14210,1890,66,66
3,1.75,1770,8050,1,0,0,4,7,1020,750,47.5862,-122.118,2000,7875,9820,9875,1770,51,51
4,2.5,2860,12394,2,0,0,3,10,2860,0,47.5832,-122.026,3070,8515,15254,11585,2860,15,15
2,2,1350,4220,1,0,0,3,8,1350,0,47.718,-122.034,1350,4409,5570,5759,1350,11,11
4,3.25,2840,54400,1,0,0,4,8,2840,0,47.6707,-122.045,2550,43560,57240,46110,2840,31,31
4,1.75,2100,3000,1,0,0,4,7,1500,600,47.6721,-122.329,1690,4000,5100,5690,2100,103,103
3,1,960,5424,1,0,0,3,6,960,0,47.6997,-122.32,1550,5687,6384,7237,960,98,98
3,2.5,2280,12746,1,0,0,4,8,1490,790,47.6362,-122.175,2100,12746,15026,14846,2280,42,42
3,2.25,1820,8008,1,0,0,3,8,1240,580,47.7206,-122.11,2030,8750,9828,10780,1820,33,33
2,1,940,4000,1,0,0,3,6,720,220,47.6488,-122.385,1180,6000,4940,7180,940,73,73
3,1.5,1180,12324,1,0,0,3,7,800,380,47.6337,-122.032,1280,11371,13504,12651,1180,33,33
4,1,1260,8505,1,0,0,5,7,1260,0,47.7181,-122.371,1480,8100,9765,9580,1260,63,63
3,2,1350,11805,1,0,0,3,7,1350,0,47.7313,-121.971,1350,14200,13155,15550,1350,28,28
3,1,1310,8400,1,0,0,3,7,1310,0,47.7253,-122.197,1680,8000,9710,9680,1310,43,26
2,2,1615,4590,1,0,0,5,8,1615,0,47.6886,-122.348,1470,4590,6205,6060,1615,108,108
3,1,1140,9639,1,0,0,4,7,1140,0,47.3112,-122.265,1140,9639,10779,10779,1140,48,48
4,2.25,2210,9371,2,0,0,4,8,2210,0,47.3634,-122.279,2300,11584,11581,13884,2210,46,46
6,4.75,5770,16747,2,0,3,3,12,4500,1270,47.5512,-122.11,4470,14571,22517,19041,5770,17,17
4,2.5,1960,11798,2,0,0,3,8,1960,0,47.3293,-122.205,2360,11785,13758,14145,1960,16,16
3,1,920,4770,1,0,0,4,6,920,0,47.3654,-122.082,920,4770,5690,5690,920,46,46
3,2.5,2900,46609,2,0,0,3,9,2900,0,47.7731,-122.086,2570,42188,49509,44758,2900,28,28
4,2.5,2460,4200,2,0,0,3,8,2460,0,47.6041,-122.02,2460,4200,6660,6660,2460,16,16
4,2.5,2390,10000,1,0,0,3,9,1590,800,47.5801,-122.229,1900,9752,12390,11652,2390,39,39
2,2.5,1400,1262,2,0,0,3,8,1160,240,47.5342,-122.349,1060,1524,2662,2584,1400,6,6
4,2.25,2440,5000,2,0,0,3,7,2440,0,47.5407,-121.89,2440,5212,7440,7652,2440,8,8
3,1,1300,9620,1,0,0,3,7,1300,0,47.282,-122.331,1420,9620,10920,11040,1300,44,44
2,2.5,1150,2064,2,0,0,3,7,1150,0,47.3516,-122.292,1880,2855,3214,4735,1150,10,10
3,2.75,1540,6760,1,0,0,5,7,1210,330,47.7163,-122.212,1540,7416,8300,8956,1540,34,34
3,1,1230,2353,1,0,0,4,6,1230,0,47.5177,-122.354,1280,1572,3583,2852,1230,90,90
3,2.5,1770,2875,2,0,0,3,8,1770,0,47.5631,-122.397,1770,3833,4645,5603,1770,24,24
4,2.5,2050,10271,2,0,0,3,7,2050,0,47.3628,-122.075,2050,8103,12321,10153,2050,16,16
3,2.25,1400,3814,2,0,0,3,7,1400,0,47.3584,-122.083,1610,3814,5214,5424,1400,2,2
4,2.5,2390,5249,2,0,0,3,9,2390,0,47.6194,-122.026,2600,5342,7639,7942,2390,8,8
4,2.5,3570,17411,2,0,0,3,10,3570,0,47.5617,-122.03,3510,16153,20981,19663,3570,25,25
3,1.75,1370,19550,1,0,0,3,7,1370,0,47.7002,-121.912,1430,17550,20920,18980,1370,37,9
4,2.75,3980,9209,2,0,0,3,11,3980,0,47.6286,-122.064,3800,9333,13189,13133,3980,13,13
3,1.75,2010,9417,1,0,0,4,8,1500,510,47.373,-122.185,1200,8250,11427,9450,2010,47,47
4,2,1780,10622,1,0,0,4,7,900,880,47.4573,-122.158,1550,8900,12402,10450,1780,38,38
3,2.25,1960,7000,1,0,0,3,8,1600,360,47.4427,-122.126,1980,7140,8960,9120,1960,34,34
3,2.75,1950,12630,1,0,0,4,8,1230,720,47.6301,-122.107,1990,12196,14580,14186,1950,46,46
3,1,1160,7875,1,0,0,3,7,1160,0,47.724,-122.323,1600,7875,9035,9475,1160,61,61
4,2.5,3180,21904,2,0,3,3,9,3180,0,47.515,-122.117,3715,29170,25084,32885,3180,14,14
4,1,1120,3844,1,0,0,3,7,1120,0,47.7038,-122.352,1480,3844,4964,5324,1120,42,42
4,2.5,3148,9612,2,0,3,3,9,3148,0,47.3994,-122.311,3000,11475,12760,14475,3148,1,1
3,2.5,1740,4960,2,0,0,3,8,1740,0,47.5772,-121.998,1740,5021,6700,6761,1740,23,23
3,1.5,1390,8300,1,0,0,4,7,1390,0,47.7383,-121.983,1470,7500,9690,8970,1390,41,41
4,2.5,2590,9341,2,0,0,3,8,2590,0,47.6496,-122.114,2280,9510,11931,11790,2590,30,30
2,1,1520,5400,1,0,0,3,7,920,600,47.6796,-122.279,1600,5400,6920,7000,1520,63,63
2,1.5,1078,1263,2,0,0,3,7,1078,0,47.7532,-122.244,1078,1263,2341,2341,1078,24,24
3,2.5,2655,5080,2,0,0,3,8,2655,0,47.2972,-122.348,2879,5232,7735,8111,2655,1,1
4,2.5,3190,27806,2,0,0,3,9,3190,0,47.3425,-122.03,2810,28619,30996,31429,3190,17,17
2,1.5,1076,1060,3,0,0,3,7,1076,0,47.7167,-122.298,1076,1060,2136,2136,1076,8,8
4,2.25,4470,60373,2,0,0,3,11,4470,0,47.7289,-122.127,3210,40450,64843,43660,4470,26,26
5,4.25,4720,18741,2,0,0,3,11,3210,1510,47.6347,-122.013,3880,37328,23461,41208,4720,9,9
4,3.5,3695,6556,2,0,0,3,9,3695,0,47.683,-122.015,4160,6786,10251,10946,3695,1,1
4,2.25,1770,7799,2,0,0,3,7,1770,0,47.4192,-122.202,1770,7778,9569,9548,1770,17,17
3,1.75,2050,10519,1,0,0,3,7,1240,810,47.4257,-122.146,1770,9605,12569,11375,2050,35,35
5,4,3310,8400,2,0,0,3,10,3310,0,47.6914,-122.214,3430,8400,11710,11830,3310,15,15
3,1.75,1670,9600,1,0,0,5,8,1670,0,47.5754,-122.233,1900,9600,11270,11500,1670,53,53
4,3.25,4400,16625,2,0,0,3,11,4400,0,47.5868,-121.968,4440,15523,21025,19963,4400,11,11
3,2,1370,9760,1,0,0,4,7,1110,260,47.3009,-122.384,1640,9040,11130,10680,1370,36,36
3,2.5,1580,2765,2,0,0,3,8,1580,0,47.5444,-122.369,1580,1820,4345,3400,1580,3,3
5,2.75,2390,6282,1,0,0,4,7,1290,1100,47.5149,-122.263,1690,5202,8672,6892,2390,49,49
5,1.75,1890,9600,1,0,0,4,7,1890,0,47.7391,-122.241,2350,5308,11490,7658,1890,55,55
4,1.75,1820,8118,1,0,0,4,7,1080,740,47.4104,-122.172,1810,8050,9938,9860,1820,34,34
3,1.5,1590,8911,1,0,0,3,7,1590,0,47.7394,-122.252,1590,9625,10501,11215,1590,58,58
4,1,1470,18581,1,0,0,3,6,1470,0,47.4336,-122.197,1770,18581,20051,20351,1470,90,90
3,3,4610,8400,2,0,2,3,8,2790,1820,47.5854,-122.292,2160,5000,13010,7160,4610,67,15
3,2,1410,8384,1,0,0,3,7,1410,0,47.3315,-122.263,1410,9205,9794,10615,1410,29,29
3,2.25,2780,6000,1,0,3,4,9,1670,1110,47.6442,-122.406,2780,6000,8780,8780,2780,66,66
4,2,2220,5821,1,0,0,4,7,1380,840,47.5723,-122.382,1850,5000,8041,6850,2220,99,99
4,1,1280,10521,1,0,0,3,7,1280,0,47.4215,-122.289,1540,9384,11801,10924,1280,55,55
3,1.75,1400,12155,1,0,0,4,7,1400,0,47.5926,-122.047,2540,23522,13555,26062,1400,37,37
4,2.5,2680,12215,1,1,4,3,9,1590,1090,47.4396,-122.353,2960,19964,14895,22924,2680,58,58
2,3,1460,1452,2,0,0,3,8,1140,320,47.5224,-122.39,1460,1452,2912,2912,1460,8,8
4,1.75,2080,7200,1,0,0,4,7,1050,1030,47.3385,-122.282,1500,7350,9280,8850,2080,48,48
5,2,1910,4667,1,0,0,3,7,1010,900,47.6236,-122.306,1230,2545,6577,3775,1910,106,106
3,1.75,1720,9775,1,0,0,3,8,1720,0,47.3731,-122.286,1970,8400,11495,10370,1720,37,37
4,2.5,2100,5857,2,0,0,3,8,2100,0,47.4956,-122.163,2090,7779,7957,9869,2100,13,13
4,2,2330,5000,1,0,0,5,7,1720,610,47.6804,-122.358,2090,5000,7330,7090,2330,89,89
3,2.5,1520,3593,2,0,0,3,7,1520,0,47.3842,-122.042,1610,3612,5113,5222,1520,10,10
3,2.5,2415,2186,2,0,1,3,9,2415,0,47.6506,-122.202,2660,2165,4601,4825,2415,34,34
3,2.25,1920,9672,2,0,0,4,8,1920,0,47.6233,-122.046,1950,10125,11592,12075,1920,30,30
3,2.5,1810,1750,2,0,0,3,7,1350,460,47.6513,-122.386,1640,1563,3560,3203,1810,18,18
4,2.5,3540,7009,2,0,0,3,9,3540,0,47.6749,-122.176,2150,10290,10549,12440,3540,8,8
3,1,1150,8145,1,0,0,4,6,990,160,47.7471,-122.317,1200,8145,9295,9345,1150,82,82
3,1.75,2130,7500,1,0,0,4,7,1090,1040,47.4593,-122.343,1590,7500,9630,9090,2130,58,58
5,3.25,2740,9629,1,0,0,5,7,1390,1350,47.7645,-122.197,2150,10500,12369,12650,2740,37,37
3,1,1800,4800,1,0,2,4,9,900,900,47.5672,-122.372,1400,4800,6600,6200,1800,87,87
3,2.5,2130,7199,2,0,0,3,8,2130,0,47.6331,-122.027,1890,7546,9329,9436,2130,24,24
4,2.25,1830,8734,2,0,0,4,7,1830,0,47.3679,-122.179,1870,7212,10564,9082,1830,23,23
3,3.25,1710,2171,2,0,0,3,7,1400,310,47.5434,-122.368,1380,1300,3881,2680,1710,0,0
4,2.5,2130,35752,1,0,0,3,8,1490,640,47.5748,-122.031,3030,34000,37882,37030,2130,34,34
3,1.75,1240,4000,1,0,0,3,7,1240,0,47.4728,-122.191,1570,4586,5240,6156,1240,28,28
3,2.25,1780,6120,1,0,0,4,9,1390,390,47.6025,-122.286,1960,5568,7900,7528,1780,87,87
5,1.75,3250,13702,1,0,2,3,8,1650,1600,47.4883,-122.225,2620,11328,16952,13948,3250,50,50
4,3.5,2500,3080,2,0,0,3,8,1810,690,47.6749,-122.14,2060,3295,5580,5355,2500,6,6
4,2.75,3670,15400,2,0,3,4,10,3670,0,47.5581,-122.156,3370,13300,19070,16670,3670,28,28
2,1.5,2070,5432,2,0,0,3,7,1370,700,47.5571,-122.299,2070,5505,7502,7575,2070,64,64
2,2,1500,1408,3,0,0,3,7,1500,0,47.7293,-122.343,1500,1245,2908,2745,1500,15,15
3,2.5,1710,4920,2,0,0,3,7,1710,0,47.5347,-122.376,1500,4920,6630,6420,1710,24,24
4,1.75,1790,7175,1,0,0,3,6,1410,380,47.4963,-122.318,1790,8417,8965,10207,1790,114,114
4,1.75,1780,11436,1,0,0,5,9,1780,0,47.6273,-122.194,2100,12052,13216,14152,1780,47,47
3,2,1890,6620,1,0,3,4,8,1890,0,47.7016,-122.274,2590,7188,8510,9778,1890,60,60
3,1.5,1240,8528,1,0,0,4,7,1240,0,47.4478,-122.157,1570,8064,9768,9634,1240,47,47
3,2.5,1950,3730,2,0,0,3,9,1950,0,47.6731,-122.199,2080,4000,5680,6080,1950,19,19
2,1,1000,7664,1,0,2,3,7,1000,0,47.7001,-122.311,1570,6350,8664,7920,1000,75,75
3,2.5,2270,5536,2,0,0,3,8,2270,0,47.5389,-121.881,2270,5731,7806,8001,2270,11,11
1,2,1780,188465,2,0,0,3,10,1780,0,47.4506,-121.768,1780,21094,190245,22874,1780,14,14
4,2.25,2010,19000,2,0,0,4,8,2010,0,47.3734,-122.119,1950,19626,21010,21576,2010,39,39
5,2.5,3290,5029,2,0,0,3,8,3290,0,47.5773,-122.056,2990,6441,8319,9431,3290,10,10
4,3.25,4400,262666,2,0,0,3,11,4400,0,47.5927,-122.064,3240,9791,267066,13031,4400,26,26
4,2,1200,8460,1,0,0,5,7,1200,0,47.4413,-122.277,1350,8623,9660,9973,1200,58,58
4,2.5,3190,7941,2,0,0,3,10,3190,0,47.353,-122.002,3190,7255,11131,10445,3190,9,9
3,2.5,2320,3980,2,0,0,3,8,2320,0,47.5391,-122.07,2580,3980,6300,6560,2320,11,11
4,2.5,1910,10300,1,0,0,3,8,1910,0,47.7581,-122.359,1910,7750,12210,9660,1910,93,46
3,2.5,1550,8134,2,0,0,3,7,1550,0,47.404,-122.191,1550,8134,9684,9684,1550,24,24
3,1.75,1170,11960,1,0,0,4,7,1170,0,47.3279,-122.136,1230,9800,13130,11030,1170,46,46
3,2.5,3410,41022,2,0,0,3,11,3410,0,47.3228,-122.08,2150,21429,44432,23579,3410,24,24
4,3,1890,13140,1,0,0,4,7,1270,620,47.5221,-122.044,1900,11160,15030,13060,1890,47,47
4,2.5,2380,7066,2,0,0,4,7,2380,0,47.3982,-122.172,2310,8127,9446,10437,2380,17,17
4,2.5,2230,12753,1,0,0,4,7,1180,1050,47.6297,-122.033,1860,12753,14983,14613,2230,33,33
4,1.75,1440,4300,1,0,0,4,8,1290,150,47.6846,-122.372,1640,5000,5740,6640,1440,85,85
3,2.5,2920,34527,1,0,4,4,9,1800,1120,47.5799,-122.4,2480,7933,37447,10413,2920,60,31
3,1,1760,6927,1,0,0,3,7,1050,710,47.7623,-122.2,2060,9120,8687,11180,1760,53,53
4,3,2720,4800,1,0,0,5,8,1790,930,47.6595,-122.283,2260,4800,7520,7060,2720,86,86
3,1.5,1240,7733,1,0,0,3,6,790,450,47.714,-122.283,1130,7733,8973,8863,1240,73,73
4,1.5,1220,3780,1,0,0,3,7,1220,0,47.6667,-122.36,1400,3185,5000,4585,1220,87,87
4,2.75,2190,9209,2,0,0,4,8,2190,0,47.3341,-122.188,2430,6687,11399,9117,2190,19,19
3,1.75,1310,8065,1,0,0,4,6,1310,0,47.701,-122.368,1420,8100,9375,9520,1310,66,66
3,1.75,1240,8659,1,0,0,5,7,1240,0,47.3663,-122.089,1490,8223,9899,9713,1240,29,29
3,2.25,2400,5000,1,0,0,4,7,1440,960,47.6897,-122.393,1630,5000,7400,6630,2400,88,88
4,2.5,1950,4947,2,0,0,3,8,1950,0,47.5042,-122.193,1760,5611,6897,7371,1950,15,15
3,2.25,2370,10890,2,0,0,4,7,2370,0,47.5827,-122.197,2370,9514,13260,11884,2370,34,34
4,2.75,3150,38865,1,0,0,3,10,2480,670,47.7302,-122.106,3150,35880,42015,39030,3150,28,28
2,1,1290,6528,1,0,0,4,7,1290,0,47.694,-122.29,1670,5712,7818,7382,1290,74,74
5,5,5774,31675,1,0,2,3,11,4490,1284,47.3466,-122.323,3260,13200,37449,16460,5774,30,30
5,3.25,3680,10300,1,0,0,4,10,3680,0,47.6548,-122.28,2690,7200,13980,9890,3680,87,87
3,2,1360,4840,1,0,0,3,8,1360,0,47.5487,-122.376,1450,4840,6200,6290,1360,78,78
3,1,1120,5200,1,0,0,5,7,1120,0,47.3638,-122.088,1690,5200,6320,6890,1120,38,38
3,2,2590,108900,2,0,0,3,8,1980,610,47.4088,-122.055,3170,108900,111490,112070,2590,26,26
4,1.75,1790,8372,1,0,0,4,8,1340,450,47.6605,-122.189,2180,10500,10162,12680,1790,39,39
4,1.75,1730,11890,1,0,0,2,7,980,750,47.5979,-122.194,2100,12325,13620,14425,1730,59,59
3,2.5,1600,5960,2,0,2,5,8,1600,0,47.4758,-122.265,1410,13056,7560,14466,1600,105,105
4,2.5,2478,6079,2,0,0,3,8,2478,0,47.3524,-122.175,2279,6079,8557,8358,2478,3,3
4,2,1580,7300,1,0,0,4,7,1580,0,47.7598,-122.328,1180,9450,8880,10630,1580,60,60
4,1.75,2740,10086,1,0,0,3,7,1440,1300,47.5112,-122.329,1710,9840,12826,11550,2740,42,42
3,2.5,1640,7668,2,0,0,3,7,1640,0,47.3505,-122.027,1850,7200,9308,9050,1640,23,23
3,1.5,1670,8230,1,0,0,5,7,1670,0,47.2613,-122.255,2077,4910,9900,6987,1670,60,60
2,1,900,6656,1,0,0,3,7,900,0,47.5467,-122.377,1230,6400,7556,7630,900,75,75
3,2,1930,15540,1,0,0,3,8,1260,670,47.7675,-122.307,1900,12123,17470,14023,1930,56,56
3,2.25,1760,45133,2,0,0,3,7,1760,0,47.5124,-121.866,1910,51773,46893,53683,1760,31,31
4,2.5,2720,5771,2,0,0,3,8,2720,0,47.4917,-122.17,1940,4184,8491,6124,2720,0,0
3,2,1380,4500,1,0,0,3,7,1380,0,47.3661,-122.021,1620,4000,5880,5620,1380,6,6
3,1.75,1690,13500,1,0,0,4,7,1690,0,47.5897,-122.233,1950,10500,15190,12450,1690,37,37
4,2.75,3220,16145,2,0,0,3,10,3220,0,47.5786,-121.995,3200,12921,19365,16121,3220,21,21
3,1.5,2500,6000,1,0,0,5,7,1730,770,47.5297,-122.354,1340,5000,8500,6340,2500,73,30
2,1,750,4000,1,0,0,4,6,750,0,47.5547,-122.272,1120,5038,4750,6158,750,89,89
1,1,670,4920,1,0,0,3,5,670,0,47.5342,-122.373,1050,4920,5590,5970,670,94,94
4,2.25,2030,13500,1,0,0,3,7,1230,800,47.4596,-122.066,1830,13800,15530,15630,2030,51,51
4,1.5,2820,4000,2,0,0,3,7,2820,0,47.6638,-122.348,1470,1627,6820,3097,2820,104,104
4,2.5,2658,3960,2,0,0,3,9,2658,0,47.2603,-122.194,2578,4200,6618,6778,2658,0,0
2,1,900,3400,1,0,0,5,6,900,0,47.5269,-122.314,940,6000,4300,6940,900,109,109
3,2.75,3290,11441,2,0,0,4,10,3290,0,47.3052,-122.34,2600,12070,14731,14670,3290,26,26
3,3,1845,5100,2,0,2,5,8,1845,0,47.5204,-122.208,2100,7650,6945,9750,1845,67,67
2,2.5,1570,1268,3,0,0,3,7,1570,0,47.534,-122.365,1570,1300,2838,2870,1570,7,7
3,2,1620,7800,1,0,0,3,7,1200,420,47.7288,-122.171,1540,7565,9420,9105,1620,45,45
3,1.5,1240,5200,1,0,0,5,6,1240,0,47.3683,-122.079,1060,5200,6440,6260,1240,45,45
5,3.5,4370,12240,2,0,0,3,11,3270,1100,47.582,-122.199,2980,12800,16610,15780,4370,24,24
3,2.5,1950,7421,2,0,0,3,8,1950,0,47.3842,-122.036,2200,4668,9371,6868,1950,18,18
3,2.5,1960,6997,2,0,0,3,7,1960,0,47.5415,-121.887,2320,5178,8957,7498,1960,8,8
3,2,1310,7000,1,0,0,4,7,1310,0,47.303,-122.383,1390,7500,8310,8890,1310,35,35
3,2,1400,6200,1,0,0,3,6,700,700,47.7634,-122.34,1410,7564,7600,8974,1400,66,66
3,2.25,1740,9672,1,0,0,4,7,1110,630,47.4149,-122.181,1640,9600,11412,11240,1740,51,51
2,1.75,1290,1624,2,0,0,3,8,1290,0,47.5171,-122.347,1410,1963,2914,3373,1290,1,1
5,3,3480,6625,2,0,0,3,8,3480,0,47.4815,-122.153,2800,9400,10105,12200,3480,3,3
5,3.75,3090,7415,2,0,0,3,8,3090,0,47.435,-122.329,2790,7425,10505,10215,3090,0,0
2,1.75,1660,5581,1,0,0,3,8,1660,0,47.713,-122.033,1670,4871,7241,6541,1660,9,9
5,3.5,2800,7350,2,0,0,3,7,2800,0,47.5273,-122.345,2190,7620,10150,9810,2800,19,19
2,2,1080,5000,1,0,0,5,6,1080,0,47.6826,-122.394,1530,5000,6080,6530,1080,92,92
4,2.5,2310,7555,2,0,0,3,9,2310,0,47.7544,-122.303,1980,8416,9865,10396,2310,18,18
4,2.25,1610,3560,2,0,0,3,7,1610,0,47.3669,-122.02,1760,3692,5170,5452,1610,4,4
3,2.5,2360,4638,2,0,3,3,9,2360,0,47.6837,-122.321,1620,4638,6998,6258,2360,18,18
4,1,1660,34848,1,0,0,1,5,930,730,47.6621,-122.132,2160,11467,36508,13627,1660,81,81
4,2.5,2610,33206,2,0,0,3,10,2610,0,47.6662,-122.057,2870,28295,35816,31165,2610,26,26
6,2.75,2840,8346,1,0,0,5,8,1420,1420,47.5518,-122.266,2250,8346,11186,10596,2840,53,53
3,3.25,1610,1275,2,0,0,3,8,1220,390,47.6236,-122.318,1750,3000,2885,4750,1610,9,9
4,2.5,2430,44001,1,0,0,3,8,2430,0,47.7125,-121.916,2200,46924,46431,49124,2430,21,21
5,2.25,3030,9430,2,0,0,4,8,2600,430,47.7515,-122.353,2230,8425,12460,10655,3030,53,53
3,2.5,3430,10177,2,0,0,3,10,3430,0,47.7159,-122.251,3110,12339,13607,15449,3430,1,1
3,2.25,1870,9000,1,0,0,3,7,1440,430,47.7373,-122.198,1870,8640,10870,10510,1870,36,36
3,2,1340,5670,2,0,0,3,6,1340,0,47.4498,-122.194,1290,4892,7010,6182,1340,20,20
3,2.25,1630,6449,1,0,0,3,7,1310,320,47.7275,-122.232,1620,7429,8079,9049,1630,29,29
2,2.25,1640,2240,2,0,0,3,8,1640,0,47.7154,-122.341,1640,2240,3880,3880,1640,35,35
3,1.75,1490,3800,1,0,0,3,6,700,790,47.5554,-122.27,2180,4000,5290,6180,1490,101,101
3,1.75,2100,8298,1,0,0,4,7,1230,870,47.4601,-122.36,1700,10830,10398,12530,2100,63,63
4,2.75,2280,2850,1,0,0,4,7,1540,740,47.6871,-122.307,1680,3800,5130,5480,2280,84,84
3,2.5,2350,3798,2,0,0,3,8,2350,0,47.543,-122.01,2020,3532,6148,5552,2350,2,2
4,2.25,2080,12007,1,0,0,4,8,1220,860,47.6259,-122.051,2110,12459,14087,14569,2080,35,35
3,2.25,1480,5400,2,0,0,4,8,1480,0,47.6095,-122.296,1280,3600,6880,4880,1480,100,100
3,2.5,2920,434728,2,0,3,4,8,2920,0,47.3809,-122.13,3150,55216,437648,58366,2920,16,16
3,1,1850,5775,2,0,0,3,6,1740,110,47.5446,-122.296,1520,3578,7625,5098,1850,86,86
4,2.5,3170,5100,2,0,0,3,9,3170,0,47.5187,-122.208,1580,5100,8270,6680,3170,3,3
3,1,1070,4800,1,0,0,3,6,970,100,47.5187,-122.377,1120,1198,5870,2318,1070,67,67
4,2.25,2510,133729,2,0,0,4,8,2510,0,47.4569,-122.02,2510,69696,136239,72206,2510,38,38
4,1,1460,6000,1,0,0,4,7,730,730,47.4952,-122.224,1190,6000,7460,7190,1460,73,73
4,2.25,2070,7500,2,0,0,4,7,2070,0,47.727,-122.217,2080,7700,9570,9780,2070,37,37
3,2.5,1800,5001,2,0,0,3,7,1800,0,47.7126,-122.231,2106,5618,6801,7724,1800,18,18
4,2.5,2830,8399,2,0,0,3,9,2830,0,47.5851,-122.034,2520,6890,11229,9410,2830,16,16
4,2.75,3840,10004,1,0,2,4,9,2110,1730,47.5606,-122.225,3500,12118,13844,15618,3840,52,52
5,1.75,2640,7722,1,0,0,4,7,1650,990,47.6802,-122.361,1750,4000,10362,5750,2640,100,100
3,1.75,1320,7840,1,0,0,3,8,1320,0,47.6024,-122.143,2050,7644,9160,9694,1320,49,49
3,3.25,1380,1234,3,0,0,3,8,1380,0,47.6935,-122.342,1370,1282,2614,2652,1380,8,8
3,2.5,2185,6042,2,0,0,3,9,2185,0,47.3573,-122.202,2297,5876,8227,8173,2185,6,6
3,2.25,1620,7150,1,0,2,4,7,1280,340,47.5048,-122.241,1620,6930,8770,8550,1620,64,64
3,2,1360,6082,1,0,0,3,7,1360,0,47.3577,-122.16,1360,6987,7442,8347,1360,21,21
4,2.5,3260,5974,2,0,1,3,9,2820,440,47.6772,-122.267,2260,6780,9234,9040,3260,8,8
5,2.5,2650,54380,2,0,0,3,9,2650,0,47.7726,-122.081,2560,49044,57030,51604,2650,31,31
5,2.5,2800,11325,1,0,0,4,8,1400,1400,47.6166,-122.172,2510,13700,14125,16210,2800,44,44
4,2.25,2470,17008,2,0,0,4,8,2470,0,47.5924,-122.048,2470,31798,19478,34268,2470,35,35
5,3.5,3500,10155,2,0,0,3,10,2570,930,47.5415,-122.133,2940,10753,13655,13693,3500,18,18
3,1,1220,7585,1,0,0,4,7,1220,0,47.6094,-122.194,1380,8918,8805,10298,1220,60,60
3,1.5,1310,2998,2,0,0,3,7,1310,0,47.5873,-122.299,1310,2997,4308,4307,1310,16,16
3,1,820,7680,1,0,0,3,6,820,0,47.528,-122.359,1470,6912,8500,8382,820,104,104
2,1,1370,9460,1,0,0,3,6,1370,0,47.6238,-122.191,1690,9930,10830,11620,1370,65,65
3,2.5,2075,16200,2,0,0,3,8,2075,0,47.4848,-121.698,2300,32379,18275,34679,2075,12,12
4,1.75,1290,3060,2,0,0,4,7,1290,0,47.6798,-122.348,1510,4080,4350,5590,1290,108,108
6,2.75,4710,11000,2,0,3,3,10,3690,1020,47.6622,-122.272,2950,5300,15710,8250,4710,83,83
4,1.75,2250,292288,1,0,0,4,7,2250,0,47.3787,-122.091,1550,23798,294538,25348,2250,52,52
2,1,770,5680,1,0,0,4,6,770,0,47.6951,-122.366,1170,5514,6450,6684,770,86,86
2,1,1410,7000,1,0,0,3,7,1410,0,47.4908,-122.223,1540,6000,8410,7540,1410,47,47
4,2,1280,7560,1,0,0,5,6,1280,0,47.45,-122.175,1250,7690,8840,8940,1280,55,55
2,1,1360,5000,1,0,0,3,7,1200,160,47.6372,-122.392,1540,4000,6360,5540,1360,79,79
4,2.5,2350,8906,2,0,0,3,7,2350,0,47.4205,-122.215,2000,8165,11256,10165,2350,21,21
3,1.75,1710,7320,1,0,0,3,7,1710,0,47.7512,-122.281,2260,8839,9030,11099,1710,66,66
4,2,1530,4080,1,0,0,4,7,1530,0,47.6645,-122.325,1860,4080,5610,5940,1530,102,102
5,2.5,4340,9108,1,0,0,5,8,2170,2170,47.5384,-122.276,2030,6812,13448,8842,4340,36,36
2,2,1700,7992,1,0,0,4,7,950,750,47.3031,-122.385,1700,8030,9692,9730,1700,34,34
4,2.5,2400,10364,2,0,0,3,8,2400,0,47.4832,-121.799,2390,9918,12764,12308,2400,20,20
4,1.75,2390,12000,1,0,0,3,8,1470,920,47.7061,-122.163,2110,12000,14390,14110,2390,35,35
3,2,2440,13250,1,0,0,4,8,1440,1000,47.375,-122.227,2400,10650,15690,13050,2440,37,37
2,2.5,2830,8630,2,0,0,3,10,2830,0,47.6481,-122.081,3190,7515,11460,10705,2830,13,13
3,2.25,2160,7964,2,0,0,3,8,2160,0,47.3622,-122.074,2000,7964,10124,9964,2160,24,24
3,1.75,1940,8729,1,0,0,3,8,1460,480,47.7027,-122.282,2250,9165,10669,11415,1940,55,55
4,2.25,2190,6906,1,0,0,4,7,1040,1150,47.319,-122.373,1250,6440,9096,7690,2190,38,38
2,1,700,8174,1,0,0,3,5,700,0,47.5136,-122.349,1250,8046,8874,9296,700,74,74
4,2.5,2542,6120,2,0,0,3,8,2542,0,47.3751,-122.188,2419,8984,8662,11403,2542,0,0
3,2.5,2030,6326,2,0,0,3,7,2030,0,47.3491,-122.029,1810,6825,8356,8635,2030,21,21
3,2.25,1450,4050,2,0,0,3,7,1450,0,47.367,-122.019,1660,3800,5500,5460,1450,4,4
4,3.25,4580,4838,2,0,3,4,11,3080,1500,47.6305,-122.354,3540,6483,9418,10023,4580,23,23
4,2.5,3056,11385,2,0,0,3,9,3056,0,47.2905,-122.264,2849,8607,14441,11456,3056,1,1
3,1.75,1830,7969,1,0,0,3,7,930,900,47.4667,-122.214,1790,7425,9799,9215,1830,64,6
4,2.5,2900,18303,2,0,0,4,10,2900,0,47.5981,-122.03,2900,18303,21203,21203,2900,21,21
2,1.75,1170,976,2,0,0,3,9,780,390,47.6192,-122.316,1280,1183,2146,2463,1170,5,5
2,1,820,4880,1,0,0,4,6,820,0,47.5483,-122.394,1320,4880,5700,6200,820,89,89
3,1.5,2100,67269,1,0,0,4,7,1220,880,47.7592,-122.23,1610,15999,69369,17609,2100,65,65
4,3.25,3480,6000,3,0,0,3,8,3480,0,47.6353,-122.353,2200,4080,9480,6280,3480,0,0
3,2.5,2850,12593,2,0,0,3,9,2850,0,47.2848,-122.345,2850,9435,15443,12285,2850,17,17
3,1.75,2300,43560,1,0,0,4,7,1350,950,47.7716,-122.101,2320,57000,45860,59320,2300,35,35
2,1.5,1440,136778,1,0,0,4,8,1140,300,47.7608,-122.118,1740,21600,138218,23340,1440,59,59
2,1,960,8450,1,0,0,5,6,960,0,47.755,-122.316,1090,8450,9410,9540,960,64,64
3,1.75,2020,215622,2,0,0,4,7,2020,0,47.4189,-122.499,1810,215622,217642,217432,2020,40,40
3,1.75,1540,6909,1,0,0,4,7,920,620,47.7451,-122.313,1130,6908,8449,8038,1540,59,59
3,2.25,1800,9010,1,0,0,3,7,1300,500,47.7722,-122.312,1950,10240,10810,12190,1800,40,40
2,1,1350,3880,1,0,0,3,6,950,400,47.6842,-122.344,1670,3920,5230,5590,1350,88,88
4,2.5,2150,3721,2,0,0,3,8,2150,0,47.3363,-122.215,2150,3721,5871,5871,2150,8,8
4,3.5,3370,5638,2,0,0,3,10,2250,1120,47.7196,-122.223,3080,7200,9008,10280,3370,13,13
3,1,1150,35415,1,0,0,4,7,1010,140,47.5974,-122.129,2460,11781,36565,14241,1150,64,64
2,1.5,1090,4013,1,0,0,3,7,1090,0,47.6652,-122.338,1390,4013,5103,5403,1090,114,114
2,1.75,1740,5400,1,0,0,4,7,990,750,47.6971,-122.282,1980,5400,7140,7380,1740,68,68
4,1,1310,5200,1,0,0,3,6,1160,150,47.5384,-122.37,1090,5180,6510,6270,1310,69,69
4,2.5,3691,11088,2,0,1,3,8,3691,0,47.6122,-122.059,3190,11270,14779,14460,3691,1,1
3,2.5,2250,10171,2,0,0,3,9,2250,0,47.5613,-122.11,2440,13390,12421,15830,2250,28,28
4,2.5,2520,3980,2,0,0,3,8,2520,0,47.5401,-122.07,2610,3980,6500,6590,2520,9,9
3,1.75,1320,7280,1,0,0,3,7,1320,0,47.7229,-122.18,1370,7800,8600,9170,1320,47,47
5,1.5,1720,4000,1,0,0,3,7,1520,200,47.6197,-122.287,2280,4000,5720,6280,1720,90,90
4,2.5,3000,5548,2,0,0,3,9,3000,0,47.5399,-122.188,2870,5000,8548,7870,3000,8,8
4,4,3610,12811,2,0,0,3,10,3610,0,47.5812,-121.993,3530,11783,16421,15313,3610,14,14
4,2.5,3560,6187,2,0,0,3,9,3560,0,47.5593,-122.016,3190,6981,9747,10171,3560,11,11
3,1,1240,239144,1,0,0,3,6,1240,0,47.4303,-122.046,1990,109335,240384,111325,1240,93,22
4,1.75,2290,7765,1,0,0,3,6,2290,0,47.4997,-122.353,1240,8215,10055,9455,2290,78,61
4,2.5,2250,6064,2,0,0,3,8,2250,0,47.4956,-122.174,1520,7840,8314,9360,2250,10,10
3,2.25,2040,435600,2,0,2,4,7,2040,0,47.2328,-121.945,2020,223027,437640,225047,2040,31,31
3,2,1160,6120,1,0,0,3,7,1160,0,47.6853,-122.293,1150,5100,7280,6250,1160,68,68
3,2.5,1740,22089,1,0,0,4,8,1130,610,47.3948,-122.435,2000,24925,23829,26925,1740,38,38
3,2.25,1870,1900,3,0,0,3,8,1870,0,47.6537,-122.34,1690,1694,3770,3384,1870,6,6
2,1,1060,5200,1,0,0,3,6,1060,0,47.3688,-122.08,910,5200,6260,6110,1060,46,46
3,1.5,900,8690,1,0,0,5,6,900,0,47.5751,-122.393,1000,6150,9590,7150,900,73,73
5,1.75,1950,8720,1,0,0,3,7,1050,900,47.3381,-122.289,1660,8030,10670,9690,1950,53,53
3,2,3000,17800,1,0,0,3,8,1500,1500,47.7058,-122.315,2400,8300,20800,10700,3000,52,52
3,2.5,1890,4808,2,0,0,3,8,1890,0,47.5348,-121.866,2460,5348,6698,7808,1890,15,15
3,2.5,2780,5467,2,0,2,3,9,2780,0,47.5791,-122.378,2630,5000,8247,7630,2780,14,14
3,2.5,2250,9608,2,0,0,3,8,2250,0,47.4865,-121.802,2020,9834,11858,11854,2250,21,21
3,1.75,2770,15232,1,0,0,3,8,1570,1200,47.5706,-122.16,2340,11400,18002,13740,2770,39,39
2,1,1260,5100,1,0,0,4,7,1120,140,47.6805,-122.384,1260,5100,6360,6360,1260,89,89
4,2.5,3000,6892,2,0,0,3,8,3000,0,47.7623,-122.165,3000,6589,9892,9589,3000,10,10
4,1,1320,4440,1,0,0,3,7,1320,0,47.6145,-122.295,1260,4440,5760,5700,1320,85,85
4,4,2850,2970,2,0,0,3,8,2120,730,47.547,-122.01,2380,3559,5820,5939,2850,15,15
3,1,1630,6009,1,0,3,4,8,1630,0,47.693,-122.383,2120,6009,7639,8129,1630,60,60
4,3,2560,5606,2,0,0,3,9,2560,0,47.3274,-122.178,2667,7334,8166,10001,2560,10,10
3,1.75,2120,5000,2,0,0,3,7,1980,140,47.6666,-122.331,2020,5000,7120,7020,2120,94,4
2,1,1190,6967,1,0,0,3,7,1190,0,47.5896,-122.243,1700,6968,8157,8668,1190,68,68
2,1.75,1640,4176,1,0,0,4,7,1040,600,47.5162,-122.26,1460,5200,5816,6660,1640,66,66
4,2.75,2440,15349,2,0,1,4,7,2440,0,47.4117,-122.333,2280,9250,17789,11530,2440,57,57
3,2,1740,18000,1,0,0,3,7,1230,510,47.7397,-122.242,1740,11250,19740,12990,1740,25,25
0,0.75,384,213444,1,0,0,3,4,384,0,47.4177,-122.491,1920,224341,213828,226261,384,11,11
3,2.5,2780,6000,2,0,0,3,9,2780,0,47.4569,-122.118,1940,3466,8780,5406,2780,11,11
4,1,1980,10350,1,0,0,4,7,1430,550,47.5226,-122.045,1890,13140,12330,15030,1980,46,46
2,1,900,13531,1,0,0,3,6,900,0,47.2616,-122.251,1767,8308,14431,10075,900,35,35
4,3.5,3930,39098,2,0,0,3,12,3930,0,47.6399,-122.158,4250,38682,43028,42932,3930,15,15
5,4.5,2120,8944,2,1,4,5,8,2120,0,47.5488,-122.197,2870,8944,11064,11814,2120,75,51
2,1,780,3910,1,0,0,3,6,780,0,47.566,-122.38,1500,5060,4690,6560,780,96,96
3,2.75,2200,7000,1,0,0,4,7,1280,920,47.4574,-122.169,1670,7000,9200,8670,2200,37,37
3,2.5,1484,1761,3,0,0,3,7,1484,0,47.6844,-122.317,1484,4320,3245,5804,1484,11,11
2,1,1150,15000,1,0,0,3,6,1060,90,47.4935,-122.316,1350,15000,16150,16350,1150,84,1
4,2.25,2550,7650,2,0,2,4,9,2550,0,47.5296,-122.342,2550,7650,10200,10200,2550,19,19
2,2,1580,5750,1,0,0,5,6,790,790,47.5668,-122.384,1580,5750,7330,7330,1580,104,104
3,2.5,2120,4500,2,0,0,3,7,2120,0,47.5322,-121.88,2530,4816,6620,7346,2120,14,14
7,3.5,2870,29699,1,0,0,3,7,1520,1350,47.7153,-122.327,1380,7555,32569,8935,2870,53,53
2,2.25,1910,108900,1,0,0,4,7,1010,900,47.4206,-122.023,2050,108900,110810,110950,1910,43,43
4,2.75,2610,8760,1,0,0,4,8,1760,850,47.5875,-122.229,2550,10376,11370,12926,2610,36,36
5,4.75,3940,7067,2,0,0,3,10,3230,710,47.6232,-122.205,1910,7735,11007,9645,3940,6,6
2,1,830,4000,1,0,0,4,6,830,0,47.6909,-122.381,1420,4000,4830,5420,830,68,68
3,2,1360,5980,1,0,0,3,8,1360,0,47.5852,-122.388,1520,4440,7340,5960,1360,69,6
3,1,1790,6000,1,0,0,2,8,1790,0,47.5448,-122.32,1060,4000,7790,5060,1790,77,77
7,2.5,1940,5458,2,0,0,3,7,1940,0,47.3191,-122.177,1710,5688,7398,7398,1940,20,20
3,2.5,2080,4307,2,0,0,3,7,2080,0,47.53,-121.848,2080,4947,6387,7027,2080,10,10
4,2.5,2550,5835,2,0,0,3,8,2550,0,47.5373,-121.87,2420,5817,8385,8237,2550,16,16
4,2.5,1700,6675,2,0,0,3,7,1700,0,47.3638,-122.053,1570,7540,8375,9110,1700,17,17
3,3,2480,45302,1,0,0,4,8,1620,860,47.7591,-122.073,1260,14100,47782,15360,2480,38,38
3,2.25,1430,1383,3,0,0,3,8,1430,0,47.6917,-122.341,1430,1347,2813,2777,1430,9,9
2,3.25,2700,3444,3,1,3,3,9,2700,0,47.5684,-122.06,2710,3444,6144,6154,2700,24,24
2,1,990,3000,1,0,0,4,6,990,0,47.6839,-122.345,1120,3000,3990,4120,990,96,96
3,1.75,1040,9000,1,0,0,4,7,1040,0,47.5253,-122.043,1750,10878,10040,12628,1040,47,47
3,1.5,1250,7700,1,0,0,5,7,1250,0,47.5383,-122.178,1430,7700,8950,9130,1250,46,46
2,2,2160,35183,1,0,0,3,9,2160,0,47.312,-122.115,2450,34992,37343,37442,2160,29,29
4,3,2600,29539,1,0,0,3,8,2600,0,47.746,-122.231,1810,11600,32139,13410,2600,21,21
3,1.75,2150,2527,2,0,0,4,8,1400,750,47.6629,-122.329,1610,3663,4677,5273,2150,108,108
3,1,960,12527,1,0,0,3,7,960,0,47.6891,-122.203,1220,7579,13487,8799,960,43,43
3,1.75,2010,6150,2,0,0,5,7,2010,0,47.4975,-122.231,1770,7380,8160,9150,2010,75,75
4,2.5,3630,42884,1,0,0,3,9,2300,1330,47.2617,-122.19,2830,80148,46514,82978,3630,35,35
3,2.5,2330,15536,1,0,2,3,10,2330,0,47.655,-122.087,3320,17461,17866,20781,2330,18,18
1,1,720,5100,1,0,0,3,6,720,0,47.6821,-122.38,1320,5100,5820,6420,720,107,107
3,2.75,1960,6390,1,0,2,5,8,1960,0,47.6032,-122.285,2440,5870,8350,8310,1960,114,114
4,2.25,2220,36085,2,0,0,3,9,2220,0,47.5839,-121.991,3000,36906,38305,39906,2220,25,25
2,1,830,7609,1,0,0,3,6,830,0,47.5057,-122.348,1170,7609,8439,8779,830,71,71
2,1.75,1900,5175,1,0,0,3,7,1200,700,47.5689,-122.386,1370,5175,7075,6545,1900,95,95
3,1,1010,5400,1,0,0,3,6,1010,0,47.5746,-122.293,960,5400,6410,6360,1010,55,55
4,2.5,2260,9686,1,0,0,4,7,1520,740,47.286,-122.218,1750,9916,11946,11666,2260,49,49
4,2.5,2500,7417,2,0,0,3,9,2500,0,47.6251,-122.026,2770,8188,9917,10958,2500,23,23
3,1.75,1610,12247,1,0,0,3,8,1610,0,47.4476,-122.124,2010,9271,13857,11281,1610,33,33
3,2.25,1990,8501,2,0,0,3,8,1990,0,47.5707,-121.996,2090,6459,10491,8549,1990,23,23
2,1,1200,4000,1,0,0,3,7,1070,130,47.5766,-122.378,1770,4000,5200,5770,1200,74,74
2,1,880,4558,1,0,0,3,7,880,0,47.6803,-122.287,1370,5243,5438,6613,880,63,63
5,3,4180,8561,2,0,0,3,7,4180,0,47.6833,-122.04,3425,6591,12741,10016,4180,11,11
3,1,1180,2250,1,0,0,3,7,1180,0,47.6779,-122.377,1320,5100,3430,6420,1180,113,113
3,1.5,1460,13503,1,0,0,4,6,1460,0,47.3119,-122.015,1460,13394,14963,14854,1460,38,38
3,1,1150,4945,1,0,2,3,7,1150,0,47.5663,-122.379,1390,4945,6095,6335,1150,71,71
2,2.5,1460,1296,2,0,0,3,8,1160,300,47.5923,-122.296,1460,1296,2756,2756,1460,6,6
4,3,3370,100681,1,0,0,5,8,1920,1450,47.4319,-122.148,2440,43705,104051,46145,3370,37,37
3,1.5,1890,5000,1,0,0,3,9,1890,0,47.6312,-122.353,2560,5000,6890,7560,1890,85,85
4,2.5,2790,6538,2,0,0,3,9,2790,0,47.5349,-122.066,2990,6538,9328,9528,2790,12,12
3,1,1160,4360,1,0,0,4,8,1160,0,47.6718,-122.291,1810,4360,5520,6170,1160,85,85
2,1,1140,10152,1,0,0,3,6,760,380,47.7369,-122.321,1340,10141,11292,11481,1140,73,73
5,2.25,3320,13138,1,0,2,4,9,1900,1420,47.759,-122.269,2820,13138,16458,15958,3320,51,51
4,2.5,2740,8120,2,0,0,3,9,2740,0,47.6123,-122.006,2780,8344,10860,11124,2740,15,15
3,2.5,2730,7372,2,0,0,3,9,2730,0,47.2831,-122.346,2710,8343,10102,11053,2730,17,17
1,1,850,8050,1,0,0,2,6,850,0,47.5427,-122.288,1590,5180,8900,6770,850,109,109
2,1.5,1760,12000,1,0,0,4,7,1760,0,47.6288,-122.109,2200,12088,13760,14288,1760,50,50
3,2.5,2110,3600,2,0,0,3,9,2110,0,47.665,-122.082,2540,4384,5710,6924,2110,9,9
4,3.25,3990,18115,2,0,0,4,11,3990,0,47.6177,-122.229,3450,16087,22105,19537,3990,25,25
4,3.25,2820,6611,1,0,0,3,7,1410,1410,47.7473,-122.285,2320,6611,9431,8931,2820,56,56
2,1.5,2370,184231,2,0,0,3,11,2370,0,47.4543,-121.778,3860,151081,186601,154941,2370,9,9
3,2.5,2850,11535,1,0,1,3,8,1680,1170,47.748,-122.288,2670,9942,14385,12612,2850,62,6
2,1,1240,5500,1,0,0,3,6,1240,0,47.5257,-122.263,1520,5500,6740,7020,1240,94,94
3,2.5,1600,3073,3,0,0,3,8,1600,0,47.5934,-122.298,1130,2921,4673,4051,1600,6,6
3,1.75,1830,17349,1,0,0,3,8,1230,600,47.7427,-122.109,1840,11694,19179,13534,1830,38,38
4,2.25,1890,8549,1,0,0,3,8,1890,0,47.6328,-122.117,1940,7210,10439,9150,1890,47,47
5,1.75,1770,15525,1,0,0,4,7,1770,0,47.5025,-122.142,1370,10395,17295,11765,1770,55,55
3,1,1160,18055,1,0,0,2,5,1160,0,47.4772,-122.269,1340,10324,19215,11664,1160,64,64
3,1,910,6630,1,0,0,4,6,910,0,47.6947,-122.346,950,5100,7540,6050,910,103,103
5,1.75,2120,8625,1,0,0,3,7,1200,920,47.6118,-122.131,1930,8625,10745,10555,2120,55,55
4,2.25,2500,4046,1,0,0,4,7,1520,980,47.6882,-122.382,1410,4046,6546,5456,2500,74,74
3,2.25,1620,8701,1,0,0,3,7,1220,400,47.6071,-122.137,1600,7910,10321,9510,1620,52,52
2,1,880,3000,1,0,0,3,6,880,0,47.6749,-122.323,890,3000,3880,3890,880,91,91
3,1.75,1930,213008,1,0,2,3,7,1300,630,47.6751,-121.993,2860,208652,214938,211512,1930,34,34
3,1.75,1700,9840,1,0,0,4,8,1200,500,47.5192,-122.046,2040,14169,11540,16209,1700,39,39
3,1.75,1330,16000,1,0,0,3,7,1330,0,47.28,-122.257,1330,14374,17330,15704,1330,36,36
3,2.5,1940,14952,2,0,0,3,8,1940,0,47.3777,-122.165,2030,10450,16892,12480,1940,20,20
4,2.25,1800,8623,1,0,0,4,8,1360,440,47.692,-122.184,2370,8623,10423,10993,1800,34,34
2,2.25,1330,806,3,0,0,3,8,1330,0,47.6904,-122.395,1320,1389,2136,2709,1330,6,6
3,2.5,2370,10968,2,0,0,4,9,2370,0,47.6679,-122.172,2380,8144,13338,10524,2370,30,30
2,2.25,1280,835,2,0,0,3,7,1080,200,47.5592,-122.284,1280,1246,2115,2526,1280,5,5
3,1,1080,7486,1,0,0,3,6,990,90,47.4838,-122.335,1170,7800,8566,8970,1080,73,73
3,3,2400,3192,2,0,0,3,7,2400,0,47.6963,-122.348,1360,3192,5592,4552,2400,23,23
3,1,990,10723,1,0,0,5,7,990,0,47.4887,-122.133,1460,10723,11713,12183,990,54,54
4,2.75,3330,9143,2,0,0,4,10,3330,0,47.6821,-122.19,2390,9143,12473,11533,3330,19,19
4,2.75,2840,4864,3,0,0,3,9,2840,0,47.7103,-122.108,2990,5314,7704,8304,2840,0,0
5,3,4290,20445,2,0,0,4,11,4290,0,47.6217,-122.239,3620,22325,24735,25945,4290,29,29
3,2.5,1600,6250,2,0,0,3,7,1600,0,47.3675,-122.02,1760,6110,7850,7870,1600,20,20
4,2,2030,8426,2,0,0,3,7,2030,0,47.4806,-122.287,1190,7007,10456,8197,2030,70,70
4,2.5,3050,8000,2,0,0,3,9,3050,0,47.7465,-122.231,1910,8000,11050,9910,3050,7,7
3,4.5,3950,6134,2,0,3,3,11,2880,1070,47.6413,-122.405,3050,5281,10084,8331,3950,16,16
4,2.5,2290,9120,2,0,0,4,8,2290,0,47.5613,-122.128,2290,9120,11410,11410,2290,37,37
3,1.5,1870,15685,1,0,0,3,7,1470,400,47.723,-122.353,1340,7620,17555,8960,1870,79,79
3,2.5,2070,8337,2,0,0,3,8,2070,0,47.3658,-122.176,2030,7248,10407,9278,2070,17,17
2,1,710,7120,1,0,0,5,6,710,0,47.5122,-122.374,1100,7020,7830,8120,710,72,72
4,2.5,2290,4450,2,0,0,3,9,2290,0,47.7385,-122.169,2570,5096,6740,7666,2290,10,10
5,3,2260,6508,1,0,0,3,7,1330,930,47.7508,-122.322,1940,9450,8768,11390,2260,11,11
4,1.75,1840,10528,1,0,0,3,7,1210,630,47.2987,-122.385,1620,9331,12368,10951,1840,24,24
2,1,800,4533,1,0,0,3,6,600,200,47.6979,-122.325,1720,6800,5333,8520,800,85,85
4,1.75,2220,6500,2,0,3,4,8,2220,0,47.4519,-122.375,2430,11600,8720,14030,2220,50,50
3,2.5,2230,8296,2,0,0,3,7,2230,0,47.4386,-122.116,2480,5940,10526,8420,2230,11,11
4,2.5,1990,3980,2,0,0,3,7,1990,0,47.4445,-122.17,1990,4373,5970,6363,1990,12,12
6,2.75,2850,15240,1,0,0,3,7,1850,1000,47.5288,-122.345,2090,7620,18090,9710,2850,53,53
3,2.5,1800,3300,2,0,0,3,7,1690,110,47.5491,-122.276,1570,3902,5100,5472,1800,10,10
3,2.5,1840,9900,1,0,0,3,9,1840,0,47.6131,-122.151,2730,9900,11740,12630,1840,36,36
3,2,2360,6149,2,0,3,3,8,1560,800,47.5433,-122.384,2000,6149,8509,8149,2360,88,25
3,1.75,1680,250470,1,0,0,4,7,1070,610,47.7624,-121.93,1680,360000,252150,361680,1680,74,74
2,2.75,1950,1610,3,0,0,3,8,1950,0,47.5925,-122.302,910,1745,3560,2655,1950,5,5
4,1.75,3100,21303,1,0,1,4,9,3100,0,47.5847,-122.081,3480,9697,24403,13177,3100,52,52
4,2.5,2470,5015,2,0,0,3,8,2470,0,47.3457,-122.041,2470,5100,7485,7570,2470,10,10
3,1.5,1400,1091,3,0,0,3,8,1400,0,47.6989,-122.317,1270,1413,2491,2683,1400,7,7
2,1.5,1140,7620,1,0,0,4,6,1140,0,47.5277,-122.351,1300,7620,8760,8920,1140,89,89
1,0.75,780,77603,1,0,0,1,5,780,0,47.4396,-122.104,1750,30847,78383,32597,780,70,70
2,1,770,2500,1,0,0,3,6,770,0,47.7534,-122.172,1500,8286,3270,9786,770,101,54
3,2.5,1680,1620,2,0,0,3,9,1120,560,47.6425,-122.374,1610,1618,3300,3228,1680,1,1
3,1,1160,3700,1,0,0,3,7,1160,0,47.5651,-122.359,1340,3750,4860,5090,1160,105,105
4,1.5,1260,7248,1,0,0,5,7,1260,0,47.433,-122.292,1300,7732,8508,9032,1260,59,59
3,1.75,2100,29735,1,0,0,4,7,1080,1020,47.7622,-122.302,2100,11250,31835,13350,2100,57,57
5,3.5,4220,26784,1,0,0,3,10,2110,2110,47.6003,-122.206,3450,33945,31004,37395,4220,56,8
2,1,1050,2699,1,0,0,3,7,1050,0,47.5471,-121.996,1240,2671,3749,3911,1050,10,10
4,2.5,2270,8391,2,0,0,3,8,2270,0,47.574,-122.013,2420,8391,10661,10811,2270,27,27
4,2.5,1980,5000,2,0,0,3,8,1980,0,47.6492,-121.908,1400,8500,6980,9900,1980,7,7
5,2.75,1510,5700,2,0,1,4,7,1510,0,47.6653,-122.27,2190,5700,7210,7890,1510,69,69
4,2.5,2440,6581,2,0,0,3,8,2440,0,47.7321,-122.334,1480,7432,9021,8912,2440,1,1
4,2.25,1940,9144,1,0,0,4,7,1430,510,47.5942,-122.135,1460,9437,11084,10897,1940,58,58
3,2,1690,6790,1,0,0,3,7,1360,330,47.2981,-122.38,1740,6790,8480,8530,1690,35,35
3,1.75,1060,38644,1,0,0,3,7,1060,0,47.7442,-122.072,1310,11416,39704,12726,1060,31,31
3,2.75,2390,7939,1,0,0,5,7,1610,780,47.4987,-122.166,1920,7939,10329,9859,2390,31,31
3,1,1200,6628,1,0,0,4,7,1200,0,47.7367,-122.319,1330,6768,7828,8098,1200,62,62
3,2.25,1780,3665,2,0,0,3,8,1780,0,47.5495,-121.997,1770,3669,5445,5439,1780,11,11
3,1.75,1330,10523,1,0,0,3,7,1000,330,47.4605,-122.206,1320,8775,11853,10095,1330,33,33
4,3.5,4080,10666,2,0,0,3,9,4080,0,47.6818,-122.023,3920,8154,14746,12074,4080,9,9
3,2.5,1350,874,3,0,0,3,8,1270,80,47.5491,-122.387,1350,886,2224,2236,1350,9,9
4,3,4190,8805,2,0,2,5,9,3490,700,47.6181,-122.284,3780,8558,12995,12338,4190,86,86
5,2.25,2780,10192,2,0,0,4,9,2780,0,47.6134,-122.152,2740,9900,12972,12640,2780,36,36
5,2.5,2570,17234,1,0,0,3,7,1300,1270,47.7753,-122.355,1760,7969,19804,9729,2570,56,56
3,1,880,19600,1,0,0,4,7,880,0,47.2707,-122.34,880,10500,20480,11380,880,36,36
3,2,1270,10713,1,0,0,4,7,1270,0,47.7247,-122.181,1620,8250,11983,9870,1270,46,46
3,2.25,1770,8755,1,0,0,3,8,1330,440,47.4464,-122.123,1910,8710,10525,10620,1770,33,33
3,1.75,1720,7800,1,0,0,4,7,1170,550,47.6928,-122.125,1760,7276,9520,9036,1720,36,36
4,2.5,2330,45860,2,0,0,3,9,2330,0,47.5842,-121.992,2930,5020,48190,7950,2330,25,25
4,1.75,2010,9211,1,0,0,3,7,1470,540,47.7206,-122.171,1840,8500,11221,10340,2010,37,37
5,3.5,2780,3583,2,0,0,3,8,2180,600,47.4879,-122.152,2640,3850,6363,6490,2780,10,10
3,1,1830,4400,1,0,0,4,8,1720,110,47.6052,-122.3,1650,4400,6230,6050,1830,85,85
3,1,1300,8284,1,0,0,3,7,1300,0,47.3327,-122.306,1360,7848,9584,9208,1300,47,47
4,1.75,2100,4750,1,0,0,3,7,1340,760,47.6695,-122.333,1700,4125,6850,5825,2100,39,39
3,1,940,2366,1,0,0,3,6,940,0,47.6744,-122.383,1500,5000,3306,6500,940,99,99
4,2.5,3350,46748,2,0,0,3,10,3350,0,47.3432,-122.025,3350,39683,50098,43033,3350,10,10
3,2.5,2290,6302,2,0,0,3,9,2290,0,47.435,-122.107,2700,7500,8592,10200,2290,18,18
2,1.5,1140,2500,1,0,1,3,7,630,510,47.5707,-122.359,1500,5000,3640,6500,1140,27,27
4,2,2380,6122,1,0,2,4,8,1310,1070,47.6506,-122.405,1810,5202,8502,7012,2380,66,66
3,2.5,2940,4799,1,0,0,3,9,1710,1230,47.6681,-122.184,2540,4616,7739,7156,2940,18,18
1,0.75,930,6600,1,0,0,3,6,930,0,47.7127,-122.296,1590,6600,7530,8190,930,91,91
4,4.25,4960,6000,2,0,0,3,11,3680,1280,47.6437,-122.356,2160,4080,10960,6240,4960,105,11
4,1.5,1310,8250,1,0,0,3,7,1060,250,47.425,-122.332,1260,8255,9560,9515,1310,61,61
4,1.75,1880,7632,1,0,0,4,7,1180,700,47.3068,-122.372,1840,8528,9512,10368,1880,36,36
3,2.5,2570,10431,2,0,0,3,9,2570,0,47.4188,-122.213,2590,10078,13001,12668,2570,25,25
3,1,1150,10000,1,0,0,3,6,1000,150,47.5075,-122.262,1340,10000,11150,11340,1150,63,63
3,1.75,1560,242629,1,0,0,3,7,1560,0,47.6493,-121.956,2320,220654,244189,222974,1560,34,34
4,2.75,2090,8064,2,0,0,5,7,2090,0,47.6829,-122.195,1460,8400,10154,9860,2090,47,47
3,1.75,2519,8690,2,0,0,5,8,2519,0,47.4428,-122.344,2500,9500,11209,12000,2519,41,41
2,1,1380,5000,1,0,0,3,7,870,510,47.5339,-122.293,1450,5000,6380,6450,1380,71,71
4,1.75,1680,15084,1,0,0,4,7,840,840,47.6895,-121.912,1800,15092,16764,16892,1680,35,35
2,1,890,6095,1,0,0,3,7,890,0,47.6823,-122.298,1450,5985,6985,7435,890,68,68
3,1.75,1580,7416,1,0,0,3,7,1150,430,47.6056,-122.173,1730,7416,8996,9146,1580,47,47
4,2.75,3280,6845,2,0,0,3,10,3280,0,47.7042,-122.107,3280,7467,10125,10747,3280,11,11
3,2.25,1690,12662,1,0,0,5,7,1090,600,47.4972,-122.264,1950,9642,14352,11592,1690,33,33
3,1.75,1920,8775,1,0,0,3,7,1920,0,47.4544,-122.351,1560,8100,10695,9660,1920,61,61
4,2,2480,3680,1,0,0,4,7,1470,1010,47.5686,-122.392,1500,5750,6160,7250,2480,99,99
4,2.25,1980,15086,2,0,0,3,8,1980,0,47.647,-122.064,2100,10927,17066,13027,1980,33,33
3,1,980,8000,1,0,0,4,6,980,0,47.42,-122.317,1240,8000,8980,9240,980,61,61
3,1,1630,16393,1,0,0,3,7,1630,0,47.6576,-122.186,1880,23497,18023,25377,1630,45,45
4,2.5,2780,13521,2,0,0,3,10,2780,0,47.6374,-122.042,2980,11454,16301,14434,2780,27,27
3,1,1020,13504,1,0,0,5,7,1020,0,47.5121,-122.17,1110,11158,14524,12268,1020,56,56
4,2,1480,3132,1,0,0,5,6,740,740,47.55,-122.312,1480,6420,4612,7900,1480,104,104
4,1.5,1770,6014,1,0,0,4,7,1240,530,47.5773,-122.393,1740,6014,7784,7754,1770,68,68
4,1.75,2570,12039,1,0,0,3,8,1910,660,47.626,-122.048,2200,12384,14609,14584,2570,36,36
3,1,1270,7400,1,0,2,4,7,1270,0,47.4831,-122.191,1800,7400,8670,9200,1270,58,58
5,3.5,2880,10000,2,0,3,3,8,1980,900,47.4874,-122.223,2120,9535,12880,11655,2880,24,24
3,2.25,2100,8163,2,0,0,3,7,2100,0,47.3336,-122.269,1410,7515,10263,8925,2100,30,30
2,1,700,3000,1,0,0,4,6,700,0,47.6846,-122.346,1560,4500,3700,6060,700,96,96
4,3,4370,217882,2,0,0,3,10,4370,0,47.6573,-122.034,2430,35096,222252,37526,4370,30,30
3,1.5,1110,1150,2,0,0,3,8,940,170,47.5929,-122.306,1380,1751,2260,3131,1110,8,8
3,2.25,1840,11403,2,0,0,3,8,1840,0,47.4862,-121.797,2150,11403,13243,13553,1840,21,21
5,2.5,2880,9000,1,0,0,5,8,1440,1440,47.5456,-122.179,2010,9000,11880,11010,2880,48,48
3,1,1460,8290,1,0,0,3,8,1460,0,47.7246,-122.3,1470,8290,9750,9760,1460,55,55
2,1.5,1270,32175,1,0,0,4,7,1270,0,47.3347,-122.304,1270,10200,33445,11470,1270,68,68
3,2.5,2360,4080,2,0,0,3,7,2360,0,47.6825,-122.038,2290,4080,6440,6370,2360,11,11
3,2.25,1920,9672,2,0,0,4,8,1920,0,47.6233,-122.046,1950,10125,11592,12075,1920,31,31
3,2.25,2230,10026,1,0,0,3,8,1430,800,47.6647,-122.153,2230,9340,12256,11570,2230,39,39
3,1.75,1710,8767,1,0,0,4,8,1710,0,47.6945,-122.188,2050,9200,10477,11250,1710,28,28
4,2.5,2130,4467,2,0,0,3,8,2130,0,47.5108,-122.363,1830,8160,6597,9990,2130,1,1
4,3.5,3510,11200,2,0,0,3,11,3510,0,47.5193,-122.15,3600,12124,14710,15724,3510,13,13
3,2.25,3190,324086,2,0,2,3,9,3190,0,47.5477,-121.93,3190,217800,327276,220990,3190,32,32
4,2.5,2620,9525,2,0,0,4,9,2620,0,47.5631,-122.219,2580,9525,12145,12105,2620,40,40
3,1,1060,9954,1,0,0,4,7,1060,0,47.3801,-122.289,1620,8760,11014,10380,1060,54,54
3,2.75,1050,7200,1,0,0,3,7,1050,0,47.7163,-122.303,1860,9000,8250,10860,1050,29,29
2,1,1310,2814,1,0,0,3,6,810,500,47.5185,-122.376,1300,1344,4124,2644,1310,71,71
4,1,1000,7134,1,0,0,3,6,1000,0,47.4897,-122.24,1020,7138,8134,8158,1000,71,71
3,1.5,1370,7439,1,0,0,4,6,1370,0,47.4499,-122.189,2350,3370,8809,5720,1370,52,52
4,3,3560,4000,3,0,2,3,9,2970,590,47.6265,-122.3,1190,4000,7560,5190,3560,18,18
1,1,660,2600,1,0,0,3,6,660,0,47.5723,-122.304,1560,5445,3260,7005,660,96,96
1,2.5,1980,7521,1,0,0,4,7,1180,800,47.4343,-122.192,1980,8000,9501,9980,1980,36,36
4,4.5,5420,101930,1,0,0,3,11,3890,1530,47.6561,-122.005,4760,101930,107350,106690,5420,13,13
2,1,740,6180,1,0,0,3,6,740,0,47.5517,-122.272,1330,4635,6920,5965,740,66,66
4,3.5,3845,8400,2,0,0,3,10,3845,0,47.6354,-122.198,1710,8400,12245,10110,3845,1,1
3,1,1150,10132,1,0,0,4,7,1150,0,47.3172,-122.372,1180,8713,11282,9893,1150,45,45
2,2.5,2305,5580,1,0,0,3,8,2305,0,47.7203,-122.024,1440,5748,7885,7188,2305,8,8
3,1.75,1920,4500,1,0,0,5,7,960,960,47.6645,-122.357,1190,4000,6420,5190,1920,90,90
5,3.25,3860,9387,2,0,2,3,9,3860,0,47.538,-121.858,3860,8979,13247,12839,3860,9,9
3,2.75,2500,7378,1,0,0,5,7,1390,1110,47.7032,-122.37,2040,7140,9878,9180,2500,66,66
3,1.75,1960,8136,1,0,0,3,7,980,980,47.5208,-122.364,1070,7480,10096,8550,1960,66,66
3,1,950,7620,1,0,0,3,6,950,0,47.5178,-122.346,1260,7620,8570,8880,950,60,60
3,2.5,1830,12750,2,0,0,3,7,1830,0,47.5003,-122.328,1610,10000,14580,11610,1830,23,23
5,2.5,2880,6902,1,0,0,3,8,1680,1200,47.4332,-122.144,2080,5586,9782,7666,2880,38,7
3,1,1710,5992,1,0,0,4,7,1560,150,47.6861,-122.354,1240,3001,7702,4241,1710,86,86
3,1,1400,7800,1,0,0,3,7,1400,0,47.4789,-122.159,1400,7800,9200,9200,1400,52,52
5,2.25,2000,7900,1,0,0,4,7,1300,700,47.4291,-122.292,2000,9132,9900,11132,2000,28,28
5,3.75,3630,6000,1,0,0,3,9,2470,1160,47.6816,-122.199,2560,7560,9630,10120,3630,10,10
4,3,2020,4300,1,0,0,3,6,2020,0,47.6653,-122.372,1290,3440,6320,4730,2020,115,115
4,1.75,2700,27072,1,0,0,3,7,1380,1320,47.2877,-122.293,2460,34850,29772,37310,2700,56,56
4,2.5,1630,5361,2,0,0,3,7,1630,0,47.5704,-122.294,1920,5046,6991,6966,1630,15,15
3,1,1050,9876,1,0,0,3,7,1050,0,47.7635,-122.262,1760,9403,10926,11163,1050,61,61
3,2.25,1810,8262,2,0,0,4,8,1810,0,47.2994,-122.37,1820,8262,10072,10082,1810,34,34
4,2.75,2660,9547,1,0,1,3,8,1930,730,47.616,-122.218,2410,10001,12207,12411,2660,46,8
4,2.5,4340,141570,2,0,0,3,11,4340,0,47.6805,-122.048,2720,97138,145910,99858,4340,22,22
3,1.75,1650,7276,1,0,4,4,7,1150,500,47.6989,-122.399,2300,8088,8926,10388,1650,87,87
2,1,1170,10621,1,0,0,3,7,1170,0,47.497,-121.78,1340,9832,11791,11172,1170,51,51
4,3.25,4700,38412,2,0,0,3,10,3420,1280,47.6445,-122.167,3640,35571,43112,39211,4700,36,36
5,2.5,3190,8160,2,0,0,3,9,3190,0,47.7246,-122.363,1650,8160,11350,9810,3190,0,0
3,2.25,2370,38639,1,0,0,3,8,1930,440,47.771,-122.099,2900,37452,41009,40352,2370,37,37
3,2.5,2320,52272,1,0,0,3,8,2320,0,47.587,-122.068,2200,52272,54592,54472,2320,40,40
8,3.75,3460,4600,2,0,0,3,7,2860,600,47.6617,-122.289,2170,3750,8060,5920,3460,27,27
4,1.75,2800,90169,2,0,0,3,7,2800,0,47.5204,-121.829,1600,27194,92969,28794,2800,80,29
4,2,1480,15000,1,0,0,4,7,1480,0,47.4312,-122.196,1450,8768,16480,10218,1480,57,57
3,1.75,2140,3584,1,0,0,3,7,1070,1070,47.636,-122.391,1620,4000,5724,5620,2140,62,62
2,1,960,8100,1,0,0,3,6,810,150,47.494,-122.304,960,12150,9060,13110,960,78,78
3,1.75,1600,8400,1,0,0,5,8,1600,0,47.5479,-122.179,2210,8400,10000,10610,1600,51,51
3,1,930,7590,1,0,0,3,6,820,110,47.4802,-122.335,1220,7590,8520,8810,930,72,72
4,2.5,1800,9229,2,0,0,3,7,1800,0,47.1927,-122.015,1970,9231,11029,11201,1800,21,21
4,1.75,1830,29110,2,0,0,3,8,1230,600,47.5449,-122.215,3630,16488,30940,20118,1830,24,24
4,2.5,3650,8354,1,1,4,3,9,1830,1820,47.6338,-122.072,3120,18841,12004,21961,3650,14,14
3,2.75,2180,3703,2,0,0,3,8,2180,0,47.776,-122.169,2190,3963,5883,6153,2180,10,10
1,1,720,7540,1,1,4,4,6,720,0,47.3509,-122.323,1120,9736,8260,10856,720,110,110
4,2.5,3500,7519,2,0,0,3,9,3500,0,47.6799,-122.024,3920,7982,11019,11902,3500,10,10
2,1,1110,3200,1,0,0,3,7,1110,0,47.6338,-122.358,1170,3600,4310,4770,1110,89,89
3,2.5,2320,219978,2,0,0,4,8,2320,0,47.6847,-122.064,2340,88862,222298,91202,2320,21,21
5,4,3040,6000,2,0,0,3,8,2280,760,47.5189,-121.876,3070,5558,9040,8628,3040,4,4
4,2.5,3030,8335,2,0,0,3,10,3030,0,47.578,-122.056,2850,8678,11365,11528,3030,23,23
3,2.5,1960,4400,2,0,0,3,7,1960,0,47.5384,-121.889,2060,4400,6360,6460,1960,8,8
1,1.5,1180,1688,2,0,0,3,8,1070,110,47.549,-122.372,1380,2059,2868,3439,1180,8,8
3,1,1010,8184,1,0,0,4,6,1010,0,47.7416,-122.319,1010,8184,9194,9194,1010,67,67
3,1.75,1560,26099,1,0,3,4,8,1560,0,47.5023,-122.467,1760,19687,27659,21447,1560,42,42
2,1,880,2970,1,0,0,3,7,880,0,47.6868,-122.349,1370,3060,3850,4430,880,88,88
4,2.75,2890,4000,1,0,0,4,9,2190,700,47.6419,-122.351,2280,4000,6890,6280,2890,84,84
5,3.5,3580,21343,1,0,0,4,8,2140,1440,47.7646,-122.302,2430,21343,24923,23773,3580,77,77
3,2,2040,4841,1,0,0,4,7,1020,1020,47.6778,-122.302,1600,4841,6881,6441,2040,65,65
3,2.5,2280,4557,2,0,0,3,8,2280,0,47.7733,-122.266,2070,4610,6837,6680,2280,4,4
3,2,1490,8847,1,0,0,4,7,1490,0,47.7639,-122.363,1640,7572,10337,9212,1490,47,47
3,2.5,2190,17108,2,0,0,3,8,2190,0,47.7321,-121.964,2400,14040,19298,16440,2190,23,23
2,1,1220,28703,1,0,0,4,7,1220,0,47.4952,-122.172,2740,6720,29923,9460,1220,62,62
3,2.5,2830,3750,3,0,0,3,10,2830,0,47.6799,-122.385,1780,5000,6580,6780,2830,0,0
4,2.5,3340,6924,2,0,0,3,8,3340,0,47.495,-122.149,3030,6119,10264,9149,3340,6,6
3,2.25,1650,7047,2,0,0,3,7,1650,0,47.3826,-122.027,2010,7763,8697,9773,1650,21,21
4,2.5,2060,7720,2,0,0,3,8,2060,0,47.2956,-122.374,1630,7720,9780,9350,2060,19,19
3,2.5,2140,7641,1,0,0,3,8,1290,850,47.5053,-122.186,2090,8000,9781,10090,2140,35,35
3,1.75,1390,10905,1,0,0,3,6,860,530,47.5517,-122.36,1390,10839,12295,12229,1390,57,57
3,1,1570,2280,2,0,0,3,7,1570,0,47.6413,-122.364,1580,2640,3850,4220,1570,92,92
2,1,820,8370,1,0,0,4,7,820,0,47.7256,-122.361,1410,8370,9190,9780,820,73,73
3,2,1160,13747,1,0,0,5,5,580,580,47.585,-122.051,2961,16320,14907,19281,1160,83,83
2,1,1470,5400,1,0,0,3,8,1470,0,47.6391,-122.36,1760,3573,6870,5333,1470,103,103
2,1,990,5000,1,0,0,3,7,990,0,47.5666,-122.403,2250,6032,5990,8282,990,73,73
4,3,3750,11025,2,0,0,3,10,3750,0,47.6367,-122.059,2930,12835,14775,15765,3750,38,38
3,1,1980,3243,1,0,0,3,8,1980,0,47.6429,-122.327,1380,1249,5223,2629,1980,102,102
2,2,1200,3900,1,0,0,3,8,1200,0,47.72,-122.024,1440,5580,5100,7020,1200,9,9
2,1,670,11505,1,0,0,3,5,670,0,47.499,-122.157,2180,11505,12175,13685,670,12,12
3,1.5,1310,1266,2,0,0,3,8,1120,190,47.5663,-122.408,1310,1378,2576,2688,1310,12,12
5,3,4480,5000,2,0,0,5,12,3420,1060,47.6275,-122.315,3220,5600,9480,8820,4480,112,112
4,1.75,1910,77574,1,0,0,4,8,1910,0,47.3932,-122.12,2130,37026,79484,39156,1910,43,43
3,2.25,2070,9957,1,0,0,3,8,1440,630,47.7766,-122.277,2070,10158,12027,12228,2070,38,38
4,3.75,1980,4095,2,0,0,3,9,1980,0,47.6901,-122.356,1480,3840,6075,5320,1980,5,5
3,2,1790,7212,1,0,0,4,8,1790,0,47.3898,-122.154,2330,7212,9002,9542,1790,17,17
4,3,3590,8249,2,0,0,3,9,3590,0,47.2846,-122.341,2860,7995,11839,10855,3590,17,17
3,1.75,1640,10123,1,0,0,3,8,1340,300,47.7698,-122.167,2210,10852,11763,13062,1640,38,38
2,1,1350,8220,1,0,0,3,7,1060,290,47.7224,-122.358,1540,8280,9570,9820,1350,66,66
3,2.5,2120,9736,2,0,0,3,9,2120,0,47.7374,-122.219,2490,8763,11856,11253,2120,26,26
3,2.25,1400,7205,1,0,0,3,7,1140,260,47.349,-122.166,1970,7252,8605,9222,1400,29,29
3,1.5,1610,13500,1,0,0,3,7,1060,550,47.7674,-122.31,1540,11479,15110,13019,1610,44,44
2,2.5,1380,1073,2,0,0,3,7,1140,240,47.5462,-122.369,1580,2036,2453,3616,1380,3,3
4,2.5,3230,4290,2,0,0,3,9,3230,0,47.6874,-122.161,3220,5083,7520,8303,3230,10,10
3,2.5,3660,39478,2,0,2,4,9,3260,400,47.2413,-121.972,2700,38312,43138,41012,3660,25,25
3,1,1070,7615,1,0,0,4,7,1070,0,47.3189,-122.373,1240,6906,8685,8146,1070,45,45
4,3,3090,35074,2,0,0,3,9,3090,0,47.6359,-122.159,3120,35150,38164,38270,3090,37,37
4,2.5,2030,7210,1,0,0,5,7,1330,700,47.5067,-122.16,1980,7560,9240,9540,2030,46,46
5,2.5,2360,11375,1,0,0,4,7,1180,1180,47.4875,-122.255,1160,7800,13735,8960,2360,52,52
4,2.5,1940,4875,2,0,0,4,9,1940,0,47.6427,-122.304,1790,4875,6815,6665,1940,89,89
4,2.5,2150,3600,2,0,0,3,7,2150,0,47.3658,-122.019,2220,3915,5750,6135,2150,5,5
3,1.5,1490,8475,1,0,0,4,7,1490,0,47.6571,-122.133,1490,8540,9965,10030,1490,51,51
1,2,3000,204732,2,0,2,3,8,3000,0,47.6331,-121.945,2330,213008,207732,215338,3000,35,35
3,1.75,1660,10150,1,0,0,3,7,1660,0,47.7512,-122.342,1640,8906,11810,10546,1660,57,57
3,2,1650,7930,1,0,0,4,7,1650,0,47.3617,-122.05,1510,7930,9580,9440,1650,26,26
5,2.5,3100,10189,2,0,0,3,8,3100,0,47.738,-121.965,2840,10189,13289,13029,3100,12,12
3,1,1390,8333,1,0,0,3,7,1390,0,47.7652,-122.31,1320,7090,9723,8410,1390,32,32
2,1,1050,3088,1,0,0,3,7,1050,0,47.5471,-121.996,1890,2772,4138,4662,1050,9,9
3,1,1540,37950,1,0,0,4,7,1090,450,47.3259,-122.289,1820,24375,39490,26195,1540,55,55
4,2.5,2790,9910,2,0,0,3,8,2790,0,47.4891,-122.141,2590,9910,12700,12500,2790,12,12
5,3.25,2180,7200,2,0,0,4,7,2180,0,47.7078,-122.234,1840,7644,9380,9484,2180,32,32
4,2.5,2370,4000,1,0,2,5,8,1980,390,47.601,-122.294,2440,5750,6370,8190,2370,87,87
3,1,1150,5000,1,0,0,3,8,1150,0,47.6805,-122.369,1160,5000,6150,6160,1150,56,0
4,2.5,4290,175421,2,0,0,3,10,4290,0,47.3585,-121.988,3370,63162,179711,66532,4290,10,10
5,3.25,4180,49222,2,0,0,4,8,2880,1300,47.5488,-122.094,3170,8029,53402,11199,4180,35,35
3,2.5,1930,6180,1,0,0,3,7,1330,600,47.7481,-122.327,1940,6180,8110,8120,1930,53,53
3,2.5,1020,1570,2,0,0,3,7,720,300,47.5871,-122.317,1470,1249,2590,2719,1020,10,10
4,2.75,2720,6427,1,0,0,3,8,1650,1070,47.4931,-122.354,2720,8484,9147,11204,2720,6,6
3,2.5,1580,2407,2,0,0,3,8,1580,0,47.5455,-122.368,1580,2212,3987,3792,1580,2,2
3,3.25,1520,1500,3,0,0,3,7,1520,0,47.67,-122.389,1520,1323,3020,2843,1520,15,15
3,3.5,3090,27598,2,0,2,4,9,2020,1070,47.3541,-122.453,2180,17085,30688,19265,3090,19,19
3,2.25,1830,4744,2,0,0,3,7,1830,0,47.2734,-122.248,1670,8001,6574,9671,1830,18,18
3,1,1560,8232,1,0,0,3,7,1560,0,47.623,-122.205,1930,8286,9792,10216,1560,62,62
4,3.25,3500,10260,2,0,0,3,10,3500,0,47.5902,-122.13,3500,10658,13760,14158,3500,27,27
3,2,1340,10200,1,0,0,3,7,1340,0,47.7756,-122.351,1420,10200,11540,11620,1340,61,61
3,1.75,1140,8263,1,0,0,5,7,1140,0,47.7407,-122.327,1140,6770,9403,7910,1140,64,64
1,0.75,520,2885,1,0,0,4,6,520,0,47.6886,-122.378,980,4241,3405,5221,520,68,68
3,2.5,1650,2082,3,0,0,3,8,1650,0,47.7108,-122.332,1650,1965,3732,3615,1650,7,7
3,2.5,1300,1187,3,0,0,3,8,1300,0,47.6704,-122.391,1320,1194,2487,2514,1300,9,9
3,2,1960,8846,1,0,3,4,6,980,980,47.5101,-122.246,2190,6363,10806,8553,1960,74,74
3,3.75,3250,5797,2,0,2,4,8,2370,880,47.6481,-122.405,1840,5797,9047,7637,3250,63,63
4,2.5,2790,5423,2,0,0,3,9,2790,0,47.6085,-122.017,2450,6453,8213,8903,2790,15,15
3,2.5,1630,4534,2,0,0,3,8,1630,0,47.7148,-122.205,1380,4779,6164,6159,1630,28,28
4,3,2400,3340,1,0,0,4,7,1200,1200,47.6646,-122.365,1520,3758,5740,5278,2400,50,50
4,2.75,3010,7200,2,0,0,3,9,3010,0,47.6948,-122.179,3010,7203,10210,10213,3010,0,0
4,2.5,1720,9600,1,0,0,3,7,1120,600,47.2917,-122.188,1520,9400,11320,10920,1720,53,53
2,1,2140,6000,1,0,0,4,7,1070,1070,47.651,-122.399,1560,6000,8140,7560,2140,69,69
5,2.5,3440,12900,1,0,2,4,8,1720,1720,47.4426,-122.342,2100,10751,16340,12851,3440,56,56
4,3.5,3560,6098,2,0,0,3,10,3560,0,47.5828,-121.972,3660,6846,9658,10506,3560,8,8
4,2.75,3730,8014,2,0,0,3,10,3730,0,47.6036,-122.059,3670,8279,11744,11949,3730,2,2
5,3.5,3220,5081,2,0,0,3,8,3220,0,47.7048,-122.111,2970,5753,8301,8723,3220,2,2
2,2,1313,3600,1,0,0,3,8,1313,0,47.6369,-122.365,1080,3600,4913,4680,1313,110,2
3,2,2220,5000,1,0,0,4,7,1110,1110,47.5807,-122.394,1450,5000,7220,6450,2220,49,49
3,2,1710,7225,2,0,0,4,7,1710,0,47.2917,-122.373,1710,7225,8935,8935,1710,26,26
3,2.5,2605,2216,2,0,2,3,9,2090,515,47.6536,-122.203,2605,2300,4821,4905,2605,36,36
4,2.5,3700,63991,2,0,0,3,10,3700,0,47.7319,-122.051,3210,47215,67691,50425,3700,23,23
4,2.5,2160,8755,2,0,0,3,7,2160,0,47.3585,-122.195,1990,7971,10915,9961,2160,22,22
3,1,940,7125,1,0,0,4,7,940,0,47.3756,-122.297,1170,7125,8065,8295,940,56,56
2,1,1260,4377,1,0,0,4,7,1260,0,47.6988,-122.354,1420,6376,5637,7796,1260,67,67
5,2.75,2560,5618,1,0,2,3,8,2220,340,47.6416,-122.355,2740,4000,8178,6740,2560,92,92
4,2.5,2830,6536,2,0,0,3,8,2830,0,47.3888,-122.032,2830,6872,9366,9702,2830,12,12
3,1.75,1370,9900,1,0,0,4,7,1370,0,47.2575,-122.312,1490,9600,11270,11090,1370,31,31
4,2.5,2000,5006,2,0,0,3,7,2000,0,47.466,-122.147,2410,4889,7006,7299,2000,9,9
4,1.75,2320,4800,1,0,0,3,7,2170,150,47.6893,-122.365,1390,4800,7120,6190,2320,97,97
4,4.5,4020,9656,2,0,0,3,10,4020,0,47.6358,-122.207,1960,9520,13676,11480,4020,8,8
5,1.75,1360,10609,1,0,0,3,7,1060,300,47.7203,-122.229,1490,9935,11969,11425,1360,48,48
4,1.5,1360,8100,1,0,0,3,7,1360,0,47.4931,-122.305,1300,8100,9460,9400,1360,52,52
4,4.25,4420,5750,2,0,0,3,10,3410,1010,47.5404,-122.073,4420,5750,10170,10170,4420,8,8
4,2,1570,9600,1,0,0,3,6,1570,0,47.4965,-122.303,1880,9000,11170,10880,1570,65,65
4,2.75,2160,8148,1,0,0,3,7,1410,750,47.7261,-122.306,2060,8100,10308,10160,2160,36,36
3,2.5,1730,3600,2,0,0,3,8,1730,0,47.5019,-122.34,2030,3600,5330,5630,1730,0,0
2,1.5,893,965,2,0,0,3,8,893,0,47.6187,-122.301,1340,1436,1858,2776,893,7,7
3,1.5,1280,3640,2,0,0,3,6,1280,0,47.334,-122.214,1150,4105,4920,5255,1280,32,32
3,1,1380,7334,1,0,0,3,7,980,400,47.4339,-122.192,1910,7859,8714,9769,1380,34,34
4,2.5,1540,1870,2,0,0,3,8,1540,0,47.5524,-121.999,1540,1619,3410,3159,1540,0,0
2,1,860,7250,1,0,0,3,6,860,0,47.7206,-122.35,1270,7250,8110,8520,860,65,65
3,1.75,2040,4005,1,0,0,4,8,1740,300,47.6885,-122.38,1380,4005,6045,5385,2040,84,84
4,3,2390,4500,2,0,0,3,7,2390,0,47.4872,-122.204,1320,4500,6890,5820,2390,40,40
3,2.25,1800,11200,1,0,0,3,8,1270,530,47.7072,-122.164,1940,11250,13000,13190,1800,35,35
4,1.75,2370,10140,1,0,0,3,7,1460,910,47.3352,-122.278,1450,7800,12510,9250,2370,47,47
4,2.5,2980,8770,2,0,0,3,10,2980,0,47.5814,-122.029,2940,9238,11750,12178,2980,24,24
3,1.75,1520,7137,1,0,0,3,5,1520,0,47.4924,-122.311,1240,8602,8657,9842,1520,82,82
5,3.25,3290,6422,2,0,0,3,9,3290,0,47.5933,-122.061,3210,6891,9712,10101,3290,2,2
4,2.5,4200,35267,2,0,0,3,11,4200,0,47.7108,-122.071,3540,22234,39467,25774,4200,24,24
4,2.5,3070,34412,1,0,3,4,9,2070,1000,47.64,-122.24,3780,27940,37482,31720,3070,64,64
3,1.5,1670,5060,2,0,2,5,7,1670,0,47.5671,-122.379,1670,5118,6730,6788,1670,89,89
3,2.25,1990,10260,2,0,0,4,8,1990,0,47.6801,-122.115,1990,10260,12250,12250,1990,27,27
4,2.25,1780,8820,1,0,0,4,8,1480,300,47.3618,-122.289,1780,8625,10600,10405,1780,49,49
4,1.5,1350,8113,1,0,0,4,7,1350,0,47.5807,-122.196,1930,8113,9463,10043,1350,55,55
4,2.75,1590,6000,1,0,0,4,8,1590,0,47.6401,-122.299,1590,4000,7590,5590,1590,90,90
3,2.5,3040,6054,2,0,0,3,9,3040,0,47.3508,-122.163,2650,6054,9094,8704,3040,9,9
3,2.5,2594,4455,2,0,0,3,8,2594,0,47.3054,-122.276,2981,4950,7049,7931,2594,3,3
3,1,940,10500,1,0,0,4,7,940,0,47.7268,-122.229,1660,10500,11440,12160,940,48,48
4,1,1650,8250,1,0,0,3,7,1650,0,47.6366,-122.118,2240,9776,9900,12016,1650,49,49
4,2.5,2190,4944,2,0,0,3,8,2190,0,47.5341,-121.866,2190,5108,7134,7298,2190,16,16
4,2.5,2050,2772,2,0,0,3,8,2050,0,47.5421,-122.011,2050,2934,4822,4984,2050,2,2
3,2.5,2110,4549,2,0,0,4,8,2110,0,47.3885,-122.154,2110,4030,6659,6140,2110,26,26
2,1,820,5100,1,0,0,3,6,820,0,47.5156,-122.262,1170,5304,5920,6474,820,62,62
5,1.75,2140,43124,1,0,2,4,7,1220,920,47.5516,-122.085,2520,14677,45264,17197,2140,52,52
3,2.5,1630,1587,3,0,0,3,8,1630,0,47.6693,-122.393,1500,1527,3217,3027,1630,10,10
3,1.75,1330,5000,2,0,0,4,7,1210,120,47.5724,-122.384,1500,4000,6330,5500,1330,105,105
4,1.75,1650,7800,1,0,0,3,8,1650,0,47.4507,-122.139,1750,10400,9450,12150,1650,46,46
5,3,4080,7500,2,0,2,4,8,2720,1360,47.6722,-122.349,2000,4545,11580,6545,4080,53,53
4,2.25,2020,10260,2,0,0,4,7,2020,0,47.6801,-122.114,2020,10311,12280,12331,2020,31,31
5,1.75,2650,11340,1,0,0,3,8,2650,0,47.626,-122.213,2780,13204,13990,15984,2650,60,60
2,1,790,7095,1,0,0,3,6,790,0,47.4928,-122.239,1150,7200,7885,8350,790,71,71
4,4.25,5010,19412,2,0,1,3,11,4000,1010,47.5455,-122.211,3820,17064,24422,20884,5010,0,0
3,2,1650,7104,2,0,0,3,8,1650,0,47.7053,-122.374,1730,7104,8754,8834,1650,69,28
4,3.5,3760,20609,2,0,0,3,11,3760,0,47.7255,-122.059,3360,15761,24369,19121,3760,25,25
4,2.25,2210,10039,1,0,0,4,8,1710,500,47.634,-122.101,2070,10965,12249,13035,2210,47,47
4,2.75,2400,3844,1,0,0,5,7,1200,1200,47.7027,-122.347,1100,3844,6244,4944,2400,40,40
2,1,1100,7200,1,0,0,4,6,1100,0,47.4752,-122.172,1390,7200,8300,8590,1100,71,71
3,2.25,1760,9621,2,0,0,3,7,1760,0,47.7466,-121.979,1810,6589,11381,8399,1760,19,19
4,2.5,2380,7792,2,0,0,3,8,2380,0,47.3273,-122.173,2260,7378,10172,9638,2380,21,21
4,2,1790,14690,1,0,1,4,7,1670,120,47.3965,-122.321,2440,10664,16480,13104,1790,54,54
2,1,1360,22508,1,0,0,3,7,1360,0,47.7101,-122.226,2830,12600,23868,15430,1360,82,82
3,2.5,1590,1431,2,0,0,3,8,1060,530,47.5893,-122.309,1620,1548,3021,3168,1590,4,4
3,2.25,2390,7875,1,0,1,3,10,1980,410,47.6515,-122.278,3720,9075,10265,12795,2390,66,66
5,3.25,3080,13394,1,0,2,4,9,2230,850,47.6651,-122.19,2810,10720,16474,13530,3080,47,47
4,2.75,2440,69415,1,0,0,4,8,1910,530,47.5944,-122.042,2770,24361,71855,27131,2440,26,26
3,2.5,1470,3000,1,0,0,3,7,930,540,47.6832,-122.286,1470,5588,4470,7058,1470,29,29
4,2.5,1610,4568,2,0,0,3,7,1610,0,47.3351,-122.289,1834,4604,6178,6438,1610,9,9
2,1.75,1290,6600,1,0,2,3,7,870,420,47.531,-122.39,2380,7370,7890,9750,1290,64,64
4,2.5,3230,7187,2,0,0,3,9,3230,0,47.4995,-122.15,2950,6537,10417,9487,3230,6,6
2,2.25,1200,1137,3,0,0,3,7,1200,0,47.6715,-122.392,1280,1295,2337,2575,1200,8,8
4,2.5,1940,5414,2,0,0,3,8,1940,0,47.5461,-122.299,2050,6307,7354,8357,1940,17,17
3,1,3180,27586,1,0,0,3,8,1400,1780,47.1986,-121.967,2180,27586,30766,29766,3180,46,46
2,1,870,6537,1,0,0,3,6,870,0,47.4906,-122.306,1100,8701,7407,9801,870,66,66
3,1.75,2040,6000,1,0,0,5,7,1120,920,47.5688,-122.397,1530,6250,8040,7780,2040,56,56
5,2,2560,14467,1,0,0,3,8,1280,1280,47.5547,-122.178,2200,10267,17027,12467,2560,54,54
4,2.5,2800,5000,2,0,0,3,9,2800,0,47.3596,-122.036,2960,5092,7800,8052,2800,8,8
3,2.5,1630,1971,2,0,0,3,8,1630,0,47.7753,-122.375,1630,3451,3601,5081,1630,19,19
3,2,3010,5000,2,0,2,5,9,1890,1120,47.6347,-122.396,2688,5000,8010,7688,3010,83,83
4,2.5,2910,20946,2,0,0,4,8,2350,560,47.7085,-122.24,2020,11342,23856,13362,2910,38,38
2,1.75,1300,14500,1,0,0,3,6,650,650,47.4989,-122.329,1370,12986,15800,14356,1300,75,75
4,2.5,3040,6587,2,0,0,3,7,3040,0,47.683,-122.039,2740,6587,9627,9327,3040,11,11
4,1.75,3060,94089,1,0,0,3,8,3060,0,47.744,-122.087,2180,43995,97149,46175,3060,57,57
6,3,4050,36171,2,0,0,4,8,2620,1430,47.4708,-122.015,3660,42874,40221,46534,4050,44,44
4,2.25,2860,26136,1,0,0,3,8,1640,1220,47.6033,-122.158,2670,25040,28996,27710,2860,38,38
2,1,1070,5824,1,0,2,5,7,1070,0,47.507,-122.242,2090,7980,6894,10070,1070,65,65
4,2.75,1860,7500,1,0,0,5,8,1220,640,47.5398,-122.173,2020,8137,9360,10157,1860,48,48
3,2.25,1540,5338,1,0,0,5,7,770,770,47.6942,-122.304,1680,6525,6878,8205,1540,60,60
4,2.5,1847,8000,2,0,0,3,7,1847,0,47.2872,-122.257,1847,8000,9847,9847,1847,6,6
4,2,2330,6250,1,0,0,4,7,1400,930,47.3782,-122.228,2050,9000,8580,11050,2330,73,73
4,3.5,2730,3047,2,0,0,3,8,2400,330,47.5797,-122.391,1980,4600,5777,6580,2730,8,8
3,1.75,1440,8050,1,0,0,3,8,1440,0,47.3187,-122.39,1790,7488,9490,9278,1440,29,29
3,1,1060,5000,1,0,0,3,7,1060,0,47.5294,-122.354,1220,4600,6060,5820,1060,57,57
3,2.5,2920,3942,3,0,0,3,10,2920,0,47.531,-122.204,2920,3942,6862,6862,2920,6,6
3,1.75,1420,7650,1,0,0,4,7,1100,320,47.4892,-122.182,1810,7650,9070,9460,1420,30,30
4,2.25,2380,17199,2,0,0,3,8,1530,850,47.7668,-122.27,2280,11529,19579,13809,2380,35,35
3,2,1760,4046,1,0,0,3,7,960,800,47.6876,-122.381,1500,4046,5806,5546,1760,84,84
3,2.25,990,736,2,0,0,3,8,880,110,47.6605,-122.319,1030,1201,1726,2231,990,5,5
3,2,1920,7200,1,0,0,3,7,1300,620,47.7703,-122.265,2010,7200,9120,9210,1920,30,30
4,2.5,2600,9935,2,0,0,3,8,2600,0,47.4865,-122.142,2830,7620,12535,10450,2600,9,9
5,3.25,3960,321908,2,0,0,4,9,2690,1270,47.3984,-122.055,2360,96703,325868,99063,3960,25,25
4,2.5,2830,7350,1,0,0,3,8,1690,1140,47.3088,-122.341,2350,7768,10180,10118,2830,32,32
3,3,3910,19023,2,0,0,3,11,3910,0,47.6953,-121.914,1860,15001,22933,16861,3910,29,29
5,2.75,2990,7200,2,0,0,3,8,2990,0,47.4955,-122.16,2710,7620,10190,10330,2990,17,17
3,3.5,4070,26000,2,0,0,3,11,4070,0,47.659,-122.174,3770,26000,30070,29770,4070,23,23
3,3,2290,15600,1,0,0,3,8,1420,870,47.3558,-122.29,1890,14143,17890,16033,2290,66,24
4,2.5,2500,12090,1,0,0,3,9,2500,0,47.6346,-122.045,3380,12760,14590,16140,2500,32,32
7,5.75,3700,7647,2,0,1,3,8,3700,0,47.7393,-122.289,2510,7479,11347,9989,3700,66,30
4,2.5,2250,50155,2,0,0,3,8,2250,0,47.449,-121.756,2040,57857,52405,59897,2250,16,16
3,1.75,1730,14270,1,0,0,3,7,1730,0,47.5318,-121.833,1600,11232,16000,12832,1730,55,55
5,3.5,5850,22885,2,0,2,4,11,4670,1180,47.606,-122.211,3240,19020,28735,22260,5850,36,36
3,1.75,1770,16909,1,0,0,5,8,1770,0,47.4458,-122.134,1960,9100,18679,11060,1770,38,38
3,1.5,1260,3135,1,0,0,3,8,1260,0,47.5755,-122.388,1700,4180,4395,5880,1260,83,83
3,3.5,2350,10739,1,0,2,5,7,1340,1010,47.7288,-122.284,2580,11026,13089,13606,2350,74,74
3,2.5,2680,5860,2,0,0,3,8,2680,0,47.7557,-122.223,2680,5860,8540,8540,2680,13,13
6,2.5,1560,7144,1,0,0,3,6,1060,500,47.5335,-122.272,1300,6232,8704,7532,1560,101,101
2,1,670,5600,1,0,0,3,6,670,0,47.5498,-122.304,1960,7176,6270,9136,670,111,111
3,2,2190,13673,1,0,0,4,9,2190,0,47.3542,-122.098,2770,13804,15863,16574,2190,20,20
3,2.25,2560,3996,1,0,0,3,8,2150,410,47.6321,-122.306,2970,4320,6556,7290,2560,104,104
4,3.25,3250,5478,2,0,0,3,9,3250,0,47.5178,-121.887,3250,5482,8728,8732,3250,0,0
5,2.75,3280,12673,1,0,0,4,9,2050,1230,47.5504,-122.146,3060,12847,15953,15907,3280,34,34
3,2.5,4460,26027,2,0,0,3,12,4460,0,47.6573,-122.173,3770,26027,30487,29797,4460,22,22
3,2,1970,3420,2,0,3,5,8,1970,0,47.6762,-122.354,1770,3420,5390,5190,1970,102,102
5,3.25,2750,7500,2,0,1,3,7,2150,600,47.6636,-122.203,2750,7500,10250,10250,2750,77,17
4,1,1360,6000,1,0,0,4,6,1020,340,47.4783,-122.285,1230,6000,7360,7230,1360,70,70
3,2,1820,7750,1,0,0,3,8,1820,0,47.3169,-122.352,2080,8084,9570,10164,1820,23,23
3,3.25,1340,5434,2,0,0,3,7,1340,0,47.3779,-122.045,1670,6203,6774,7873,1340,29,29
3,1,1400,9750,1,0,0,3,7,1400,0,47.3862,-122.304,1640,8050,11150,9690,1400,46,16
2,1,1980,5000,1,0,0,4,7,1090,890,47.586,-122.295,1720,5000,6980,6720,1980,91,91
4,1.75,2280,3680,1,0,0,5,7,1470,810,47.6754,-122.3,1850,3680,5960,5530,2280,88,88
2,1,880,4814,1,0,0,4,5,880,0,47.3107,-121.999,1010,6160,5694,7170,880,109,109
3,2,2560,6800,1,0,1,4,8,1380,1180,47.5506,-122.395,1780,6800,9360,8580,2560,63,63
2,2,1310,2841,2,0,0,3,6,1310,0,47.3502,-122.022,1360,2550,4151,3910,1310,10,10
3,3.25,3310,5000,2,0,0,3,9,3310,0,47.5558,-122.001,2670,4907,8310,7577,3310,8,8
2,1,850,5250,1,0,0,4,7,850,0,47.731,-122.342,1440,5250,6100,6690,850,64,64
3,1.5,1190,8100,1,0,0,3,7,830,360,47.7146,-122.311,1256,8100,9290,9356,1190,68,68
4,2.5,3230,21781,2,0,0,3,9,3230,0,47.6318,-122.01,3230,21780,25011,25010,3230,21,21
3,1,1090,8640,1,0,0,4,6,1090,0,47.459,-122.355,1260,8400,9730,9660,1090,41,41
4,2.25,1870,7700,2,0,0,3,7,1870,0,47.6937,-122.127,1970,7700,9570,9670,1870,38,38
3,3.5,3420,23786,1,0,0,3,9,3420,0,47.4739,-122.11,1590,23774,27206,25364,3420,1,1
5,4.5,5220,67319,2,0,0,3,11,5220,0,47.7666,-122.128,4190,40609,72539,44799,5220,13,13
3,1.75,1980,12543,1,0,0,3,8,1180,800,47.3104,-122.394,2090,8539,14523,10629,1980,36,36
4,1,1190,7920,1,0,0,3,6,890,300,47.5305,-122.371,1140,7920,9110,9060,1190,64,64
4,2.5,2040,5472,2,0,0,3,8,2040,0,47.3337,-122.189,2420,5782,7512,8202,2040,12,12
4,2,2270,18450,1,0,0,3,7,2270,0,47.3264,-122.262,2150,18450,20720,20600,2270,54,54
3,1.5,1860,60960,1,0,0,4,7,1140,720,47.3796,-122.102,2170,82764,62820,84934,1860,47,47
3,1.75,1720,223377,1,0,0,3,7,1240,480,47.7329,-121.92,2530,221442,225097,223972,1720,65,65
4,1,1760,8906,1,0,0,3,7,1230,530,47.4288,-122.198,1180,10407,10666,11587,1760,48,48
3,2.25,2790,13791,1,0,3,3,8,2790,0,47.4389,-122.351,2720,12600,16581,15320,2790,8,8
3,2.5,1660,1458,3,0,0,3,9,1660,0,47.5876,-122.309,1660,1784,3118,3444,1660,0,0
2,2,1060,4000,1,0,0,2,7,1000,60,47.6626,-122.337,1310,4000,5060,5310,1060,101,101
3,2,1490,3072,1,0,0,5,7,770,720,47.5772,-122.307,1320,3072,4562,4392,1490,102,102
3,2.5,2260,4165,2,0,0,3,7,2260,0,47.5922,-122.008,2770,4566,6425,7336,2260,9,9
2,1.75,1060,1241,2,0,0,3,7,960,100,47.5999,-122.3,1170,1400,2301,2570,1060,6,6
4,2.5,2641,8615,2,0,0,3,7,2641,0,47.4038,-122.213,2641,8091,11256,10732,2641,16,16
3,2.75,2070,9697,2,0,0,4,7,1330,740,47.4327,-122.283,2000,14436,11767,16436,2070,85,85
4,2,2180,3870,1,0,0,3,7,1020,1160,47.6089,-122.303,1520,2580,6050,4100,2180,114,114
3,2.5,2490,5978,2,0,0,3,9,2490,0,47.6298,-122.022,2710,6629,8468,9339,2490,12,12
3,3,3460,5353,2,0,0,3,10,2850,610,47.5858,-122.393,2460,6325,8813,8785,3460,7,7
3,1.5,1350,9315,1,0,0,3,7,1350,0,47.6587,-122.124,1840,9920,10665,11760,1350,47,47
4,2.5,3430,7200,2,0,0,3,9,3430,0,47.6842,-122.196,1530,7800,10630,9330,3430,1,1
4,2.5,3430,42775,2,0,0,3,10,3430,0,47.765,-122.045,3190,36820,46205,40010,3430,22,22
3,1,1010,9945,1,0,0,4,6,1010,0,47.5324,-121.763,1390,12710,10955,14100,1010,41,41
4,3,1980,5352,2,0,0,3,8,1980,0,47.532,-122.385,1680,5352,7332,7032,1980,73,9
3,1.75,2160,4000,1,0,0,3,7,1080,1080,47.5721,-122.309,1260,3200,6160,4460,2160,62,62
5,2.5,1720,10202,1,0,0,3,7,1720,0,47.4572,-122.167,1720,8478,11922,10198,1720,45,45
4,2.5,2300,7500,1,0,3,2,7,1650,650,47.4125,-122.33,2300,7500,9800,9800,2300,55,55
5,3,3950,9520,1,0,0,3,9,2250,1700,47.6363,-122.207,1890,9520,13470,11410,3950,61,12
3,1,1010,9611,1,0,0,4,6,1010,0,47.3006,-122.066,1200,9611,10621,10811,1010,41,41
4,1,1980,7015,1,0,0,3,7,1260,720,47.7204,-122.18,1570,7626,8995,9196,1980,41,41
4,2.5,3190,11375,1,0,0,5,8,2210,980,47.704,-122.3,1100,8500,14565,9600,3190,68,68
3,1,1180,4219,1,0,0,3,7,1060,120,47.6867,-122.378,1630,4219,5399,5849,1180,75,75
2,1,680,2550,1,0,0,4,5,680,0,47.6767,-122.388,1120,5100,3230,6220,680,113,113
4,2.5,2390,4200,2,0,0,3,9,2150,240,47.6272,-122.318,2800,5250,6590,8050,2390,91,91
5,1.5,3360,5402,2,0,0,3,9,3360,0,47.6067,-122.053,3360,5415,8762,8775,3360,0,0
3,2.5,2580,4636,2,0,0,3,9,2580,0,47.6201,-122.025,2480,4500,7216,6980,2580,8,8
3,1.75,1660,12865,1,0,0,5,7,1660,0,47.5375,-122.175,1610,12400,14525,14010,1660,47,47
3,2.5,1780,4320,2,0,0,4,8,1780,0,47.6809,-122.293,1690,4952,6100,6642,1780,84,28
4,2.5,1450,3600,1,0,0,3,7,1250,200,47.5985,-122.298,1680,3600,5050,5280,1450,112,112
3,2.5,1950,7263,2,0,0,3,7,1950,0,47.5194,-121.869,2190,5900,9213,8090,1950,7,7
5,1.75,2100,9599,1,0,0,3,7,1060,1040,47.7097,-122.216,1680,10712,11699,12392,2100,53,53
4,2,1800,2970,1,0,0,4,7,1000,800,47.6833,-122.312,1690,3801,4770,5491,1800,91,91
3,1,1010,6400,1,0,0,3,7,1010,0,47.3027,-122.376,1820,6500,7410,8320,1010,44,44
3,2,1660,15050,1,0,0,3,7,1260,400,47.7203,-122.194,1660,7320,16710,8980,1660,31,31
4,2.75,2970,59677,1,0,2,4,8,1610,1360,47.5953,-122.08,2930,42489,62647,45419,2970,42,42
4,1,1190,7620,1,0,0,3,6,1190,0,47.5281,-122.348,1060,7320,8810,8380,1190,88,88
3,1.75,1550,9060,2,0,0,3,7,1550,0,47.5093,-122.345,1080,7620,10610,8700,1550,66,35
5,3.25,4390,11250,2,0,0,3,10,4390,0,47.5785,-122.225,2160,9249,15640,11409,4390,7,7
5,3,2640,5096,2,0,0,3,10,2640,0,47.6809,-122.288,1610,5217,7736,6827,2640,5,5
4,2.5,2440,9727,2,0,0,3,9,2440,0,47.6613,-122.132,2370,11503,12167,13873,2440,27,27
4,2.75,1960,4635,1,0,0,4,7,1000,960,47.5693,-122.285,1830,6180,6595,8010,1960,47,47
3,1,1610,5100,1,0,0,5,7,1010,600,47.6765,-122.386,1270,5100,6710,6370,1610,113,113
4,3.25,2860,3680,2,0,0,3,9,1980,880,47.6752,-122.3,2010,3680,6540,5690,2860,90,22
4,2.5,2030,9825,1,0,0,3,8,1330,700,47.6892,-122.3,2180,7500,11855,9680,2030,29,29
3,2.25,1670,7881,1,0,0,4,7,1190,480,47.4105,-122.18,1870,7820,9551,9690,1670,37,37
4,2,2380,10800,2,0,2,3,8,2380,0,47.5682,-122.275,2112,6600,13180,8712,2380,89,89
4,2.5,1680,3000,2,0,0,3,7,1680,0,47.494,-122.279,1420,5500,4680,6920,1680,12,12
4,3,4280,18834,1,0,4,5,11,2180,2100,47.5811,-122.4,2490,8858,23114,11348,4280,43,43
3,2.5,2260,5100,2,0,0,3,8,2260,0,47.7341,-121.968,2260,5100,7360,7360,2260,8,8
3,1,880,7004,1,0,0,3,5,880,0,47.3019,-122.216,880,7828,7884,8708,880,64,64
4,3,1840,7510,2,0,0,5,8,1840,0,47.2595,-122.218,1650,7957,9350,9607,1840,26,1
3,2,1150,4500,1,0,0,3,7,1150,0,47.6985,-122.348,1230,5400,5650,6630,1150,97,23
3,2.25,2200,7355,2,0,0,4,8,2200,0,47.7266,-122.103,2290,7868,9555,10158,2200,29,29
4,1,1680,4087,1,0,0,3,7,1680,0,47.6667,-122.337,1740,3745,5767,5485,1680,103,103
3,1,1580,4000,2,0,0,3,8,1580,0,47.6363,-122.32,2190,4000,5580,6190,1580,109,109
3,2.5,1680,2000,3,0,0,3,9,1680,0,47.6604,-122.29,1950,5000,3680,6950,1680,105,16
2,1,890,6000,1,0,0,2,6,890,0,47.4976,-122.225,1100,6000,6890,7100,890,96,96
3,1.75,1540,10545,2,0,0,4,6,1540,0,47.4451,-121.763,1540,10000,12085,11540,1540,37,37
4,2.5,2910,4356,3,0,0,3,8,2910,0,47.6705,-122.146,2840,4181,7266,7021,2910,5,5
2,2,1090,1357,2,0,0,3,7,1090,0,47.7526,-122.244,1078,1318,2447,2396,1090,24,24
3,4,2080,2250,3,0,4,3,8,2080,0,47.6598,-122.355,2080,2250,4330,4330,2080,18,18
4,2.5,2060,5607,2,0,0,3,7,2060,0,47.4365,-122.144,2060,5367,7667,7427,2060,12,12
5,3.5,3420,8000,2,0,0,3,10,3420,0,47.5736,-122.212,1900,8000,11420,9900,3420,8,8
4,1,1380,7110,1,0,0,3,6,1380,0,47.3846,-122.226,1430,7110,8490,8540,1380,76,76
4,2.5,2120,3220,2,0,0,3,9,2120,0,47.6662,-122.083,2120,3547,5340,5667,2120,9,9
3,2.5,2270,100545,2,0,0,3,8,2270,0,47.4815,-122.47,1277,100545,102815,101822,2270,16,16
2,2.5,1170,809,2,0,0,3,9,1170,0,47.6875,-122.339,1170,1121,1979,2291,1170,7,7
4,1.75,1960,7950,1,0,0,4,8,1960,0,47.3109,-122.377,1960,8400,9910,10360,1960,47,47
3,2.5,1620,2930,2,0,0,3,8,1620,0,47.4491,-122.12,1900,2943,4550,4843,1620,13,13
4,3.5,3360,9767,2,0,0,3,9,2450,910,47.3047,-122.347,2580,8757,13127,11337,3360,24,24
3,1.75,1840,14005,1,0,0,3,8,1840,0,47.3124,-122.345,2170,7992,15845,10162,1840,32,32
3,2,1490,7651,1,0,0,3,7,1490,0,47.3211,-122.325,1590,7795,9141,9385,1490,27,27
4,3.5,4560,16643,1,0,3,3,12,2230,2330,47.5521,-122.115,4060,15177,21203,19237,4560,19,19
3,1.75,1740,8560,1,0,0,3,8,1500,240,47.6475,-122.409,2240,5800,10300,8040,1740,66,66
3,1,1560,3825,1,0,0,3,8,1390,170,47.6803,-122.387,1700,5100,5385,6800,1560,85,85
5,1.75,2760,18112,1,0,0,3,8,1510,1250,47.7363,-122.298,1720,8482,20872,10202,2760,46,46
3,2.5,2950,10254,2,0,0,3,9,2950,0,47.4888,-122.14,2800,9323,13204,12123,2950,8,8
3,1.75,1440,11325,1,0,0,4,8,1440,0,47.3503,-122.279,1440,20000,12765,21440,1440,48,48
3,1.75,1730,9334,1,0,0,3,8,1220,510,47.6478,-122.113,2020,10000,11064,12020,1730,37,37
4,2,2020,2849,2,0,0,3,7,2020,0,47.6831,-122.329,1910,3120,4869,5030,2020,55,55
3,2.75,1820,7517,1,0,0,3,9,1820,0,47.5705,-122.406,2540,8035,9337,10575,1820,18,18
4,2.5,2630,5710,2,0,0,3,8,2630,0,47.5342,-121.876,2550,5500,8340,8050,2630,14,14
4,2.75,3770,10900,2,0,2,5,9,3070,700,47.5849,-122.29,3000,5000,14670,8000,3770,90,90
5,2.75,2900,5155,2,0,0,3,8,2900,0,47.5977,-122.008,2900,6176,8055,9076,2900,7,7
2,2.5,2770,7781,2,0,0,3,8,2770,0,47.7072,-122.017,1870,5984,10551,7854,2770,8,8
4,2.5,1980,5020,2,0,0,3,7,1980,0,47.5147,-122.19,1980,5064,7000,7044,1980,7,7
5,2.5,2510,83231,1,0,0,4,7,1260,1250,47.4576,-121.984,2460,46431,85741,48891,2510,39,39
4,2,1470,7000,1,0,0,4,8,1470,0,47.3742,-122.289,1640,7000,8470,8640,1470,48,48
2,1.75,1350,4286,1,0,0,3,8,1350,0,47.7171,-122.033,1440,4839,5636,6279,1350,10,10
3,1,1710,6556,1,0,0,4,7,1200,510,47.7185,-122.354,1410,6563,8266,7973,1710,88,88
4,3.75,2400,3520,1,0,0,3,7,1370,1030,47.6295,-122.346,2230,1419,5920,3649,2400,91,10
4,1.75,1760,4080,1,0,0,4,8,1760,0,47.675,-122.331,1760,6120,5840,7880,1760,108,108
3,1.75,2040,42693,1,0,2,3,10,2040,0,47.6479,-122.12,2640,11957,44733,14597,2040,34,34
4,4.5,4650,7660,2,0,0,3,11,3640,1010,47.6349,-122.198,1710,8400,12310,10110,4650,6,6
3,1.75,1830,11788,1,0,1,3,8,1430,400,47.4862,-122.224,2140,11964,13618,14104,1830,56,56
3,2.5,2340,4273,2,0,0,3,7,2340,0,47.5362,-121.878,2400,4624,6613,7024,2340,13,13
3,1.75,2060,3500,1,0,0,5,7,1030,1030,47.5635,-122.282,1110,6000,5560,7110,2060,64,64
4,2.5,2490,4751,2,0,0,3,7,2490,0,47.4813,-122.188,2510,5233,7241,7743,2490,13,13
5,2,1870,13970,1,0,0,4,7,1120,750,47.5243,-122.042,1860,13970,15840,15830,1870,46,46
3,2.5,1710,6773,2,0,0,3,8,1710,0,47.2635,-122.312,2220,7551,8483,9771,1710,22,22
4,1.75,2410,6770,1,0,0,4,7,1220,1190,47.6946,-122.336,1440,6770,9180,8210,2410,90,90
3,3.25,1770,1863,2,0,0,3,8,1430,340,47.5478,-122.005,1410,1375,3633,2785,1770,11,11
3,2.5,1410,2500,2,0,0,3,7,1410,0,47.5132,-122.358,1290,5190,3910,6480,1410,8,8
6,2.75,3280,16449,1,0,0,4,7,1910,1370,47.5914,-122.134,2550,9532,19729,12082,3280,52,52
3,2.25,1880,11556,2,0,0,3,8,1880,0,47.6283,-122.032,1880,12000,13436,13880,1880,28,28
4,1.75,2500,8725,1,0,0,4,8,1500,1000,47.6304,-122.205,1900,8998,11225,10898,2500,49,49
5,4,4590,35046,2,0,0,3,10,4590,0,47.6647,-122.16,3350,35857,39636,39207,4590,6,6
4,2.25,2640,3000,2,0,0,3,7,2080,560,47.6313,-122.344,1910,3000,5640,4910,2640,107,107
6,7.75,9890,31374,2,0,4,3,13,8860,1030,47.6305,-122.24,4540,42730,41264,47270,9890,13,13
4,2,1720,5472,1,0,0,3,6,860,860,47.5299,-122.288,1720,5670,7192,7390,1720,91,91
3,2.25,1900,3800,2,0,0,3,7,1900,0,47.4866,-122.16,1950,3800,5700,5750,1900,8,8
3,1.75,1100,8662,1,0,0,5,7,1100,0,47.5368,-122.173,1100,9240,9762,10340,1100,51,51
2,1.75,1390,4482,1,0,0,4,8,1390,0,47.3785,-122.32,1390,4680,5872,6070,1390,34,34
3,2.5,1040,2643,2,0,0,3,7,720,320,47.5165,-122.268,1540,5110,3683,6650,1040,10,10
2,1.5,982,846,2,0,0,3,8,806,176,47.7034,-122.345,1010,3844,1828,4854,982,8,8
3,1,1250,8200,1,0,0,4,7,1250,0,47.3255,-122.304,1680,8633,9450,10313,1250,61,61
3,3,2630,10156,1,0,0,4,9,2630,0,47.5481,-122.156,2660,10455,12786,13115,2630,27,27
5,2.75,3080,6600,2,0,0,3,9,3080,0,47.4501,-122.122,3080,6600,9680,9680,3080,13,13
4,2.5,2440,11700,1,0,0,5,8,1480,960,47.5606,-122.184,2140,10807,14140,12947,2440,54,54
3,2.5,1920,1649,2,0,0,3,8,1600,320,47.5901,-122.388,1650,3053,3569,4703,1920,10,10
3,1.75,1330,13102,1,0,0,3,7,1330,0,47.3172,-122.322,1270,11475,14432,12745,1330,46,46
2,1,1100,7323,1,0,0,3,7,780,320,47.2874,-122.37,1410,7227,8423,8637,1100,32,32
2,1.5,1450,27075,1,0,0,3,7,1450,0,47.7281,-122.353,1890,10599,28525,12489,1450,75,75
3,2,1620,12482,1,0,0,4,7,1290,330,47.3584,-122.086,1560,8499,14102,10059,1620,26,26
3,3.5,1420,1217,2,0,0,3,8,1180,240,47.6827,-122.324,1494,1264,2637,2758,1420,11,11
4,2,1590,10331,1,0,0,4,7,1590,0,47.7273,-122.332,1400,9434,11921,10834,1590,58,58
3,2,2050,13303,1,0,0,3,8,2050,0,47.2681,-122.31,2180,11590,15353,13770,2050,21,21
3,1.5,1400,6527,1,0,0,3,7,1110,290,47.4535,-122.358,1690,7597,7927,9287,1400,57,57
4,4,2290,6250,1,0,0,5,7,1690,600,47.5824,-122.384,1920,4335,8540,6255,2290,74,74
3,1.75,1590,9620,1,0,0,3,7,1590,0,47.4815,-122.152,2980,9398,11210,12378,1590,26,26
4,3,3590,89640,2,0,0,3,10,3590,0,47.7557,-122.036,2790,54014,93230,56804,3590,9,9
4,2.5,2350,8182,2,0,0,3,8,2350,0,47.3697,-122.106,2330,7000,10532,9330,2350,17,17
4,1.5,1130,7840,1,0,0,4,7,1130,0,47.2986,-122.377,1690,7840,8970,9530,1130,44,44
2,1,2180,9300,1,0,0,4,7,1090,1090,47.7032,-122.371,1830,7378,11480,9208,2180,67,67
3,1.75,1460,10584,1,0,0,3,7,990,470,47.492,-122.317,1220,12012,12044,13232,1460,17,17
2,1.75,1740,4736,1,0,2,4,7,1040,700,47.5994,-122.287,2020,4215,6476,6235,1740,107,107
3,1.5,1690,6010,1,0,0,3,7,1230,460,47.6955,-122.291,1690,5418,7700,7108,1690,68,68
3,2,1570,4625,1,0,0,5,8,1570,0,47.68,-122.399,1760,4625,6195,6385,1570,87,87
2,1,890,4804,1,0,0,4,7,890,0,47.7027,-122.346,1010,3844,5694,4854,890,87,87
4,1,1310,6000,1,0,0,3,7,1310,0,47.5822,-122.295,1630,6000,7310,7630,1310,74,74
5,2.25,3510,13843,1,0,2,3,8,1850,1660,47.5817,-122.246,2680,8750,17353,11430,3510,56,56
4,2.5,1850,6663,2,0,0,3,7,1850,0,47.3618,-122.195,1850,6417,8513,8267,1850,24,24
2,1,930,7740,1,0,0,1,5,930,0,47.4611,-122.324,1620,8584,8670,10204,930,83,83
4,1.75,1560,8700,1,0,0,4,7,1560,0,47.7274,-122.181,2080,8000,10260,10080,1560,47,47
4,2.25,4370,22863,2,0,3,4,10,3670,700,47.6878,-122.215,2980,22863,27233,25843,4370,107,20
2,1.75,1090,3272,1,0,0,5,8,1090,0,47.3794,-122.32,1160,5475,4362,6635,1090,45,45
4,2.5,2780,6235,2,0,0,3,8,2780,0,47.5976,-122.039,2670,4410,9015,7080,2780,13,13
6,3,2470,9328,2,0,0,3,8,2470,0,47.6025,-122.153,2470,9454,11798,11924,2470,32,32
4,1.5,1430,8775,1,0,0,3,7,1030,400,47.3034,-122.383,1390,7800,10205,9190,1430,35,35
2,1,900,5016,1,0,0,3,6,900,0,47.542,-122.282,1420,5184,5916,6604,900,67,67
4,2.5,2740,43101,2,0,0,3,9,2740,0,47.7649,-122.049,2740,33447,45841,36187,2740,21,21
3,2.5,2270,9822,2,0,0,3,9,2270,0,47.6685,-122.137,2790,8089,12092,10879,2270,26,26
3,2.5,2810,4932,2,0,0,3,8,2810,0,47.7739,-122.227,2470,4919,7742,7389,2810,12,12
5,2.25,2320,6375,1,0,0,4,7,1270,1050,47.3351,-122.282,1760,7600,8695,9360,2320,48,48
4,2.75,2050,4000,2,0,0,3,8,2050,0,47.3522,-122.275,2050,4000,6050,6050,2050,1,1
4,1,1370,5339,1,0,0,4,6,1370,0,47.5046,-122.3,1280,7048,6709,8328,1370,67,67
4,3,2820,11500,2,0,0,3,10,2820,0,47.5826,-122.028,2770,9694,14320,12464,2820,23,23
4,1.75,1830,5375,1,0,0,2,7,1060,770,47.4169,-122.316,1040,7500,7205,8540,1830,52,52
3,1,1070,7140,1,0,0,3,7,1070,0,47.5427,-122.288,1390,2374,8210,3764,1070,25,25
3,1.75,1650,221720,1,0,0,3,7,1650,0,47.5297,-121.901,2520,221284,223370,223804,1650,22,22
5,3.5,2810,2700,2,0,0,5,9,1900,910,47.6799,-122.363,1510,3800,5510,5310,2810,104,104
3,1.75,1180,10541,1,0,0,4,7,940,240,47.6348,-122.032,1230,10879,11721,12109,1180,33,33
5,2.75,2710,4136,2,0,0,3,8,2710,0,47.4786,-122.123,2590,4136,6846,6726,2710,0,0
2,1,710,6960,1,0,0,4,6,710,0,47.4886,-122.246,940,7680,7670,8620,710,71,71
2,1.75,1330,4903,1,0,0,3,7,1330,0,47.6819,-122.161,1470,2735,6233,4205,1330,30,30
4,1.75,1630,5750,1,0,0,3,7,1160,470,47.5674,-122.384,1640,5750,7380,7390,1630,68,68
4,2,1820,5001,2,0,0,3,7,1820,0,47.6438,-122.373,1440,5408,6821,6848,1820,67,12
4,2.5,3060,7710,2,0,0,3,9,3060,0,47.4828,-122.136,3040,7840,10770,10880,3060,6,6
4,1,2520,5500,1,0,0,5,8,1820,700,47.5785,-122.292,2350,5000,8020,7350,2520,102,102
2,1,780,10064,1,0,0,4,7,780,0,47.4913,-122.318,1090,14750,10844,15840,780,57,57
4,2.5,2440,5350,2,0,0,3,7,2440,0,47.4891,-122.149,2440,5090,7790,7530,2440,11,11
4,2.5,2910,6479,2,0,0,3,7,2910,0,47.5402,-121.887,2320,5178,9389,7498,2910,8,8
4,1,1920,6480,1,0,0,3,7,1920,0,47.6897,-122.374,1600,6470,8400,8070,1920,94,94
2,2.5,2720,4913,1,0,1,4,8,1700,1020,47.6384,-122.404,2520,5303,7633,7823,2720,79,79
3,1.5,1220,962,3,0,0,3,8,1220,0,47.674,-122.387,1510,2501,2182,4011,1220,0,0
3,1,1770,12458,1,0,0,3,7,1770,0,47.7715,-122.27,2000,8225,14228,10225,1770,57,57
5,2.75,3080,5752,2,0,0,3,9,3080,0,47.4922,-122.153,3000,4650,8832,7650,3080,0,0
3,2.25,1590,8520,2,0,0,4,8,1590,0,47.6477,-122.216,2470,12005,10110,14475,1590,35,35
3,1,1430,5000,1,0,0,3,7,1430,0,47.6895,-122.37,1210,5000,6430,6210,1430,66,66
2,1,1380,9251,1,0,0,3,7,1380,0,47.7486,-122.249,1870,12158,10631,14028,1380,75,75
5,2.75,3320,10500,1,0,0,4,7,2020,1300,47.692,-122.166,1840,10425,13820,12265,3320,51,51
3,2.5,1690,1609,2,0,0,3,8,1150,540,47.5521,-121.998,1690,1860,3299,3550,1690,0,0
5,2.5,2530,8564,2,0,0,4,8,2530,0,47.5622,-122.153,2480,8714,11094,11194,2530,38,38
3,1,1630,3200,1,0,0,4,8,1630,0,47.6351,-122.352,1710,3600,4830,5310,1630,102,102
5,3.25,4320,32840,2,0,0,3,12,4320,0,47.5461,-122.122,4410,33210,37160,37620,4320,25,25
3,3.5,2840,4468,3,0,0,3,10,2840,0,47.7069,-122.117,3040,5400,7308,8440,2840,8,8
3,2.5,2360,12164,2,0,0,3,10,2360,0,47.5596,-122.022,2400,11260,14524,13660,2360,27,27
2,2,1300,4659,1,0,0,3,8,1300,0,47.7132,-122.033,1640,4780,5959,6420,1300,9,9
3,1.75,1640,18730,1,0,0,4,7,1640,0,47.5975,-122.196,1670,12154,20370,13824,1640,68,68
2,2.25,1290,2436,2,0,0,3,7,1290,0,47.6803,-122.156,1360,3088,3726,4448,1290,30,30
3,2,1450,11204,1,0,0,3,7,1450,0,47.2639,-122.252,1520,9518,12654,11038,1450,11,11
3,2.5,1700,6000,2,0,0,3,8,1700,0,47.2615,-122.221,1940,6626,7700,8566,1700,17,17
3,1.75,1570,2600,1,0,0,4,8,1570,0,47.6867,-122.37,1490,4000,4170,5490,1570,84,84
3,2.5,2090,3002,2,0,0,3,7,1670,420,47.745,-121.984,2090,3163,5092,5253,2090,9,9
4,2.5,2390,6426,2,0,0,3,9,2390,0,47.2586,-122.221,2520,6700,8816,9220,2390,15,15
3,1.75,1430,7700,1,0,0,4,7,980,450,47.3993,-122.183,1430,8625,9130,10055,1430,34,34
2,1,720,8914,1,0,0,3,6,720,0,47.4488,-122.274,1100,8916,9634,10016,720,66,66
3,2.25,2240,9314,2,0,0,3,9,2240,0,47.6216,-122.032,2240,9314,11554,11554,2240,31,31
3,2.5,2220,5279,2,0,0,3,8,2220,0,47.5132,-122.387,1610,5297,7499,6907,2220,9,9
5,1.75,2190,8250,1,0,2,3,7,1190,1000,47.4887,-122.223,2570,8250,10440,10820,2190,52,52
2,2.25,1060,1209,2,0,0,3,8,940,120,47.6369,-122.327,1300,1169,2269,2469,1060,8,8
4,2.5,3130,5795,2,0,0,3,9,3130,0,47.4997,-122.151,2950,5259,8925,8209,3130,6,6
4,2.5,2960,4640,2,0,0,3,9,2960,0,47.3597,-122.04,2750,4623,7600,7373,2960,10,10
2,1,900,5413,1,0,0,3,7,900,0,47.7047,-122.307,1280,6380,6313,7660,900,67,67
3,2.5,2620,9112,2,0,0,3,9,2620,0,47.6972,-122.116,2620,9067,11732,11687,2620,19,19
3,3,1740,1100,3,0,0,3,8,1740,0,47.67,-122.391,1370,1180,2840,2550,1740,8,8
4,2,1790,2250,1,0,2,4,7,840,950,47.6526,-122.345,1440,1545,4040,2985,1790,105,105
3,1.75,1800,8462,1,0,0,3,8,1440,360,47.6623,-122.141,2210,8436,10262,10646,1800,37,37
3,1.5,2500,4774,1,0,2,3,7,1450,1050,47.6567,-122.358,1300,4000,7274,5300,2500,74,74
3,1.75,2140,13068,1,0,0,4,7,1460,680,47.3099,-122.197,2090,17424,15208,19514,2140,40,40
6,3,2880,6800,2,0,0,3,7,2880,0,47.5873,-122.299,1640,4000,9680,5640,2880,35,35
3,2.25,2870,8170,2,0,0,3,10,2250,620,47.5363,-122.385,1310,8170,11040,9480,2870,19,19
5,2.25,1950,8086,1,0,0,3,7,1130,820,47.3179,-122.331,1670,8550,10036,10220,1950,35,35
3,2.25,1470,8682,1,0,0,3,7,1160,310,47.2729,-122.299,1670,8359,10152,10029,1470,30,30
4,2.5,2080,7966,1,0,0,3,7,1200,880,47.7393,-122.181,1920,7500,10046,9420,2080,45,45
3,1.75,2120,11340,1,0,3,4,7,1060,1060,47.4109,-122.329,1830,8650,13460,10480,2120,48,48
4,1.5,1830,6985,1,0,0,3,7,1080,750,47.7494,-122.236,1650,9501,8815,11151,1830,47,47
4,2.5,2350,6958,2,0,0,3,9,2350,0,47.3321,-122.172,2480,6395,9308,8875,2350,16,16
3,1.75,2180,10230,1,0,0,4,7,1090,1090,47.5158,-122.281,2130,7200,12410,9330,2180,53,53
3,2.25,1410,14110,1,0,2,3,7,1170,240,47.5336,-121.76,1560,18336,15520,19896,1410,27,27
2,1,1060,7193,1,0,0,3,7,1060,0,47.7102,-122.356,1980,7560,8253,9540,1060,88,88
4,2,1560,7104,1,0,0,3,7,1140,420,47.6714,-122.28,1850,7105,8664,8955,1560,69,69
4,1.75,1720,7455,1,0,0,4,7,1020,700,47.4669,-122.182,1720,7700,9175,9420,1720,51,51
2,2,1180,3003,2,0,0,3,6,1180,0,47.3491,-122.02,1310,3003,4183,4313,1180,10,10
4,2.5,2860,3345,2,0,0,3,8,2190,670,47.7735,-122.158,2860,3596,6205,6456,2860,10,10
3,2.5,1990,3694,2,0,0,3,8,1990,0,47.3872,-122.154,2110,3842,5684,5952,1990,25,25
5,1.75,2330,4947,1,0,0,4,8,1380,950,47.5352,-122.392,2120,5605,7277,7725,2330,59,59
3,1,1160,10988,1,0,0,3,7,1160,0,47.6818,-122.165,1670,51376,12148,53046,1160,49,49
3,2.5,1930,64904,1,0,0,4,8,1930,0,47.346,-122.157,2350,57500,66834,59850,1930,27,27
4,2.5,2120,215186,2,0,0,2,7,2120,0,47.701,-121.857,2000,215186,217306,217186,2120,31,31
3,1,1050,7560,1,0,0,3,7,1050,0,47.525,-122.371,1490,7560,8610,9050,1050,63,63
3,2,1610,5100,1,0,0,5,8,1610,0,47.6825,-122.307,1740,5100,6710,6840,1610,74,74
3,2.25,2140,11266,2,0,0,3,7,2140,0,47.7267,-121.966,2000,14174,13406,16174,2140,28,28
3,1.5,1250,8700,1,0,0,4,7,1250,0,47.4744,-122.328,1300,8700,9950,10000,1250,55,55
3,1,1220,6600,1,0,0,3,6,1220,0,47.5297,-121.827,1100,6600,7820,7700,1220,56,56
3,2,1580,4961,2,0,0,3,7,1580,0,47.3338,-122.053,2280,5000,6541,7280,1580,9,9
3,1,1020,8100,1,0,0,3,7,1020,0,47.3586,-122.314,1020,8100,9120,9120,1020,60,60
2,1,1450,9150,1,0,0,4,7,1450,0,47.4689,-122.277,1440,10636,10600,12076,1450,50,50
4,2.5,2770,63118,2,0,0,3,9,2770,0,47.6622,-121.961,2770,44224,65888,46994,2770,17,17
3,1.75,1300,4000,1,0,0,3,7,900,400,47.6368,-122.388,1750,4000,5300,5750,1300,61,61
5,2.5,2670,184140,1,0,0,3,8,1410,1260,47.3429,-122.097,1860,35719,186810,37579,2670,35,35
4,2.75,2320,12368,1,0,0,3,8,1670,650,47.7373,-122.35,2070,9575,14688,11645,2320,47,47
3,2.25,1500,1312,3,0,0,3,8,1500,0,47.6534,-122.346,1500,1282,2812,2782,1500,7,7
4,3.25,2630,2550,2,0,0,3,10,2030,600,47.6775,-122.385,1810,2600,5180,4410,2630,9,9
4,1.75,2100,7960,1,0,0,3,8,1340,760,47.6079,-122.195,2060,7960,10060,10020,2100,59,59
3,2.5,2460,4399,2,0,0,3,7,2460,0,47.5415,-121.884,2060,4399,6859,6459,2460,7,7
3,1.75,1770,8240,1,0,0,4,7,1240,530,47.3066,-122.378,2060,8250,10010,10310,1770,36,36
3,2.25,1540,1270,3,0,0,3,7,1540,0,47.6935,-122.341,1230,1454,2810,2684,1540,0,0
5,2.5,2380,91476,1,0,0,4,8,1580,800,47.479,-122.153,1880,12870,93856,14750,2380,38,38
2,2,1140,1118,2,0,0,3,7,1040,100,47.596,-122.311,1140,1118,2258,2258,1140,5,5
4,1.75,1700,20283,1,0,0,3,7,1340,360,47.7694,-121.903,1680,21369,21983,23049,1700,49,49
4,1.75,1700,7800,1,0,0,5,7,1120,580,47.4801,-122.158,1560,7800,9500,9360,1700,33,33
4,2.5,2160,5298,2,0,0,4,9,2160,0,47.6106,-122.31,1720,2283,7458,4003,2160,112,112
3,1.75,2070,5500,1,0,0,4,7,1130,940,47.6733,-122.301,1800,4400,7570,6200,2070,68,68
4,3.5,3930,43560,2,0,0,3,10,3930,0,47.7497,-122.121,2860,36460,47490,39320,3930,12,12
3,2.5,1550,4486,2,0,0,3,7,1550,0,47.3299,-122.269,1700,4487,6036,6187,1550,15,15
5,2,1760,21562,1,0,1,3,8,1560,200,47.7597,-122.263,2150,12676,23322,14826,1760,55,55
4,2.5,2070,8685,2,0,0,3,7,2070,0,47.4697,-122.267,2170,9715,10755,11885,2070,9,9
3,2.5,1970,8727,2,0,0,3,7,1970,0,47.3263,-122.189,1670,9168,10697,10838,1970,20,20
3,2,2290,5001,1,0,0,4,7,1490,800,47.6909,-122.339,1230,5001,7291,6231,2290,55,55
3,1,860,1664,1,0,0,3,7,860,0,47.6761,-122.384,1540,4080,2524,5620,860,88,88
3,1.75,1460,7700,1,0,0,3,7,1460,0,47.6981,-122.127,1720,7280,9160,9000,1460,35,35
4,2.75,3040,2800,2,0,0,3,9,2100,940,47.6245,-122.327,1260,2178,5840,3438,3040,108,0
4,3,2720,3800,2,0,0,5,8,1800,920,47.6756,-122.306,1940,4001,6520,5941,2720,95,95
3,2.25,1210,1250,3,0,0,3,8,1210,0,47.6722,-122.384,1780,5000,2460,6780,1210,0,0
3,1,1290,12231,1,0,0,3,7,1290,0,47.7404,-122.11,1390,11632,13521,13022,1290,38,38
3,1,1500,12616,1,0,0,3,7,1500,0,47.7415,-122.101,1820,13950,14116,15770,1500,48,48
4,1,1910,16320,1,0,0,3,6,1910,0,47.5151,-122.366,1380,9000,18230,10380,1910,80,80
4,1,1300,1651359,1,0,3,4,6,1300,0,47.2313,-122.023,2560,425581,1652659,428141,1300,95,95
3,2.5,1990,20466,1,0,0,4,8,1410,580,47.3259,-121.896,1660,93393,22456,95053,1990,27,27
4,1.75,2160,39430,1,0,0,4,8,1660,500,47.6378,-122.185,2430,35329,41590,37759,2160,40,40
5,4.5,6085,142725,3,0,0,3,11,6085,0,47.6085,-121.952,4830,128457,148810,133287,6085,14,14
4,2.75,2490,17833,2,0,2,3,9,1490,1000,47.7206,-122.284,2640,16943,20323,19583,2490,35,35
3,2.5,2130,3500,1,0,0,4,8,1210,920,47.736,-122.159,2030,3710,5630,5740,2130,20,20
4,2.75,3030,21780,2,0,0,3,8,3030,0,47.4481,-122.338,3020,28027,24810,31047,3030,28,28
2,1.75,1400,865,2,0,0,3,8,1110,290,47.5478,-121.999,1380,1107,2265,2487,1400,10,10
4,4,4168,8485,2,0,0,3,10,3222,946,47.3029,-122.387,4362,8100,12653,12462,4168,7,7
3,2.5,1690,10113,1,0,0,3,7,1310,380,47.7381,-122.223,1690,10113,11803,11803,1690,23,23
2,1,1140,5100,1,0,0,3,7,1140,0,47.5323,-122.383,1230,5100,6240,6330,1140,72,72
2,1.75,1210,7733,1,0,0,3,6,1210,0,47.7148,-122.282,1670,7733,8943,9403,1210,111,111
4,2.5,1960,7133,2,0,0,3,7,1960,0,47.4941,-122.19,1960,6705,9093,8665,1960,12,12
2,1,1110,3943,1,0,0,5,6,740,370,47.6436,-122.352,1590,4311,5053,5901,1110,98,98
2,1,820,4206,1,0,0,3,5,820,0,47.7076,-122.284,1810,7200,5026,9010,820,66,66
3,2.5,1600,7295,2,0,0,2,7,1600,0,47.3904,-122.165,1410,9000,8895,10410,1600,22,22
3,2.5,2310,4930,2,0,0,4,8,2310,0,47.4512,-122.208,2230,5324,7240,7554,2310,25,25
4,2.5,3030,47958,1,0,0,3,8,1660,1370,47.4598,-122.004,2740,36017,50988,38757,3030,34,34
4,1.75,2120,15920,1,0,0,4,7,1060,1060,47.771,-122.258,2200,12580,18040,14780,2120,54,54
3,1.75,1540,7490,1,0,0,5,7,1540,0,47.7222,-122.177,1270,7350,9030,8620,1540,44,44
4,2.5,2000,5684,2,0,0,3,8,2000,0,47.7443,-122.22,2210,7066,7684,9276,2000,18,18
4,3,3610,18948,2,0,0,3,10,3610,0,47.2911,-122.342,3568,18948,22558,22516,3610,22,22
4,1.5,1490,7560,2,0,0,3,7,1490,0,47.3684,-122.318,1490,7689,9050,9179,1490,48,48
3,2.5,3240,7857,2,0,0,3,10,3240,0,47.5857,-122.038,2970,7857,11097,10827,3240,20,20
3,1.5,2400,10275,1,0,0,4,8,1540,860,47.6888,-122.126,2380,10125,12675,12505,2400,50,50
3,3,2410,7479,2,0,2,3,7,2410,0,47.7394,-122.288,2610,7479,9889,10089,2410,72,26
3,3.25,2330,4000,1,0,2,3,10,1730,600,47.5882,-122.295,2080,4000,6330,6080,2330,51,15
4,2.25,2030,2222,2,0,0,3,9,1610,420,47.679,-122.375,1420,2222,4252,3642,2030,0,0
3,2,1610,8400,1,0,0,3,8,1610,0,47.1958,-122.009,1930,8459,10010,10389,1610,25,25
3,1,1280,4875,1,0,0,5,6,1280,0,47.3686,-122.081,1060,4875,6155,5935,1280,45,45
5,1.75,3290,8000,1,0,0,3,7,1790,1500,47.3733,-122.214,2380,7000,11290,9380,3290,47,47
3,1,980,2490,2,0,0,4,6,980,0,47.317,-122.182,980,3154,3470,4134,980,45,45
2,1.75,2220,33000,1,0,0,4,8,2220,0,47.7403,-122.129,2220,33000,35220,35220,2220,44,44
4,1.75,2690,46609,1,0,0,3,7,2690,0,47.4951,-122.352,1920,7302,49299,9222,2690,74,74
4,1,1410,6000,1,0,0,3,7,810,600,47.566,-122.373,1500,4800,7410,6300,1410,89,89
3,1,860,11725,1,0,0,4,6,860,0,47.5093,-122.184,1300,9514,12585,10814,860,72,72
3,1,1260,6000,1,0,0,4,6,1260,0,47.4187,-122.323,1520,6600,7260,8120,1260,61,61
3,2,1160,7217,1,0,0,3,7,1160,0,47.7279,-122.227,1870,9104,8377,10974,1160,45,45
3,1,1090,3523,1,0,0,4,6,1090,0,47.3161,-122.182,1030,3200,4613,4230,1090,45,45
4,2.75,2620,6707,2,0,0,3,9,2620,0,47.5965,-122.038,2590,6530,9327,9120,2620,14,14
2,1.5,1010,7719,2,0,0,3,7,1010,0,47.5128,-122.189,1210,7719,8729,8929,1010,33,33
5,3.5,3920,5150,2,0,0,3,9,2820,1100,47.6638,-122.084,3170,5530,9070,8700,3920,11,11
5,3.5,3700,8504,2,0,0,3,8,2750,950,47.669,-122.275,2370,6246,12204,8616,3700,64,0
2,1,860,8308,1,0,0,4,7,860,0,47.5075,-122.377,1310,8308,9168,9618,860,66,66
3,2,1530,6773,1,0,0,4,8,1530,0,47.6653,-122.194,2240,7201,8303,9441,1530,30,30
3,1,1790,6120,1,0,0,3,6,1790,0,47.508,-122.337,830,6120,7910,6950,1790,78,51
3,1.75,1630,1166,2,0,0,3,8,1020,610,47.6646,-122.367,1420,1670,2796,3090,1630,2,2
3,2.5,1960,9686,1,0,0,3,8,1460,500,47.6339,-122.026,1960,8254,11646,10214,1960,25,25
4,3,2110,1286,2,0,0,3,9,1710,400,47.5444,-122.014,2000,1286,3396,3286,2110,8,8
3,2.25,2210,10794,1,0,0,3,7,1540,670,47.4911,-122.224,2230,10753,13004,12983,2210,47,47
4,2.5,2531,6843,2,0,0,3,8,2531,0,47.385,-122.189,2604,6238,9374,8842,2531,1,1
3,1,1370,4040,1,0,0,3,7,1370,0,47.6867,-122.354,1220,3030,5410,4250,1370,108,108
3,1.75,1870,7030,1,0,0,3,7,1870,0,47.6999,-122.17,1820,7500,8900,9320,1870,38,38
5,4,3210,7200,2,0,0,3,8,2410,800,47.7329,-121.966,2750,7200,10410,9950,3210,3,3
2,2.5,2680,7625,1,0,0,3,9,2680,0,47.7094,-122.024,2310,7395,10305,9705,2680,12,12
3,1.75,1550,12956,1,0,0,3,7,1210,340,47.4711,-121.752,1630,15360,14506,16990,1550,26,26
3,2,2150,7200,1,0,0,3,8,2150,0,47.5709,-122.018,2510,7222,9350,9732,2150,27,27
3,1,1910,8190,1,0,0,4,7,1010,900,47.697,-122.365,1600,5042,10100,6642,1910,68,68
3,2.5,2280,3710,1,0,0,3,8,1550,730,47.735,-122.159,2030,3710,5990,5740,2280,24,24
3,2.25,1740,7345,1,0,0,3,7,1380,360,47.3663,-122.285,1770,8250,9085,10020,1740,42,42
4,3.5,3530,14406,2,0,1,3,10,2570,960,47.7073,-122.244,3170,15181,17936,18351,3530,27,27
2,1,620,4760,1,0,0,3,6,620,0,47.5286,-122.376,620,4760,5380,5380,620,74,74
4,2.5,2820,33750,2,0,0,4,9,2820,0,47.7387,-122.096,2510,36180,36570,38690,2820,31,31
2,1,1100,7680,1,0,0,4,7,1100,0,47.7439,-122.339,1460,7680,8780,9140,1100,65,65
3,2.5,2020,3000,1,0,0,4,6,1010,1010,47.5621,-122.291,1670,3000,5020,4670,2020,104,104
4,2.5,2830,10954,2,0,0,3,8,2830,0,47.5396,-121.882,2470,10443,13784,12913,2830,11,11
3,1.75,1930,6000,1,0,0,3,8,1130,800,47.6516,-122.375,1870,6000,7930,7870,1930,59,59
3,2.25,1860,8378,2,0,0,3,7,1860,0,47.3875,-122.032,1870,8378,10238,10248,1860,20,20
5,1.75,1250,10530,1,0,0,4,7,1250,0,47.6101,-122.138,1560,8190,11780,9750,1250,48,48
4,2.5,2940,7675,2,0,0,3,9,2940,0,47.7054,-122.129,3120,6574,10615,9694,2940,10,10
3,1,1290,5500,1,0,0,3,7,980,310,47.5266,-122.392,1680,5000,6790,6680,1290,63,63
3,1.5,2240,7227,2,0,1,3,9,1440,800,47.6208,-122.093,3150,16150,9467,19300,2240,37,37
5,1,1590,6700,1,0,0,3,6,1090,500,47.5075,-122.35,1370,8040,8290,9410,1590,72,72
2,2.25,1180,1253,2,0,0,3,8,840,340,47.6124,-122.309,1310,1963,2433,3273,1180,6,6
2,1,830,6893,1,0,0,3,7,830,0,47.7234,-122.328,1470,7200,7723,8670,830,65,65
3,2.25,1460,5818,1,0,0,3,7,1140,320,47.3113,-122.358,1490,6031,7278,7521,1460,28,28
4,3,2340,7048,1,0,0,4,8,1340,1000,47.7306,-122.227,1440,8088,9388,9528,2340,35,35
5,2.75,2330,8000,1,0,0,4,7,1550,780,47.6651,-122.144,1750,8419,10330,10169,2330,42,42
3,1.75,1500,7367,1,0,0,3,8,1500,0,47.6722,-122.167,1920,7579,8867,9499,1500,41,41
2,2.5,1240,1249,3,0,0,3,8,1240,0,47.6718,-122.386,1240,2500,2489,3740,1240,8,8
5,4.25,4830,11466,2,0,0,3,10,3720,1110,47.5774,-122.222,2180,11017,16296,13197,4830,0,0
4,2.5,2680,3626,1,0,3,4,7,1680,1000,47.6727,-122.361,1950,4500,6306,6450,2680,86,86
4,2.75,2610,8967,2,0,0,4,8,2610,0,47.3747,-122.124,2390,7852,11577,10242,2610,25,25
5,2.25,2290,39000,2,0,0,3,8,2290,0,47.7012,-122.12,2750,39900,41290,42650,2290,36,36
4,2.25,3040,10283,1,0,0,4,8,1430,1610,47.6268,-122.038,1870,11074,13323,12944,3040,31,31
2,1,880,10950,1,0,0,4,7,880,0,47.7332,-122.352,1450,7560,11830,9010,880,71,71
2,1,720,6686,1,0,0,3,6,720,0,47.7003,-122.362,1200,6686,7406,7886,720,72,72
3,2.25,2130,8801,1,0,0,3,8,1370,760,47.7462,-122.29,2820,8801,10931,11621,2130,38,38
3,1.75,1540,61419,1,0,0,3,7,1540,0,47.7663,-122.228,3790,8529,62959,12319,1540,47,47
4,4,5040,17208,1,0,0,5,10,2870,2170,47.5701,-122.188,4050,18647,22248,22697,5040,39,39
3,1.75,2370,6360,1,0,3,3,7,1280,1090,47.5039,-122.24,1990,6360,8730,8350,2370,60,60
3,2.5,2170,3200,1,0,0,5,7,1280,890,47.6543,-122.347,1180,1224,5370,2404,2170,91,91
3,2,1340,6783,1,0,0,4,7,1340,0,47.3504,-122.177,1630,6458,8123,8088,1340,28,28
5,2.5,3361,6983,2,0,0,3,10,3361,0,47.3427,-122.169,3112,6920,10344,10032,3361,8,8
3,2.25,2880,7200,1,0,0,3,8,1710,1170,47.7707,-122.35,1880,10200,10080,12080,2880,44,44
3,1.75,2610,117176,1,0,0,3,7,1390,1220,47.2585,-121.925,2140,142005,119786,144145,2610,33,33
4,2.25,3410,57063,2,0,0,4,8,2410,1000,47.505,-122.11,2870,145490,60473,148360,3410,37,37
3,2.25,1440,3488,2,0,0,4,7,1440,0,47.7257,-122.162,1390,3488,4928,4878,1440,31,31
3,2.5,3280,6750,2,0,1,3,9,2440,840,47.5219,-122.38,1770,6387,10030,8157,3280,14,14
3,1.75,2130,4400,1,0,0,3,7,1430,700,47.6417,-122.325,1710,3300,6530,5010,2130,92,92
2,1.75,1960,30144,1,0,0,3,7,980,980,47.4234,-122.212,1960,10140,32104,12100,1960,57,57
3,2.5,1210,2046,2,0,0,3,9,920,290,47.5212,-122.357,1070,651,3256,1721,1210,6,6
4,1.75,2040,6000,1,0,0,5,7,1020,1020,47.5507,-122.383,1440,6000,8040,7440,2040,71,71
4,3.25,3160,8876,2,0,0,3,9,2460,700,47.5153,-122.178,2900,10000,12036,12900,3160,18,18
3,2.25,1370,6600,2,0,0,4,7,1370,0,47.3504,-122.035,1370,6600,7970,7970,1370,22,22
3,2.5,3090,13316,2,0,0,3,10,3090,0,47.588,-122.079,2980,14437,16406,17417,3090,22,22
3,1.75,1340,8250,1,0,0,3,7,1100,240,47.3668,-122.09,1540,7860,9590,9400,1340,29,29
3,2.25,1740,10378,1,0,0,5,7,1740,0,47.3815,-122.09,1420,10167,12118,11587,1740,37,37
3,1.75,1990,5650,1,0,1,3,7,1320,670,47.5086,-122.252,2130,5650,7640,7780,1990,51,51
3,2.25,2090,7450,1,0,0,3,7,1350,740,47.7598,-122.303,1740,7644,9540,9384,2090,37,37
4,2.75,2530,17856,2,0,0,3,8,2530,0,47.7356,-121.959,2530,14640,20386,17170,2530,16,16
3,2.5,2060,4742,2,0,0,3,8,2060,0,47.3706,-122.017,2370,4725,6802,7095,2060,0,0
4,1.5,1370,3708,1,0,0,3,7,1370,0,47.6849,-122.363,2030,3708,5078,5738,1370,88,88
3,2.25,1380,7226,1,0,0,4,7,1140,240,47.3677,-122.091,1640,7823,8606,9463,1380,27,27
3,2.5,2430,4203,2,0,0,3,8,2430,0,47.5346,-121.875,2500,4798,6633,7298,2430,13,13
3,2.5,1880,12368,1,0,0,4,7,1260,620,47.5901,-122.167,1950,11551,14248,13501,1880,47,47
3,1.75,1240,38095,1,0,0,3,7,1240,0,47.6522,-121.97,2060,38552,39335,40612,1240,36,36
2,1.75,1590,5136,1,0,3,3,9,1320,270,47.6424,-122.411,2520,5243,6726,7763,1590,87,87
5,2.5,2530,4229,2,0,0,3,7,2530,0,47.3531,-122.021,2070,4879,6759,6949,2530,10,10
3,2,2310,10525,2,0,0,5,7,2310,0,47.6727,-122.174,1430,10523,12835,11953,2310,49,49
3,1.75,2080,9162,1,0,0,3,7,1370,710,47.5846,-122.168,1870,8944,11242,10814,2080,54,54
4,2,2340,6000,1,0,0,5,8,1270,1070,47.6495,-122.401,1600,6000,8340,7600,2340,61,61
4,2,1600,12500,1,0,0,5,7,1600,0,47.4713,-122.355,1260,8306,14100,9566,1600,77,77
3,2.5,2480,37843,1,1,3,4,8,2480,0,47.4003,-122.422,2350,42122,40323,44472,2480,40,40
4,3.5,3470,7396,2,0,3,3,8,2520,950,47.7146,-122.279,2360,10541,10866,12901,3470,35,35
2,1,1140,7200,1,0,0,3,6,1140,0,47.5265,-121.823,1110,7200,8340,8310,1140,92,64
4,2,2420,31465,1,0,0,3,9,2420,0,47.3131,-122.115,2560,32186,33885,34746,2420,31,31
3,1,1590,4600,1,0,0,4,7,1290,300,47.6807,-122.399,1770,4350,6190,6120,1590,88,88
5,3.25,4140,32700,1,0,4,3,10,2190,1950,47.7633,-122.369,3220,22077,36840,25297,4140,42,42
4,1.5,1560,6534,1,0,0,4,7,1560,0,47.6012,-122.152,1560,6969,8094,8529,1560,53,53
3,1,1710,4050,1,0,0,3,7,1710,0,47.6732,-122.331,1790,4896,5760,6686,1710,105,105
3,2.5,1660,6263,2,0,0,3,8,1660,0,47.3507,-122.141,2190,6192,7923,8382,1660,11,11
4,2.5,3281,5354,2,0,0,3,9,3281,0,47.3273,-122.163,2598,4815,8635,7413,3281,0,0
3,1.75,2040,8173,1,0,0,3,7,1470,570,47.7439,-122.333,1900,8172,10213,10072,2040,56,56
3,2,1750,2550,1,0,0,3,7,1750,0,47.7329,-122.343,1370,1533,4300,2903,1750,60,60
4,2.75,1690,6090,1,0,0,3,7,1400,290,47.6814,-122.269,1820,6090,7780,7910,1690,69,69
3,2.25,2270,32112,1,0,0,4,8,1740,530,47.3451,-122.094,2310,41606,34382,43916,2270,34,34
3,1,1330,5100,1,0,0,3,7,900,430,47.6837,-122.291,1500,5100,6430,6600,1330,73,73
4,2.5,2390,6775,2,0,0,3,7,2390,0,47.4811,-122.182,2560,6346,9165,8906,2390,11,11
4,2.5,2570,7173,2,0,0,3,8,2570,0,47.7073,-122.11,2630,6026,9743,8656,2570,10,10
3,1.75,1200,9085,1,0,0,4,7,1200,0,47.2795,-122.353,1200,9085,10285,10285,1200,46,46
5,2.75,2980,4502,2,0,0,3,9,2980,0,47.7698,-122.235,2850,4501,7482,7351,2980,7,7
5,3.5,2690,4800,2,0,2,3,8,1930,760,47.5592,-122.269,2080,4900,7490,6980,2690,96,31
5,6.25,8020,21738,2,0,0,3,11,8020,0,47.5675,-122.189,4160,18969,29758,23129,8020,13,13
2,2.5,1280,1566,2,0,0,3,7,1280,0,47.4336,-122.195,1460,1845,2846,3305,1280,9,9
2,1.75,1720,5785,1,0,0,3,6,860,860,47.5554,-122.274,1680,5184,7505,6864,1720,67,13
3,2.5,2720,11937,2,0,0,3,9,2720,0,47.4185,-122.212,2590,9683,14657,12273,2720,25,25
3,1.75,2150,19127,1,0,0,3,7,1650,500,47.5061,-122.324,1550,15000,21277,16550,2150,37,37
2,1,820,6200,1,0,0,4,6,820,0,47.4163,-122.34,1410,14000,7020,15410,820,60,60
3,1,1020,4800,1,0,0,3,7,1020,0,47.5615,-122.272,1400,5465,5820,6865,1020,70,70
2,1,1070,5080,1,0,0,5,6,1070,0,47.5224,-122.35,900,5080,6150,5980,1070,73,73
4,1,1290,6034,1,0,0,3,6,1050,240,47.5223,-122.286,1060,6034,7324,7094,1290,65,65
4,2.5,2950,48351,2,0,0,3,10,2950,0,47.5938,-122.048,2870,34417,51301,37287,2950,29,29
3,1.5,1250,7200,1,0,0,4,7,1250,0,47.3678,-122.282,1250,7560,8450,8810,1250,36,36
3,1,980,7480,1,0,0,3,6,830,150,47.5206,-122.363,1140,7480,8460,8620,980,66,66
3,2.25,2380,6000,1,0,0,3,8,2040,340,47.6955,-122.275,1680,7200,8380,8880,2380,53,53
3,2,1770,14400,1,0,0,4,8,1770,0,47.415,-122.337,1900,14400,16170,16300,1770,55,55
3,2.5,2430,7613,2,0,0,4,8,2430,0,47.4383,-122.135,2440,8342,10043,10782,2430,28,28
4,2.5,2910,4680,1,0,0,5,9,1850,1060,47.6745,-122.31,1960,4120,7590,6080,2910,78,78
3,2.5,1810,1658,3,0,0,3,8,1810,0,47.6955,-122.376,1470,1585,3468,3055,1810,16,16
5,3.5,3420,4216,2,0,0,3,9,2520,900,47.6799,-122.304,1420,4500,7636,5920,3420,6,6
4,1.5,2500,6300,1,0,0,4,7,1500,1000,47.3781,-122.284,1720,8925,8800,10645,2500,53,53
4,1,1580,8475,1,0,2,4,7,1580,0,47.5104,-122.254,1700,5650,10055,7350,1580,86,86
4,2.75,2380,15800,1,0,0,3,8,1680,700,47.5929,-122.133,1950,11751,18180,13701,2380,57,13
3,1,1570,4000,2,0,0,5,8,1570,0,47.6575,-122.346,1640,4000,5570,5640,1570,106,106
3,1.75,1490,8366,1,0,0,4,7,1010,480,47.375,-122.14,1490,7469,9856,8959,1490,39,39
3,3,3530,8345,2,0,0,3,10,3530,0,47.7338,-122.234,1940,9600,11875,11540,3530,9,9
4,3,1830,9548,2,0,0,3,7,1830,0,47.7379,-122.224,1740,9750,11378,11490,1830,23,23
3,2,1290,1213,3,0,0,3,8,1290,0,47.6609,-122.344,1290,3235,2503,4525,1290,13,13
3,1,1090,6125,1,0,0,4,6,790,300,47.5343,-122.37,1050,6125,7215,7175,1090,69,69
3,2.5,2250,4337,2,0,0,3,8,2250,0,47.5908,-122.017,2250,4721,6587,6971,2250,10,10
4,2.5,2360,5226,2,0,0,3,8,2360,0,47.712,-122.229,2440,5156,7586,7596,2360,13,13
3,1.75,1580,11455,1,0,0,4,7,1200,380,47.4756,-122.147,1550,10650,13035,12200,1580,41,41
4,1.5,1430,6380,1,0,0,4,9,1430,0,47.7014,-122.313,1220,5112,7810,6332,1430,84,84
4,1.5,1780,5100,1,0,0,3,7,1320,460,47.6944,-122.288,1880,5100,6880,6980,1780,62,62
5,2.5,2760,11340,2,0,0,4,9,2760,0,47.4769,-122.141,2470,11340,14100,13810,2760,36,36
2,1,950,3060,1,0,0,3,6,810,140,47.6698,-122.323,1510,3780,4010,5290,950,89,89
4,2.5,2110,8990,2,0,0,3,8,2110,0,47.4457,-122.127,2040,8800,11100,10840,2110,37,37
3,2.25,1460,941,3,0,0,3,8,1460,0,47.7145,-122.356,1490,1399,2401,2889,1460,8,8
3,2.25,1450,4667,2,0,0,3,7,1450,0,47.7611,-122.233,1490,4667,6117,6157,1450,5,5
2,0.75,660,5240,1,0,0,4,4,660,0,47.3881,-122.234,850,5080,5900,5930,660,102,102
3,2.5,2290,2798,3,0,0,4,9,2290,0,47.641,-122.315,2260,5000,5088,7260,2290,61,31
5,2.75,4450,9600,2,0,0,3,9,3650,800,47.7336,-122.21,4000,9750,14050,13750,4450,0,0
3,1.75,1470,8925,1,0,0,4,7,1470,0,47.2026,-122,1430,9282,10395,10712,1470,57,57
4,3,3150,9130,2,0,0,3,9,3150,0,47.5974,-122.017,2970,6228,12280,9198,3150,13,13
3,2.5,1580,3075,2,0,0,3,8,1580,0,47.545,-122.368,1710,2934,4655,4644,1580,1,1
4,3.5,3510,7200,2,0,0,3,9,2600,910,47.5537,-122.398,2050,6200,10710,8250,3510,6,6
4,2,2020,8100,1,0,0,4,7,1160,860,47.7307,-122.297,1840,8680,10120,10520,2020,69,69
6,4.5,6040,219542,2,0,0,3,11,4100,1940,47.5622,-122.003,2010,32362,225582,34372,6040,18,18
3,2.25,2180,60112,2,0,0,3,8,2180,0,47.6723,-122.082,2060,120225,62292,122285,2180,39,39
4,3.5,2540,5808,2,0,0,5,8,1820,720,47.6857,-122.376,1520,5461,8348,6981,2540,105,29
3,2.25,3250,34848,1,0,0,3,10,2260,990,47.6077,-122.158,2770,21512,38098,24282,3250,8,8
2,1,1210,18700,1,0,0,4,7,1210,0,47.3752,-122.166,2250,10048,19910,12298,1210,74,74
2,1,760,4746,1,0,0,3,5,760,0,47.4836,-122.214,1360,7810,5506,9170,760,84,84
2,1,1040,11500,1,0,0,5,7,1040,0,47.2791,-122.3,1300,11954,12540,13254,1040,68,68
4,2.25,2160,8817,1,0,0,3,7,1460,700,47.7595,-122.356,1880,8817,10977,10697,2160,49,49
2,2,1030,21712,1,0,0,4,6,1030,0,47.4905,-122.331,1790,9199,22742,10989,1030,76,76
3,1,1250,5411,1,0,0,3,7,1250,0,47.5064,-122.265,1490,6320,6661,7810,1250,34,34
3,2,2320,9420,1,0,0,5,7,2320,0,47.5133,-122.196,2030,9420,11740,11450,2320,62,62
3,2.5,1460,4961,1,0,0,4,8,1150,310,47.6955,-122.183,1550,5449,6421,6999,1460,26,26
4,2.5,1870,8449,2,0,0,3,8,1870,0,47.4435,-122.274,2160,8113,10319,10273,1870,22,22
3,1.75,1860,7191,1,0,0,4,7,1260,600,47.4338,-122.168,1850,7490,9051,9340,1860,40,40
3,2.25,1740,9488,1,0,0,4,8,1180,560,47.5339,-122.174,1880,8615,11228,10495,1740,38,38
4,2.5,3690,13609,2,0,2,3,10,3690,0,47.5872,-121.972,3600,13609,17299,17209,3690,18,18
4,2.75,2500,10330,1,0,0,4,8,1380,1120,47.7743,-122.286,2270,10430,12830,12700,2500,36,36
3,2.5,1320,1310,3,0,0,3,8,1320,0,47.6719,-122.38,1350,1250,2630,2600,1320,8,8
3,1.5,1480,10588,1,0,0,3,7,1480,0,47.2872,-122.212,1370,10588,12068,11958,1480,57,57
3,1.5,1500,5111,2,0,0,5,8,1500,0,47.6118,-122.284,2380,4519,6611,6899,1500,31,31
4,2.5,3190,49658,2,0,0,3,10,3190,0,47.6216,-122.015,3040,49658,52848,52698,3190,15,15
3,2.5,2230,4850,2,0,0,3,8,2230,0,47.7295,-122.334,2230,4513,7080,6743,2230,1,1
2,1.5,1295,1093,2,0,0,3,9,1105,190,47.6192,-122.299,1295,1413,2388,2708,1295,7,7
3,2.5,2230,5717,2,0,0,3,7,2230,0,47.4388,-122.117,2230,5194,7947,7424,2230,11,11
2,1,930,7550,1,0,0,3,6,930,0,47.4866,-122.303,1370,10176,8480,11546,930,28,28
2,2.5,1740,2500,2,0,2,3,8,1210,530,47.622,-122.3,1640,2500,4240,4140,1740,20,20
4,2.5,2380,12573,1,0,0,4,9,2380,0,47.5984,-122.176,2900,10700,14953,13600,2380,51,51
4,3.5,3600,5697,2,0,0,3,9,2940,660,47.5755,-122.071,3490,5911,9297,9401,3600,0,0
5,3,3320,5354,2,0,0,3,9,3320,0,47.6542,-122.331,2330,4040,8674,6370,3320,11,11
3,3.5,2450,9248,2,0,4,3,8,1960,490,47.5476,-122.397,2620,10207,11698,12827,2450,81,21
3,1,1080,10200,1,0,0,4,7,1080,0,47.3215,-122.351,1230,10400,11280,11630,1080,52,52
3,1.75,1800,9000,1,0,0,3,7,1200,600,47.4932,-122.278,980,6000,10800,6980,1800,53,53
4,3.25,3140,10752,2,0,0,3,7,2300,840,47.5022,-122.363,1300,9920,13892,11220,3140,22,22
3,3.25,2230,5460,1,0,1,4,8,1430,800,47.53,-122.388,2070,5600,7690,7670,2230,38,38
3,1,920,6460,1,0,0,5,6,920,0,47.3665,-122.082,920,4770,7380,5690,920,45,45
4,2.75,3370,6675,1,0,3,4,8,1920,1450,47.5887,-122.291,2250,5550,10045,7800,3370,66,66
3,2.25,1640,5880,1,0,0,3,7,1240,400,47.5323,-122.351,1200,4760,7520,5960,1640,38,38
2,1.75,1350,4023,1,0,0,3,7,1350,0,47.3493,-122.023,1370,3570,5373,4940,1350,10,10
4,2.5,2560,5593,2,0,0,3,7,2560,0,47.6886,-122.037,2800,5890,8153,8690,2560,13,13
3,1,930,6060,1,0,0,4,6,930,0,47.5289,-122.28,1640,6364,6990,8004,930,41,41
3,1,1420,10980,1,0,0,4,7,1200,220,47.574,-122.138,1630,9763,12400,11393,1420,60,60
3,2,2440,23512,1,0,0,3,6,1640,800,47.4594,-122.326,1630,19613,25952,21243,2440,81,81
4,2.5,3110,24466,2,0,0,3,9,3110,0,47.4898,-122.127,3080,22185,27576,25265,3110,17,17
5,3,2190,9652,2,0,0,3,7,2190,0,47.5049,-122.239,1440,6710,11842,8150,2190,16,16
4,1.75,1870,5200,2,0,0,4,7,1200,670,47.6843,-122.283,1790,5000,7070,6790,1870,77,77
3,2.5,1950,9906,2,0,0,3,8,1950,0,47.6363,-122.025,1860,7689,11856,9549,1950,26,26
4,2.5,3140,32336,1,0,0,3,10,3140,0,47.7412,-122.087,2340,19965,35476,22305,3140,20,20
3,2.5,1760,6477,2,0,0,4,8,1760,0,47.3731,-122.172,1890,6800,8237,8690,1760,28,28
3,3,3730,35900,1,0,0,3,9,2960,770,47.5814,-122.122,2280,16026,39630,18306,3730,35,35
3,2.25,1830,8276,1,0,0,3,8,1350,480,47.6336,-122.025,1920,8276,10106,10196,1830,26,26
4,2.5,2980,5896,2,0,0,3,8,2980,0,47.6872,-122.036,2900,5712,8876,8612,2980,14,14
4,1.75,1900,10297,1,0,0,4,8,1900,0,47.5944,-122.155,2220,9612,12197,11832,1900,48,48
3,1.75,1860,5750,1,0,0,5,6,1300,560,47.5586,-122.383,1550,5750,7610,7300,1860,96,96
3,2.25,1980,40887,1,0,0,4,8,1980,0,47.6478,-122.029,2460,35700,42867,38160,1980,34,34
4,2.5,2730,10281,2,0,2,3,9,2730,0,47.6227,-122.029,2750,7220,13011,9970,2730,18,18
3,1.75,2430,8820,1,0,2,3,8,1630,800,47.4972,-122.233,2390,10050,11250,12440,2430,37,37
2,1.5,1900,4450,1,0,0,5,7,1500,400,47.5834,-122.293,2130,5000,6350,7130,1900,98,98
4,2.25,3040,9690,1,0,0,4,9,1940,1100,47.5923,-122.169,2430,9690,12730,12120,3040,36,36
4,2.5,3480,38985,2,0,0,3,10,3480,0,47.6895,-122.052,3630,36290,42465,39920,3480,25,25
3,2,2460,41343,1,0,0,4,8,2460,0,47.5142,-122.021,2500,53885,43803,56385,2460,26,26
3,1.5,1500,8272,1,0,0,4,7,1500,0,47.7741,-122.38,1630,8270,9772,9900,1500,56,56
3,1.75,1740,8528,1,0,0,4,7,1290,450,47.7097,-122.303,1610,8528,10268,10138,1740,75,75
3,1.75,1830,4160,1,0,0,3,7,1230,600,47.5962,-122.288,1950,4160,5990,6110,1830,96,96
2,1,1150,6098,1,0,0,3,7,950,200,47.7259,-122.328,1790,8455,7248,10245,1150,67,67
3,2,1900,8100,1,0,0,4,7,950,950,47.6997,-122.319,1400,6380,10000,7780,1900,74,74
4,1.75,2930,11562,1,0,3,3,9,1670,1260,47.6765,-122.404,2530,6517,14492,9047,2930,67,67
3,2.5,1570,2865,2,0,0,3,7,1570,0,47.5412,-122.288,1610,2582,4435,4192,1570,11,11
4,2.5,2810,4922,2,0,0,3,9,2810,0,47.614,-122.041,2920,4922,7732,7842,2810,10,10
3,2.5,2250,5692,2,0,0,3,8,2250,0,47.5133,-122.379,1320,5390,7942,6710,2250,14,14
3,1,2140,5037,1,0,0,3,7,2140,0,47.5494,-122.274,1630,6054,7177,7684,2140,58,58
3,1,1580,6300,1,0,0,3,7,1180,400,47.6505,-122.384,1560,1601,7880,3161,1580,89,89
3,1,1080,10500,1,0,0,3,7,1080,0,47.32,-122.278,1200,9607,11580,10807,1080,47,47
3,2,1850,9600,1,0,0,3,7,1850,0,47.7671,-122.225,1770,9600,11450,11370,1850,47,17
5,4.5,3810,8019,2,0,0,3,10,3810,0,47.5915,-122.058,3390,7713,11829,11103,3810,6,6
4,2.5,1840,4011,2,0,0,3,9,1840,0,47.6662,-122.083,2120,4011,5851,6131,1840,9,9
3,2.5,1990,8991,1,0,0,3,7,1570,420,47.3939,-122.164,1920,8991,10981,10911,1990,45,45
3,2,1810,2738,2,0,0,4,9,1810,0,47.6112,-122.115,1760,2754,4548,4514,1810,35,35
3,2,2160,15788,1,0,0,3,8,2160,0,47.6227,-122.207,2260,9787,17948,12047,2160,64,64
3,2.5,2014,4500,2,0,0,3,7,2014,0,47.3371,-122.256,2014,4500,6514,6514,2014,10,10
4,2.25,3250,16684,2,0,0,3,9,3250,0,47.6334,-122.229,2890,16927,19934,19817,3250,35,35
4,1.75,1960,7945,1,0,0,4,7,980,980,47.7326,-122.291,1290,7945,9905,9235,1960,68,68
3,1.75,1260,11775,1,0,0,5,6,1260,0,47.5501,-122.296,1270,5480,13035,6750,1260,72,72
3,2.5,1670,5797,2,0,0,3,7,1670,0,47.3505,-122.179,1670,6183,7467,7853,1670,26,26
4,2.5,2100,1397,3,0,0,3,8,1580,520,47.5928,-122.295,1490,1201,3497,2691,2100,7,7
4,2.5,2160,9682,2,0,0,3,8,2160,0,47.4106,-122.204,1770,9600,11842,11370,2160,15,15
3,2.75,3580,14217,2,0,3,4,10,2210,1370,47.3244,-122.379,3990,14674,17797,18664,3580,26,26
2,1,840,5000,1,0,0,4,7,840,0,47.6803,-122.371,1240,5000,5840,6240,840,106,106
2,1,930,6900,1,0,2,3,7,930,0,47.506,-122.242,1910,7194,7830,9104,930,62,62
4,3.75,3190,17186,2,1,4,3,10,3190,0,47.5115,-122.246,2290,13496,20376,15786,3190,16,16
3,1.75,1700,8534,1,0,0,4,7,1700,0,47.6276,-122.205,2100,10443,10234,12543,1700,62,62
2,1.5,1480,15641,1,0,0,4,7,1480,0,47.5008,-122.366,1520,7525,17121,9045,1480,74,74
4,2.5,2090,6023,2,0,0,3,8,2090,0,47.5713,-121.997,2090,6023,8113,8113,2090,24,24
1,1,1060,54846,1,1,4,3,5,1060,0,47.4716,-122.445,2258,31762,55906,34020,1060,79,79
4,3.25,3680,8580,1,0,3,5,10,1840,1840,47.5266,-122.387,2700,9100,12260,11800,3680,56,56
5,1.75,2300,6720,2,0,0,3,7,2300,0,47.528,-122.32,1200,6000,9020,7200,2300,109,109
4,2.5,2540,5930,2,0,0,3,9,2540,0,47.6451,-122.387,1400,4000,8470,5400,2540,12,12
3,2,1260,2550,2,0,0,3,7,1260,0,47.6821,-122.378,1590,3825,3810,5415,1260,28,28
3,3.5,1590,1102,3,0,0,3,8,1590,0,47.6824,-122.347,1620,3166,2692,4786,1590,4,4
4,2.5,3370,4934,2,0,0,3,9,3370,0,47.3562,-122.022,2980,5046,8304,8026,3370,0,0
4,2.5,3190,4980,2,0,0,3,9,3190,0,47.3657,-122.034,2830,6720,8170,9550,3190,10,10
4,3.5,3190,6000,1,0,3,4,9,2410,780,47.5846,-122.29,2840,4000,9190,6840,3190,103,103
2,1,1410,3600,1,0,0,4,7,1310,100,47.6695,-122.338,1740,4200,5010,5940,1410,89,89
3,2.5,1610,3517,2,0,0,3,8,1610,0,47.4496,-122.189,1830,2889,5127,4719,1610,9,9
2,1,1250,5650,2,0,1,4,7,1250,0,47.5495,-122.377,1210,5650,6900,6860,1250,71,71
4,2.5,3340,12248,2,0,1,3,9,2470,870,47.5858,-122.379,2110,5679,15588,7789,3340,16,16
5,3,2560,12480,1,0,0,3,8,1590,970,47.7657,-122.284,2500,17299,15040,19799,2560,2,2
4,1.5,1800,3245,1,0,0,4,8,1800,0,47.6605,-122.331,1800,4275,5045,6075,1800,85,85
3,2.5,2460,54885,2,0,0,4,8,2460,0,47.4996,-122.146,2770,21407,57345,24177,2460,34,34
4,3.5,2690,5564,2,0,0,3,7,2690,0,47.3537,-122.018,2210,4046,8254,6256,2690,7,7
4,3,3220,6224,1,0,0,3,9,3220,0,47.4813,-122.129,2950,6224,9444,9174,3220,5,5
3,2.5,1690,1613,2,0,0,3,8,1150,540,47.5524,-121.998,1690,1619,3303,3309,1690,0,0
3,2,1440,5600,1,0,0,4,6,720,720,47.4947,-122.185,1120,5700,7040,6820,1440,72,7
4,2.5,3040,7200,2,0,0,3,9,3040,0,47.7747,-122.366,2360,8245,10240,10605,3040,7,7
4,1.75,2270,27122,1,0,0,5,8,1300,970,47.7637,-122.281,2380,11822,29392,14202,2270,57,57
5,2,2000,4211,1,0,2,4,7,1280,720,47.6283,-122.301,1680,4000,6211,5680,2000,106,106
4,1.75,1820,7700,1,0,0,4,7,1100,720,47.7545,-122.357,1700,8500,9520,10200,1820,59,59
4,2.5,2510,17200,1,0,2,4,9,1540,970,47.6287,-122.089,2370,14621,19710,16991,2510,38,38
3,2.5,2580,8154,1,0,0,3,10,2090,490,47.7259,-122.361,1660,8155,10734,9815,2580,58,17
3,1.75,2410,35236,1,0,0,3,8,2410,0,47.7651,-122.166,2110,16980,37646,19090,2410,34,13
4,2.5,2820,5934,1,0,3,5,9,1770,1050,47.5706,-122.403,2230,6000,8754,8230,2820,62,62
4,3.75,3920,4500,3,0,0,3,8,3920,0,47.6805,-122.346,2040,3000,8420,5040,3920,2,2
4,4.75,5310,57346,2,0,0,4,11,5310,0,47.7285,-122.042,4180,47443,62656,51623,5310,25,25
3,2.5,2540,7680,2,0,1,4,9,2540,0,47.7175,-122.364,2490,7680,10220,10170,2540,74,13
2,1,820,3844,1,0,0,4,6,820,0,47.7049,-122.349,1520,3844,4664,5364,820,98,98
3,2.25,2750,6203,1,1,4,5,7,1620,1130,47.6163,-122.068,2570,7009,8953,9579,2750,55,55
3,1.75,1370,10866,1,0,0,4,6,1370,0,47.6774,-122.164,1580,14250,12236,15830,1370,69,69
4,2.75,2390,7330,2,0,0,3,7,2390,0,47.3061,-122.359,1980,6735,9720,8715,2390,25,25
4,2.5,2070,4310,2,0,0,3,7,2070,0,47.5319,-121.85,1970,3748,6380,5718,2070,11,11
3,1.75,1070,7754,1,0,0,3,6,1070,0,47.5079,-122.344,950,7740,8824,8690,1070,62,62
4,2.75,1680,9545,1,0,0,4,7,1080,600,47.739,-122.243,1890,9545,11225,11435,1680,35,35
1,1,1220,4160,1,0,0,3,7,1220,0,47.6746,-122.315,1970,4200,5380,6170,1220,93,93
3,3.5,3380,108900,2,0,0,3,9,2700,680,47.4316,-122.075,2250,130680,112280,132930,3380,15,15
4,1,1480,7560,1,0,0,3,7,1480,0,47.7079,-122.358,1480,7560,9040,9040,1480,74,74
4,2.5,3400,35062,2,0,0,4,11,3400,0,47.7168,-122.113,2880,9705,38462,12585,3400,26,26
5,2.5,3650,9050,2,0,4,5,10,3370,280,47.6345,-122.367,2880,5400,12700,8280,3650,93,93
6,5,3440,4500,2,0,0,3,8,3280,160,47.4871,-122.219,1400,5500,7940,6900,3440,7,7
3,2.5,3070,223463,2,0,0,3,9,3070,0,47.664,-121.993,3640,223463,226533,227103,3070,12,12
4,2.5,3030,7800,2,0,0,3,9,1580,1450,47.689,-122.196,2840,7435,10830,10275,3030,24,24
3,1.75,1730,11986,1,0,3,5,6,1730,0,47.3595,-122.323,2490,9264,13716,11754,1730,96,96
3,1,1380,8147,1,0,0,4,7,1380,0,47.7407,-122.3,1360,8147,9527,9507,1380,67,67
4,2.75,1770,10184,1,0,0,3,8,1250,520,47.3074,-122.385,2070,8320,11954,10390,1770,35,35
5,3,5530,38816,1,0,2,3,10,5530,0,47.7352,-122.116,3800,44417,44346,48217,5530,46,21
4,3,2800,9127,2,0,0,3,9,2800,0,47.6123,-122.007,2780,8165,11927,10945,2800,16,16
4,1.75,1900,9861,1,0,0,4,7,1900,0,47.3615,-122.057,1720,7967,11761,9687,1900,48,48
4,2.5,3030,9500,2,0,0,3,8,3030,0,47.3511,-122.287,2650,9500,12530,12150,3030,26,26
3,2.25,1740,5460,1,0,0,3,7,1210,530,47.3648,-122.046,1740,7500,7200,9240,1740,16,16
4,3.5,3100,7600,2,0,0,3,10,3100,0,47.3892,-122.215,3350,7638,10700,10988,3100,10,10
4,3.5,2630,3757,2,0,0,3,10,2200,430,47.5322,-122.075,2620,2699,6387,5319,2630,7,7
6,3,3030,31920,1,0,0,4,8,1670,1360,47.575,-122.033,2890,35100,34950,37990,3030,34,34
5,4,4070,11334,2,0,0,3,10,4070,0,47.6771,-122.187,2640,9401,15404,12041,4070,1,1
3,2.5,1750,1548,3,0,0,3,9,1750,0,47.5532,-122.282,1750,3960,3298,5710,1750,1,1
4,2.75,1910,7210,1,0,0,4,7,1430,480,47.3693,-122.169,1750,7446,9120,9196,1910,35,35
5,1.75,1790,9335,2,0,0,5,8,1790,0,47.5945,-122.201,1840,9612,11125,11452,1790,62,62
4,1.75,2670,6250,2,0,0,4,8,2020,650,47.6499,-122.391,1820,6250,8920,8070,2670,73,73
4,1,1740,8100,1,0,0,4,7,1020,720,47.467,-122.185,1600,8949,9840,10549,1740,52,52
3,1.5,1360,6000,1,0,0,3,6,860,500,47.6846,-122.345,1560,3000,7360,4560,1360,103,103
4,1.5,1500,2106,2,0,0,3,7,1500,0,47.5669,-122.297,1490,2175,3606,3665,1500,0,0
3,1.75,2190,8000,1,0,0,4,8,2190,0,47.3098,-122.381,1980,8000,10190,9980,2190,47,47
3,1.75,2770,39927,1,0,0,4,8,1580,1190,47.4669,-122.003,2420,36384,42697,38804,2770,36,36
3,1.75,3400,46382,1,0,0,3,7,2050,1350,47.6458,-121.955,2320,20624,49782,22944,3400,35,35
2,1,1280,5500,1,0,0,3,7,1280,0,47.5179,-122.264,1270,5500,6780,6770,1280,66,66
4,3.5,3500,4000,2,0,0,3,10,2560,940,47.628,-122.299,1910,4000,7500,5910,3500,14,14
3,1,1010,7560,1,0,0,3,6,1010,0,47.4497,-122.176,1170,7560,8570,8730,1010,56,56
4,2.5,2030,3905,1,0,0,4,7,1630,400,47.6547,-122.34,2000,3905,5935,5905,2030,88,88
3,1,1480,6750,1,0,0,3,7,1480,0,47.505,-122.366,1480,7594,8230,9074,1480,57,57
2,2.5,1340,5995,2,0,0,3,7,1340,0,47.7366,-122.233,1540,6616,7335,8156,1340,26,26
3,1,1000,8018,1,0,0,3,7,1000,0,47.7285,-122.198,1270,8000,9018,9270,1000,45,45
3,1,1040,7405,1,0,0,4,6,1040,0,47.3105,-122.021,1580,7405,8445,8985,1040,44,44
3,1.75,1510,5200,1,0,0,4,7,860,650,47.6864,-122.365,1650,4160,6710,5810,1510,93,93
6,2.5,3880,5700,2,0,0,3,7,3880,0,47.6816,-122.038,2620,5070,9580,7690,3880,11,11
3,2.5,1770,7336,2,0,0,3,7,1770,0,47.3639,-122.185,1770,7349,9106,9119,1770,18,18
4,2.5,2490,5647,2,0,0,3,8,2490,0,47.7043,-122.114,2970,5450,8137,8420,2490,0,0
3,1.5,1400,1022,3,0,0,3,8,1400,0,47.6989,-122.317,1270,1205,2422,2475,1400,7,7
2,1,960,2700,1,0,0,3,6,780,180,47.6013,-122.299,1400,3000,3660,4400,960,111,111
3,2.75,2940,12487,2,0,0,3,10,2940,0,47.5879,-121.973,3110,10837,15427,13947,2940,18,18
2,2,1960,4018,1,0,0,5,7,980,980,47.5629,-122.32,1240,4641,5978,5881,1960,64,64
3,1.75,2390,7149,1,0,0,3,8,1350,1040,47.7244,-122.326,1710,7402,9539,9112,2390,59,59
5,3.5,3370,16846,2,0,1,3,9,2650,720,47.5584,-122.089,3330,13000,20216,16330,3370,17,17
3,1.5,1370,7697,1,0,0,3,7,1370,0,47.7153,-122.361,1370,7697,9067,9067,1370,76,76
3,2,1560,2589,1,0,0,3,7,790,770,47.6587,-122.344,1450,3893,4149,5343,1560,92,14
3,2.5,3320,11875,1,0,0,5,10,3320,0,47.7212,-122.26,3730,11875,15195,15605,3320,36,36
4,3.25,4830,22257,2,1,4,4,11,4830,0,47.6409,-122.241,3820,25582,27087,29402,4830,24,24
3,1,1070,10125,1,0,0,3,7,1070,0,47.7012,-122.167,1540,10200,11195,11740,1070,53,53
3,2.5,1470,3971,2,0,0,3,7,1470,0,47.6816,-122.035,1650,3148,5441,4798,1470,12,12
3,1.75,1470,6250,1,0,3,4,7,1070,400,47.7394,-122.288,2630,7050,7720,9680,1470,75,75
2,2,1350,4225,1,0,0,3,8,1350,0,47.7106,-122.03,1660,4225,5575,5885,1350,11,11
3,3.25,3230,7800,2,0,3,3,10,3230,0,47.6348,-122.403,3030,6600,11030,9630,3230,9,9
4,2.5,1780,2992,2,0,0,3,7,1780,0,47.7633,-122.149,1610,2961,4772,4571,1780,12,12
4,1.75,2085,174240,1,0,0,3,7,1610,475,47.5753,-121.95,2690,174240,176325,176930,2085,50,50
4,2.5,2130,9013,2,0,0,3,8,2130,0,47.3208,-122.273,2350,8982,11143,11332,2130,27,27
5,2.75,2990,6768,2,0,0,3,9,2990,0,47.5462,-122.182,2870,6768,9758,9638,2990,1,1
3,1.75,1660,9600,1,0,0,3,8,1380,280,47.7601,-122.167,2030,9500,11260,11530,1660,33,33
3,1.75,1520,7350,1,0,0,4,7,1140,380,47.7167,-122.17,1380,7350,8870,8730,1520,43,43
4,1,1900,9000,1,0,0,4,7,1290,610,47.4629,-122.361,1950,10800,10900,12750,1900,66,66
3,2.25,1960,1985,2,0,0,3,7,1750,210,47.5417,-122.289,1760,1985,3945,3745,1960,12,12
3,2,1670,8800,1,0,0,4,7,1150,520,47.6096,-122.132,2020,8250,10470,10270,1670,53,53
4,1.75,1890,9205,1,0,0,3,8,1260,630,47.774,-122.348,1430,6775,11095,8205,1890,51,51
4,1.75,1890,4800,1,0,0,3,7,1390,500,47.6405,-122.367,1890,4800,6690,6690,1890,108,108
3,1.25,1510,13737,1,0,3,4,6,810,700,47.7289,-122.283,2560,10202,15247,12762,1510,54,54
3,2,2130,4299,1,0,0,4,7,1680,450,47.5779,-122.294,2040,4548,6429,6588,2130,93,93
3,2.5,2070,8581,2,0,0,3,8,2070,0,47.5101,-122.151,2440,7849,10651,10289,2070,21,21
4,2.25,2310,7490,2,0,0,3,8,2310,0,47.4379,-122.192,2310,8480,9800,10790,2310,34,34
5,2.75,3890,9130,2,0,0,3,9,3890,0,47.5407,-121.86,3450,8361,13020,11811,3890,10,10
5,3,2220,5185,2,0,3,3,7,2220,0,47.543,-122.29,2340,6316,7405,8656,2220,12,12
3,2.25,1540,5449,1,0,0,2,7,1180,360,47.29,-122.358,1460,6740,6989,8200,1540,25,25
4,3.25,2290,4785,2,0,0,3,9,2290,0,47.3833,-122.037,2290,4785,7075,7075,2290,7,7
4,2.5,3400,4840,2,0,0,3,10,3190,210,47.5066,-122.146,3400,5710,8240,9110,3400,8,8
2,2.5,2470,609,3,0,0,3,11,1910,560,47.6182,-122.312,2440,1229,3079,3669,2470,4,4
3,1,1360,5840,1,0,0,4,5,1360,0,47.4945,-122.166,1250,6708,7200,7958,1360,62,62
4,2.5,2130,7300,1,0,0,4,7,1230,900,47.605,-122.167,2130,7560,9430,9690,2130,51,51
3,1,1440,8681,1,0,0,3,7,1440,0,47.6976,-122.283,1700,7770,10121,9470,1440,77,77
3,3,1440,1350,3,0,2,3,8,1440,0,47.6525,-122.345,1440,1350,2790,2790,1440,9,9
3,2.25,1250,1033,3,0,0,3,8,1250,0,47.6907,-122.343,1250,1150,2283,2400,1250,8,8
3,1.75,1650,8254,1,0,0,5,7,1060,590,47.7596,-122.304,2280,9450,9904,11730,1650,63,63
3,2.5,1970,9153,2,0,0,3,8,1970,0,47.7698,-122.268,1800,9800,11123,11600,1970,7,7
2,2.5,980,895,2,0,0,3,8,670,310,47.5874,-122.386,980,899,1875,1879,980,5,5
2,1,1040,3600,1,0,0,4,7,1040,0,47.619,-122.311,2250,4800,4640,7050,1040,95,34
5,2,1930,6120,1,0,0,3,6,1930,0,47.5073,-122.337,1130,6120,8050,7250,1930,73,45
3,2.75,2390,9313,1,0,0,5,8,1390,1000,47.7209,-122.331,2390,12712,11703,15102,2390,72,72
5,2.5,2500,9583,1,0,0,3,7,1300,1200,47.3946,-122.312,2120,19352,12083,21472,2500,35,35
3,1,1350,3090,1,0,0,5,6,1350,0,47.682,-122.348,1350,3090,4440,4440,1350,100,100
3,2.5,1680,7385,2,0,0,3,8,1680,0,47.6194,-122.041,1970,7470,9065,9440,1680,27,27
5,2.75,2760,5000,2,0,0,3,9,2760,0,47.539,-122.188,2870,5030,7760,7900,2760,9,9
4,1.75,2600,41041,1,0,0,4,8,2600,0,47.6634,-122.172,2750,37318,43641,40068,2600,49,49
2,1.75,1700,5000,1,0,0,3,6,850,850,47.6787,-122.363,1690,5000,6700,6690,1700,99,99
3,1.75,1920,9306,1,0,0,3,7,1000,920,47.3319,-122.267,1860,8458,11226,10318,1920,30,30
3,1,1150,11396,1,0,0,4,7,1150,0,47.7435,-122.296,1600,8146,12546,9746,1150,65,65
4,2.5,2790,8111,2,0,0,3,9,2480,310,47.4492,-122.116,2550,7634,10901,10184,2790,10,10
2,2.5,3010,16050,1,0,3,4,9,1260,1750,47.5643,-122.16,3010,11612,19060,14622,3010,39,39
3,2.75,2500,6350,2,0,0,5,9,2370,130,47.6035,-122.285,2090,5454,8850,7544,2500,35,35
3,1.75,1990,9594,1,0,0,3,8,1190,800,47.6617,-122.137,1930,9765,11584,11695,1990,37,37
3,1,1610,8579,1,0,0,4,7,1010,600,47.4563,-122.171,1610,8579,10189,10189,1610,53,53
2,2.5,980,1020,3,0,0,3,8,980,0,47.6844,-122.387,980,1023,2000,2003,980,6,6
3,2.5,2080,7749,2,0,0,3,8,2080,0,47.5723,-122.021,2210,7471,9829,9681,2080,26,26
4,2,1990,6000,1,0,0,3,9,1260,730,47.6515,-122.397,1770,6000,7990,7770,1990,59,0
3,2.75,2340,16500,1,0,0,4,8,1500,840,47.5952,-122.051,2210,15251,18840,17461,2340,42,42
3,2,1590,9912,2,0,0,3,8,1590,0,47.3731,-122.43,1670,9912,11502,11582,1590,14,14
2,2,1670,3507,1,0,0,3,9,1670,0,47.5545,-122.003,2330,3889,5177,6219,1670,8,8
3,2.25,3020,43560,2,0,0,3,10,2720,300,47.6456,-122.173,3910,43560,46580,47470,3020,45,45
4,2.75,2470,50123,1,0,0,3,8,1280,1190,47.2504,-122,2200,54520,52593,56720,2470,37,37
4,2.5,1890,5954,2,0,0,3,7,1890,0,47.3293,-122.194,2030,5880,7844,7910,1890,11,11
2,1,740,7680,1,0,0,4,6,740,0,47.5245,-122.371,1080,7680,8420,8760,740,92,92
3,2.5,2470,9226,2,0,0,3,9,2470,0,47.7439,-122.17,2820,11013,11696,13833,2470,23,23
4,2.5,3190,24170,2,0,0,3,10,3190,0,47.6209,-122.052,2110,26321,27360,28431,3190,13,13
3,3,3760,8500,2,0,3,4,10,3060,700,47.5815,-122.398,2610,5500,12260,8110,3760,104,104
3,2.5,2170,4517,2,0,0,3,8,2170,0,47.4819,-122.14,2610,4770,6687,7380,2170,13,13
3,1.75,2170,153767,1,0,0,3,7,2170,0,47.3694,-122.065,2840,49500,155937,52340,2170,38,38
3,1.75,1220,1450,1,0,0,3,6,620,600,47.6361,-122.368,1660,2960,2670,4620,1220,109,109
4,2.5,2150,7944,2,0,0,3,8,2150,0,47.259,-122.215,2170,8319,10094,10489,2150,24,24
3,2.25,1840,8400,1,0,0,3,8,1290,550,47.5497,-122.172,2110,8400,10240,10510,1840,53,53
3,2.25,2530,45234,2,0,0,4,9,2530,0,47.7221,-122.12,3110,35617,47764,38727,2530,29,29
3,1,1920,6862,1,0,2,3,7,1120,800,47.5193,-122.274,2000,6900,8782,8900,1920,62,62
4,2.75,2600,6050,2,0,0,5,8,1960,640,47.5656,-122.4,1990,6050,8650,8040,2600,65,65
3,2,1690,10062,1,0,2,5,7,940,750,47.5102,-122.241,2390,6650,11752,9040,1690,86,86
3,2.5,2150,11672,2,0,0,3,8,2150,0,47.3515,-122.006,2150,5450,13822,7600,2150,10,10
3,1,1250,7015,1,0,0,3,7,1250,0,47.4548,-122.29,1510,11460,8265,12970,1250,56,56
3,1.75,2610,5544,1,0,0,3,8,1680,930,47.684,-122.376,1330,5074,8154,6404,2610,80,80
2,1,830,5000,1,0,0,4,7,830,0,47.6914,-122.352,1110,5000,5830,6110,830,94,94
4,2.5,2628,11466,2,0,0,3,9,2628,0,47.2904,-122.264,2849,10909,14094,13758,2628,1,1
5,2.5,2350,4000,2,0,0,3,9,2350,0,47.6265,-122.296,1840,4000,6350,5840,2350,22,22
3,1.5,2150,4000,1,0,0,3,7,1470,680,47.5733,-122.312,1750,4000,6150,5750,2150,86,86
3,1.75,2320,55847,1,0,2,4,8,2320,0,47.3121,-122.253,2400,26112,58167,28512,2320,55,55
4,4,3680,18804,2,0,0,3,10,3680,0,47.6193,-122.014,3200,15954,22484,19154,3680,24,24
3,2.5,1980,4500,2,0,0,3,7,1980,0,47.3671,-122.113,2200,4500,6480,6700,1980,2,2
3,3.5,1130,1449,3,0,0,3,7,1130,0,47.6968,-122.348,1130,1200,2579,2330,1130,10,10
2,2.5,1270,1242,3,0,0,3,7,1270,0,47.701,-122.362,1280,1199,2512,2479,1270,7,7
4,2.75,2600,5390,1,0,0,4,8,1300,1300,47.6382,-122.397,2550,5600,7990,8150,2600,54,54
3,1,1240,11108,1,0,0,4,7,1240,0,47.4465,-122.354,2220,16533,12348,18753,1240,62,62
3,2.5,3050,12558,2,0,0,3,10,3050,0,47.6549,-122.089,3543,12558,15608,16101,3050,17,17
3,2.25,2990,216057,2,0,0,3,9,2990,0,47.754,-121.942,2840,215622,219047,218462,2990,20,20
3,2.25,1610,7187,2,0,0,3,7,1610,0,47.3764,-122.117,1640,7194,8797,8834,1610,26,26
3,2.5,1920,5322,2,0,0,3,8,1920,0,47.4095,-122.195,1920,5000,7242,6920,1920,15,15
3,2,1720,15000,1,0,0,3,9,1720,0,47.6927,-121.92,1900,15337,16720,17237,1720,3,3
4,2.5,3450,43216,2,0,0,3,9,3450,0,47.7625,-122.025,3030,50481,46666,53511,3450,15,15
0,2.5,1490,7111,2,0,0,3,7,1490,0,47.5261,-121.826,1500,4675,8601,6175,1490,16,16
4,2.5,2300,219106,1,0,0,4,7,1840,460,47.4044,-121.963,2120,123710,221406,125830,2300,56,56
3,2.5,3160,24437,1,0,3,3,11,2160,1000,47.5531,-122.131,3990,11977,27597,15967,3160,23,23
4,2.25,2115,6234,2,0,0,3,7,2115,0,47.285,-122.201,2440,6366,8349,8806,2115,16,16
3,1.75,1800,9314,2,0,0,3,8,1800,0,47.7762,-122.198,2100,9658,11114,11758,1800,36,36
4,2.5,2030,7140,1,0,0,4,7,1400,630,47.6244,-122.109,1800,7565,9170,9365,2030,47,47
4,2.5,1780,5822,2,0,0,3,7,1780,0,47.4455,-122.169,1990,4092,7602,6082,1780,13,13
4,2.5,2350,10655,2,0,0,3,8,2350,0,47.3284,-122.171,2210,7028,13005,9238,2350,23,23
4,1.75,1980,2700,1,0,0,3,8,1210,770,47.6865,-122.32,1720,2910,4680,4630,1980,83,83
1,1,1000,9084,1,1,3,3,7,1000,0,47.5007,-122.382,1090,6536,10084,7626,1000,65,65
3,2.5,1260,2767,2,0,0,3,8,1260,0,47.4914,-122.155,1310,2767,4027,4077,1260,15,15
3,1.75,1370,8719,1,0,0,3,7,1370,0,47.3664,-122.087,1370,7525,10089,8895,1370,32,32
5,3.5,3630,4911,2,0,0,3,9,2790,840,47.718,-122.156,3600,4992,8541,8592,3630,0,0
4,3.5,3640,6049,2,0,0,3,9,3640,0,47.7049,-122.125,3590,6104,9689,9694,3640,0,0
4,2.25,2330,14190,1,0,0,3,8,1740,590,47.718,-122.242,2330,14190,16520,16520,2330,53,53
3,3.25,3050,18892,1,1,4,4,8,1650,1400,47.3881,-122.326,1170,70973,21942,72143,3050,52,52
3,2.25,1660,8188,2,0,0,4,7,1660,0,47.3766,-122.115,1660,7000,9848,8660,1660,27,27
2,2.25,1390,916,2,0,0,3,8,1165,225,47.6168,-122.314,1415,1488,2306,2903,1390,7,7
3,2.5,2630,4611,2,0,0,3,8,2630,0,47.5322,-121.868,2220,5250,7241,7470,2630,14,14
2,1,1250,4558,1,0,0,3,7,1250,0,47.5318,-122.379,1180,4494,5808,5674,1250,66,66
5,2.5,2590,7084,2,0,0,3,8,2590,0,47.7053,-122.113,3010,4823,9674,7833,2590,0,0
4,2.5,2140,7754,2,0,0,3,8,2140,0,47.7173,-122.338,1690,7775,9894,9465,2140,18,18
3,2.5,2490,4904,2,0,0,3,9,2490,0,47.5451,-122.014,2370,4050,7394,6420,2490,11,11
3,1.75,1300,9600,1,0,0,4,7,1300,0,47.6388,-122.103,2070,9775,10900,11845,1300,45,45
4,1,1280,8316,1,0,0,3,6,1280,0,47.4989,-122.302,1310,7830,9596,9140,1280,64,64
3,2.25,3130,65775,2,0,0,4,8,3130,0,47.5462,-122.085,3130,72309,68905,75439,3130,36,36
3,1,860,5060,1,0,0,3,7,860,0,47.7062,-122.341,880,5060,5920,5940,860,87,87
3,1,1290,9526,1,0,0,3,7,1290,0,47.7111,-122.213,1290,9508,10816,10798,1290,53,53
3,2.75,2216,31215,1,0,0,3,9,2216,0,47.3164,-122.199,2216,30048,33431,32264,2216,47,10
4,2,1800,13551,1,0,0,4,7,1800,0,47.4721,-122.128,1730,13551,15351,15281,1800,40,40
4,2.5,2510,3479,2,0,0,3,8,2510,0,47.6981,-122.099,2540,4171,5989,6711,2510,7,7
4,2.75,2470,5500,1,0,3,3,9,1570,900,47.6586,-122.358,1620,5500,7970,7120,2470,54,9
4,2.75,3070,7201,2,0,0,3,9,3070,0,47.4897,-122.147,2880,8364,10271,11244,3070,8,8
5,3.5,2450,8193,2,0,0,3,9,2450,0,47.7721,-122.241,2310,8193,10643,10503,2450,10,10
4,2,1880,5100,1,0,0,3,8,1880,0,47.6872,-122.349,1610,4590,6980,6200,1880,62,62
2,2.25,1230,1058,2,0,0,3,7,1160,70,47.5325,-122.073,1240,817,2288,2057,1230,7,7
4,3.5,3830,8963,2,0,0,3,10,3120,710,47.599,-122.197,2190,10777,12793,12967,3830,1,1
3,2.25,2140,9775,1,0,0,4,7,1470,670,47.306,-122.379,2050,8625,11915,10675,2140,36,36
2,1,910,22725,1,0,0,1,6,910,0,47.7712,-122.299,2000,14566,23635,16566,910,89,89
2,1.75,2620,14138,2,1,4,3,8,2120,500,47.7142,-122.277,1830,8279,16758,10109,2620,84,24
3,2,2130,5000,1,0,0,5,7,1330,800,47.6746,-122.362,2010,5000,7130,7010,2130,89,89
1,1.5,810,3211,2,0,0,4,7,810,0,47.6939,-122.184,1320,3298,4021,4618,810,32,32
2,1.5,1300,2970,1,0,0,3,7,990,310,47.6233,-122.319,1700,3000,4270,4700,1300,111,111
3,2.5,2720,13124,2,0,0,3,9,2720,0,47.6371,-122.094,2760,16200,15844,18960,2720,27,27
3,2,1670,7056,1,0,0,4,7,1670,0,47.3139,-122.212,1330,8415,8726,9745,1670,56,56
3,1.75,1480,7000,1,0,2,3,8,1480,0,47.6018,-122.291,1850,4000,8480,5850,1480,51,51
3,2.5,2710,5733,2,0,0,3,7,2710,0,47.3357,-122.171,2720,5733,8443,8453,2710,12,12
4,2,1580,4800,1,0,2,3,7,1580,0,47.5454,-122.383,1580,4800,6380,6380,1580,103,103
2,2.25,1560,1705,2,0,0,3,8,1270,290,47.5482,-122.374,1560,1758,3265,3318,1560,8,8
4,2.5,3210,24527,1,0,0,3,11,3210,0,47.6399,-122.052,3280,24527,27737,27807,3210,31,31
3,2.5,2393,4788,2,0,0,3,8,2393,0,47.4517,-122.204,2439,5477,7181,7916,2393,2,2
2,2.5,1320,1395,2,0,0,3,8,990,330,47.6689,-122.362,1550,1519,2715,3069,1320,0,0
4,2,1770,6000,2,0,0,5,7,1770,0,47.6493,-122.401,1340,6000,7770,7340,1770,103,33
4,3.5,3200,7605,2,0,2,3,9,2500,700,47.3443,-122.327,2240,4416,10805,6656,3200,1,1
2,1,780,8271,1,0,0,4,6,780,0,47.7,-122.3,2220,8271,9051,10491,780,90,90
2,1,520,22334,1,0,0,2,5,520,0,47.4799,-122.296,1572,10570,22854,12142,520,63,63
4,2,2470,1831,2,0,0,3,7,1970,500,47.4645,-122.337,1310,7500,4301,8810,2470,5,5
1,1,540,10125,1,0,0,3,5,540,0,47.7739,-122.358,1840,10125,10665,11965,540,53,53
2,1.5,1020,1525,2,0,0,3,7,1020,0,47.704,-122.347,1020,3844,2545,4864,1020,10,10
3,1.75,1340,7210,1,0,0,4,7,1340,0,47.4182,-122.167,1370,7210,8550,8580,1340,40,40
3,1.5,1660,8738,1,0,0,4,7,1080,580,47.3117,-122.208,1500,8466,10398,9966,1660,55,55
3,2.25,1630,10962,1,0,0,4,8,1100,530,47.3801,-122.166,1830,8470,12592,10300,1630,38,38
3,1,2120,7735,1,0,0,4,7,1060,1060,47.4869,-122.123,1010,8570,9855,9580,2120,47,47
3,2.25,2800,35362,2,0,0,3,9,2800,0,47.3507,-122.089,2800,37058,38162,39858,2800,30,30
4,3.25,4250,18000,2,0,3,5,10,3350,900,47.5612,-122.229,3790,14537,22250,18327,4250,34,34
4,2.5,3400,6742,2,0,0,3,9,3400,0,47.7067,-122.129,2970,6909,10142,9879,3400,10,10
1,1,500,7440,1,0,0,1,5,500,0,47.5252,-122.362,1350,7440,7940,8790,500,86,86
5,2.25,3200,20158,1,0,0,3,8,1600,1600,47.6303,-122.215,3390,20158,23358,23548,3200,49,49
2,1.75,1210,1161,2,0,0,3,8,1210,0,47.5513,-121.998,1700,2285,2371,3985,1210,1,1
5,3.75,4320,39094,2,1,4,3,8,4320,0,47.7519,-122.276,1920,7750,43414,9670,4320,76,76
5,3.25,4475,6642,2,0,0,3,9,4475,0,47.6849,-122.018,3720,6633,11117,10353,4475,0,0
4,2.75,1580,3770,1,0,0,3,7,1080,500,47.7368,-121.968,1740,3800,5350,5540,1580,12,12
3,1.75,1530,7238,1,0,0,3,7,1530,0,47.7629,-122.315,1580,7238,8768,8818,1530,55,55
3,1,1510,142803,1,0,0,3,7,1510,0,47.3192,-122.287,1330,46609,144313,47939,1510,40,40
5,4.25,3920,5823,2,0,0,3,9,3000,920,47.5492,-122.008,3000,5297,9743,8297,3920,15,15
4,3.5,2710,14016,2,0,0,4,8,2710,0,47.7601,-122.286,1590,27903,16726,29493,2710,46,46
3,2.5,2620,21587,2,0,0,3,7,2620,0,47.6384,-121.959,2570,23650,24207,26220,2620,22,22
4,2.5,1990,8034,2,0,0,4,10,1990,0,47.561,-122.018,2580,8034,10024,10614,1990,25,25
3,1.75,1420,6289,1,0,0,3,7,1100,320,47.7398,-122.314,1460,7402,7709,8862,1420,47,47
4,1.5,2220,4000,1,0,0,3,8,1970,250,47.6564,-122.325,1984,4000,6220,5984,2220,89,89
3,2,1440,9220,1,0,0,3,7,1440,0,47.3702,-122.317,1390,7830,10660,9220,1440,49,49
3,2,1700,8448,1,0,0,3,7,1700,0,47.2077,-122.011,1350,8587,10148,9937,1700,18,18
3,1,940,7380,1,0,0,3,6,940,0,47.4516,-122.175,1210,8095,8320,9305,940,55,55
4,2.25,1530,7845,1,0,0,4,7,1030,500,47.5589,-122.082,1710,7627,9375,9337,1530,33,33
2,1.75,2260,280962,2,0,2,3,9,1890,370,47.6359,-121.94,2860,219542,283222,222402,2260,9,9
4,2.5,2150,6807,2,0,0,4,8,2150,0,47.4053,-122.189,1910,7240,8957,9150,2150,23,23
4,2.5,2790,230868,2,0,0,3,8,2790,0,47.7647,-122.019,1590,217800,233658,219390,2790,25,25
3,1,1410,9384,1,0,0,3,7,1410,0,47.7161,-122.33,1990,9384,10794,11374,1410,67,67
3,2.25,1500,7210,1,0,0,3,7,1150,350,47.3124,-122.352,1500,7210,8710,8710,1500,31,31
2,1.75,1370,5125,1,0,0,5,6,1370,0,47.6926,-122.346,1200,5100,6495,6300,1370,70,70
2,2.5,1780,2067,2,0,0,5,9,1780,0,47.6132,-122.21,2320,2067,3847,4387,1780,40,40
4,3.25,3140,3680,2,0,0,3,10,2310,830,47.5319,-122.076,2620,2664,6820,5284,3140,5,5
5,2.75,2710,4500,2,0,0,3,8,2710,0,47.3547,-122.062,2710,4626,7210,7336,2710,0,0
3,2.5,2200,4052,2,0,0,3,8,2200,0,47.4362,-122.178,2310,5082,6252,7392,2200,10,10
3,2,1600,10318,1,0,0,3,7,930,670,47.7466,-122.347,1590,7040,11918,8630,1600,74,74
4,1.5,1160,6400,1,0,0,4,7,1160,0,47.3036,-122.378,1160,6400,7560,7560,1160,39,39
4,2,2320,12000,1,0,0,3,7,1720,600,47.5246,-122.325,1390,6000,14320,7390,2320,71,0
3,1.5,1680,8000,1,0,0,3,7,1680,0,47.6923,-121.869,1990,26336,9680,28326,1680,3,3
4,2.25,1820,20349,1,0,0,5,8,1340,480,47.7415,-122.096,1270,12800,22169,14070,1820,37,37
3,1,1100,8680,1,0,0,3,6,1100,0,47.3072,-122.363,1100,9220,9780,10320,1100,53,53
3,2.5,1590,3381,2,0,0,3,7,1590,0,47.7344,-121.986,1820,3383,4971,5203,1590,14,14
4,2.25,2180,7000,1,0,0,3,8,1680,500,47.4651,-122.192,2000,8000,9180,10000,2180,45,45
5,2.75,3370,10315,2,0,0,3,9,3370,0,47.4893,-122.146,3010,8296,13685,11306,3370,8,8
3,1,960,15273,1,0,0,4,7,960,0,47.238,-122.039,1930,51400,16233,53330,960,51,51
3,1.75,1680,8100,1,0,2,3,8,1680,0,47.7212,-122.364,1880,7750,9780,9630,1680,65,65
3,2,1300,1920,2,0,0,3,8,850,450,47.5183,-122.376,1300,1344,3220,2644,1300,8,8
4,1.5,2030,3300,1,0,0,4,8,1530,500,47.5855,-122.383,2610,5400,5330,8010,2030,88,88
4,3,2570,9104,2,0,2,3,7,2570,0,47.5821,-122.401,1630,4950,11674,6580,2570,85,85
4,4,2740,8250,2,0,0,4,9,2740,0,47.3735,-122.156,2290,8250,10990,10540,2740,25,25
4,2,1450,8940,1,0,0,3,7,1450,0,47.7304,-122.24,1310,8914,10390,10224,1450,53,53
3,2.25,1720,5234,2,0,0,3,9,1240,480,47.5547,-122.278,1720,5825,6954,7545,1720,3,3
3,2.5,3230,129578,1,0,0,4,8,2100,1130,47.682,-121.913,2760,62059,132808,64819,3230,51,51
2,1.5,1300,1229,2,0,0,3,8,1160,140,47.6727,-122.375,1430,1255,2529,2685,1300,15,15
3,2.5,2490,7589,2,0,0,3,9,2490,0,47.5355,-122.179,2500,10386,10079,12886,2490,24,24
4,2.5,3280,5876,2,0,0,3,7,3280,0,47.6802,-122.034,2600,5000,9156,7600,3280,11,11
3,2.5,2090,6045,2,0,0,3,8,2090,0,47.4947,-122.174,2040,6392,8135,8432,2090,14,14
3,1,1270,7566,1,0,0,4,7,1270,0,47.5074,-122.175,1780,7520,8836,9300,1270,56,56
3,2.5,1210,1200,3,0,0,3,8,1210,0,47.6543,-122.345,1210,1200,2410,2410,1210,6,6
3,3.25,1450,1468,2,0,0,3,8,1100,350,47.5664,-122.37,1450,1478,2918,2928,1450,5,5
3,2,1390,2688,1,0,0,5,7,1390,0,47.6783,-122.366,1440,2900,4078,4340,1390,99,99
3,1,1280,5100,1,0,0,3,7,880,400,47.5035,-122.259,1360,6120,6380,7480,1280,54,54
3,2.5,1440,3840,2,0,0,3,7,1440,0,47.6873,-122.043,1600,3131,5280,4731,1440,14,14
2,1.75,1780,4520,1,0,0,5,7,890,890,47.5798,-122.404,1560,4520,6300,6080,1780,89,89
2,1,1270,1399,3,0,0,3,7,1270,0,47.5552,-122.381,1140,1442,2669,2582,1270,14,14
3,1,970,6180,1,0,3,3,6,970,0,47.5658,-122.291,1120,4500,7150,5620,970,41,41
4,2.5,1960,9898,2,0,0,3,8,1960,0,47.3834,-122.168,2130,7662,11858,9792,1960,13,13
3,2.5,2720,40813,2,0,0,3,8,2720,0,47.2619,-122.271,2250,40511,43533,42761,2720,13,13
3,2.5,1720,3407,2,0,0,3,7,1720,0,47.4034,-122.188,1720,3407,5127,5127,1720,22,22
2,1,590,8717,1,0,0,3,6,590,0,47.7343,-122.335,1370,6760,9307,8130,590,62,62
3,2.25,1450,4789,2,0,0,3,7,1450,0,47.5665,-122.018,1560,4490,6239,6050,1450,30,30
4,2.5,3140,12591,2,0,0,3,9,3140,0,47.3826,-122.146,2650,11720,15731,14370,3140,22,22
4,2.5,2030,8100,1,0,0,3,7,1150,880,47.7404,-122.186,1770,8071,10130,9841,2030,41,41
4,3.5,3130,5000,3,0,0,3,10,3130,0,47.5656,-122.403,1950,5152,8130,7102,3130,0,0
6,3.5,3000,6320,2,0,2,3,8,2400,600,47.562,-122.279,1720,6360,9320,8080,3000,46,46
3,1,960,3960,1,0,0,3,7,960,0,47.6465,-122.404,1550,6050,4920,7600,960,71,71
5,3,1940,6355,1,0,0,3,8,1200,740,47.498,-122.322,1940,5033,8295,6973,1940,7,7
3,1,1990,15375,1,0,0,3,7,1140,850,47.4778,-122.288,1160,10236,17365,11396,1990,68,68
5,2.5,2510,8050,1,0,0,4,7,1490,1020,47.7212,-122.172,1840,8471,10560,10311,2510,37,37
4,1,1390,4240,1,0,0,3,7,1050,340,47.6596,-122.338,1810,4240,5630,6050,1390,90,90
5,2.75,2570,7260,2,0,0,3,8,2570,0,47.2622,-122.212,2200,7421,9830,9621,2570,18,18
2,1,980,4800,1,0,0,4,7,980,0,47.6569,-122.348,1570,2640,5780,4210,980,105,105
4,2.5,2690,18653,2,0,0,3,8,2690,0,47.6449,-122.059,2230,9744,21343,11974,2690,29,29
3,1.5,1190,4750,1,0,0,3,7,970,220,47.6726,-122.386,1460,4750,5940,6210,1190,74,74
2,1.5,1400,9031,1,0,0,3,7,960,440,47.2915,-122.368,1450,7658,10431,9108,1400,32,32
4,2.5,2250,4495,2,0,0,3,7,2250,0,47.3663,-122.114,2250,4500,6745,6750,2250,6,6
3,2.5,1540,1326,3,0,0,3,8,1390,150,47.6457,-122.374,1680,1592,2866,3272,1540,19,19
4,2.5,3200,7535,2,0,0,3,9,3200,0,47.666,-122.276,1650,6850,10735,8500,3200,8,8
5,2.5,2840,6010,2,0,0,3,8,2840,0,47.3161,-122.27,2740,5509,8850,8249,2840,12,12
2,1.75,1810,7523,1,0,0,3,8,1170,640,47.5695,-122.087,2090,7523,9333,9613,1810,52,34
5,2,2400,3500,1,0,0,3,8,1900,500,47.6762,-122.356,1520,4000,5900,5520,2400,103,103
3,1.5,1740,9840,1,0,0,4,8,1740,0,47.5748,-122.237,1930,9840,11580,11770,1740,51,51
3,1.75,1790,87213,1,0,0,4,7,1790,0,47.732,-122.077,3270,39586,89003,42856,1790,41,41
3,2.5,1770,9450,1,0,0,3,8,1770,0,47.3196,-122.272,2200,8582,11220,10782,1770,27,27
6,4,3020,13237,2,1,4,3,8,2840,180,47.5924,-122.287,3680,12620,16257,16300,3020,72,31
3,2.5,1800,5761,2,0,0,4,7,1800,0,47.5293,-122.363,1800,5952,7561,7752,1800,24,24
3,2.5,2540,8073,1,0,0,4,8,1880,660,47.7176,-122.36,2110,7702,10613,9812,2540,77,77
2,1.75,1360,8100,1,0,0,3,7,860,500,47.7295,-122.359,1830,6766,9460,8596,1360,39,39
3,1.75,1070,6110,1,0,0,4,7,1070,0,47.3249,-122.207,1350,6148,7180,7498,1070,47,47
4,2.5,2380,12067,2,0,0,3,7,2380,0,47.4873,-122.144,2330,8621,14447,10951,2380,12,12
4,3.25,3410,34939,2,0,0,4,9,2470,940,47.459,-122.003,2450,39045,38349,41495,3410,23,23
4,1.75,1520,14417,1,0,0,4,7,1520,0,47.526,-121.809,1600,10716,15937,12316,1520,47,47
3,1.5,1090,8400,1,0,0,4,7,1090,0,47.6219,-122.115,1320,8400,9490,9720,1090,48,48
4,3.5,3170,3858,2,0,0,3,8,2530,640,47.5049,-122.155,2640,3844,7028,6484,3170,7,7
4,3.75,4410,8112,3,0,4,3,11,3570,840,47.5888,-122.392,2770,5750,12522,8520,4410,12,12
4,2.25,2530,24700,2,0,0,3,7,2530,0,47.3939,-122.177,2650,24700,27230,27350,2530,40,40
3,2.25,2470,11603,2,0,2,3,8,1540,930,47.6569,-122.123,2850,11250,14073,14100,2470,27,27
3,2.25,2280,8765,2,0,0,3,8,2280,0,47.4419,-122.133,1920,8265,11045,10185,2280,37,37
4,3,2520,4104,2,0,0,3,7,2520,0,47.5352,-121.88,2510,5015,6624,7525,2520,13,13
4,1.75,2480,9195,1,0,0,3,7,1390,1090,47.584,-122.195,2440,9195,11675,11635,2480,64,64
3,1.5,1480,7000,1,0,0,3,7,1000,480,47.2866,-122.368,1470,7022,8480,8492,1480,34,34
4,2,1560,7500,1,0,0,4,7,1560,0,47.7281,-122.181,1730,7500,9060,9230,1560,46,46
3,3.25,1530,1786,2,0,0,3,8,1200,330,47.6783,-122.366,1390,2900,3316,4290,1530,7,7
3,2.5,2240,21477,2,0,2,3,8,2240,0,47.5745,-122.18,2930,21569,23717,24499,2240,20,20
3,2,2090,15790,1,0,0,3,9,2090,0,47.7296,-122.199,1820,8770,17880,10590,2090,22,22
4,4.5,4510,12873,2,0,2,3,12,4510,0,47.6491,-122.201,2200,8528,17383,10728,4510,16,16
3,2.25,1310,1264,3,0,0,3,8,1310,0,47.6987,-122.366,1330,2183,2574,3513,1310,1,1
3,2.5,2140,7715,2,0,0,3,7,2140,0,47.384,-122.322,1990,7628,9855,9618,2140,23,23
3,2.5,2960,18600,2,0,0,3,8,2960,0,47.4358,-122.344,2740,15681,21560,18421,2960,35,35
3,1.75,1790,5120,1,0,0,4,6,940,850,47.5277,-122.355,1160,5120,6910,6280,1790,65,65
4,4.5,5670,84267,2,0,2,3,11,5670,0,47.323,-122.044,4100,83729,89937,87829,5670,7,7
3,2.5,2510,3819,2,0,0,3,8,2510,0,47.6987,-122.096,2520,3990,6329,6510,2510,7,7
2,1,1500,4000,1,0,0,3,8,1100,400,47.6409,-122.353,1980,4000,5500,5980,1500,81,81
5,2.25,2600,9600,1,0,2,4,8,1810,790,47.3257,-122.365,2070,9660,12200,11730,2600,46,46
3,1,980,7200,1,0,0,4,7,980,0,47.5718,-122.395,1180,6572,8180,7752,980,64,64
4,4,4420,16526,2,0,0,3,11,4420,0,47.5914,-122.027,3510,50447,20946,53957,4420,1,1
4,2.5,2180,4000,2,0,0,3,8,2180,0,47.6186,-122.288,2660,4000,6180,6660,2180,94,9
5,2.5,3440,12350,1,0,2,4,9,1760,1680,47.3427,-122.325,3440,12763,15790,16203,3440,39,39
3,1,1020,6000,1,0,0,3,7,1020,0,47.5254,-122.318,1240,6000,7020,7240,1020,115,115
4,2,1350,7255,1,0,0,4,7,1350,0,47.7287,-122.31,1050,7288,8605,8338,1350,55,55
3,2.5,2050,40003,1,0,0,4,8,1570,480,47.47,-122,2700,46769,42053,49469,2050,37,37
4,1.75,1690,6000,1,0,0,3,7,1690,0,47.497,-122.227,1350,6000,7690,7350,1690,57,57
3,1,1320,7076,1,0,0,4,7,1320,0,47.6131,-122.123,1510,9000,8396,10510,1320,55,55
3,1.75,1680,8460,1,0,0,3,7,1180,500,47.7554,-122.353,1890,9529,10140,11419,1680,39,39
4,2.5,2110,6360,2,0,0,3,8,2110,0,47.5641,-122.012,2050,7000,8470,9050,2110,27,27
3,1.5,1580,1228,3,0,0,3,8,1580,0,47.6765,-122.32,1580,3605,2808,5185,1580,0,0
2,1.5,1620,1444,2,0,0,3,9,1080,540,47.5892,-122.309,1660,1642,3064,3302,1620,7,7
4,1,1800,12485,1,0,0,5,7,950,850,47.5729,-122.147,1290,9840,14285,11130,1800,59,59
4,2.5,2100,3916,2,0,0,3,8,2100,0,47.4324,-122.185,2100,3916,6016,6016,2100,5,5
3,1.75,2000,7480,1,0,0,3,8,1320,680,47.7734,-122.359,2000,8610,9480,10610,2000,42,42
4,4,4090,51908,2,0,0,3,11,4090,0,47.7226,-122.039,4290,41655,55998,45945,4090,23,23
2,1.75,1100,7600,1,0,0,3,6,1100,0,47.4136,-122.318,1230,7350,8700,8580,1100,34,34
3,1.75,2310,36665,1,0,2,3,8,1580,730,47.7697,-122.274,2000,14000,38975,16000,2310,31,31
3,2,1510,3760,1,0,0,5,7,930,580,47.5425,-122.39,1510,3760,5270,5270,1510,90,90
3,2.5,2190,8528,1,0,0,3,8,1760,430,47.6943,-122.209,2060,9811,10718,11871,2190,24,24
3,1.75,1250,9486,1,0,0,4,6,1250,0,47.4341,-122.446,1270,9600,10736,10870,1250,43,43
3,2,1300,3000,2,0,0,3,7,1300,0,47.6728,-122.325,1670,4500,4300,6170,1300,29,29
3,2.5,1600,26977,2,0,0,3,8,1600,0,47.7736,-121.901,1790,27743,28577,29533,1600,9,9
4,2.5,2770,89298,2,0,0,3,8,2770,0,47.6624,-122.01,2650,89298,92068,91948,2770,11,11
6,4,2280,5275,1,0,0,3,7,1270,1010,47.5556,-122.294,1760,6642,7555,8402,2280,16,16
4,2.25,2740,11343,1,0,2,5,10,1980,760,47.7117,-122.278,2790,10027,14083,12817,2740,62,62
1,1,720,4800,1,0,0,3,6,720,0,47.5303,-122.27,1240,4860,5520,6100,720,100,100
4,2.5,2090,3777,2,0,0,3,8,2090,0,47.3595,-122.042,2160,3993,5867,6153,2090,3,3
4,2.75,2100,7350,1,0,0,5,7,1240,860,47.7194,-122.172,2490,7350,9450,9840,2100,36,36
4,2.75,2310,14745,1,0,0,3,7,1410,900,47.377,-122.31,2060,9678,17055,11738,2310,22,22
5,2,3530,9385,1,0,0,3,9,3530,0,47.5774,-122.285,4100,9203,12915,13303,3530,89,89
4,3,2740,10925,1,0,0,3,8,1670,1070,47.4538,-122.125,2330,9940,13665,12270,2740,35,35
5,3.25,3620,5500,2,0,2,3,9,3620,0,47.5442,-121.996,3260,5500,9120,8760,3620,11,11
3,2.75,2250,9600,2,0,0,4,9,1830,420,47.6033,-122.287,2060,4980,11850,7040,2250,105,23
5,2.5,2430,6168,2,0,0,3,8,2430,0,47.5237,-122.199,2150,8400,8598,10550,2430,8,8
4,1.75,1480,9523,1,0,0,3,7,1120,360,47.3732,-122.217,1590,8300,11003,9890,1480,55,55
4,3.5,4350,6000,2,0,0,5,10,2970,1380,47.6277,-122.286,4190,7200,10350,11390,4350,107,107
4,2.5,2820,10125,2,0,0,3,8,2820,0,47.7494,-122.304,1560,10125,12945,11685,2820,7,7
3,3.25,2670,5108,2,0,2,3,9,2670,0,47.5342,-121.866,2670,6500,7778,9170,2670,14,14
4,1.75,1610,11305,1,0,0,3,7,1610,0,47.727,-122.176,1870,11850,12915,13720,1610,46,46
4,3.75,3280,6000,2,0,0,3,9,3280,0,47.554,-122.19,2900,10108,9280,13008,3280,1,1
3,2.25,2090,8095,2,0,2,3,10,2090,0,47.5287,-122.385,1940,5635,10185,7575,2090,26,26
4,2.5,1970,4558,2,0,0,3,8,1970,0,47.3627,-122.04,1980,5123,6528,7103,1970,9,9
4,2.5,3330,9557,2,0,0,3,10,3330,0,47.5526,-122.102,3360,9755,12887,13115,3330,20,20
5,4,6300,16065,2,0,1,3,12,4360,1940,47.5922,-122.207,3260,17287,22365,20547,6300,11,11
4,4,4360,8175,2,1,4,3,10,3940,420,47.5724,-122.104,2670,8525,12535,11195,4360,8,8
3,2.5,2010,7200,2,0,0,3,8,2010,0,47.7372,-122.223,1970,7202,9210,9172,2010,20,20
2,2,990,5416,1,0,0,3,6,990,0,47.604,-122.311,1650,3360,6406,5010,990,79,79
2,1,800,5150,1,0,0,4,6,800,0,47.5525,-122.274,1280,5150,5950,6430,800,66,66
4,2.75,2330,3920,2,0,0,3,9,2330,0,47.5525,-121.99,2410,4063,6250,6473,2330,9,9
4,3.5,3490,87497,2,0,0,3,9,3490,0,47.4028,-122.002,2400,55657,90987,58057,3490,13,13
2,1,990,6448,1,0,0,3,7,990,0,47.5031,-122.245,1130,7200,7438,8330,990,66,66
3,1,1810,13068,1,0,0,4,7,1360,450,47.4482,-122.462,1400,13068,14878,14468,1810,74,74
2,1,1120,88327,1,0,0,4,6,1120,0,47.3205,-121.867,1640,136662,89447,138302,1120,42,42
3,1,880,18205,1,0,0,4,6,880,0,47.5013,-122.244,1110,16115,19085,17225,880,69,69
3,3.25,1500,1442,2,0,0,3,8,1150,350,47.5592,-122.362,1500,1533,2942,3033,1500,7,7
3,1.75,2920,9370,1,0,0,4,8,1620,1300,47.5491,-122.151,2890,9609,12290,12499,2920,33,33
3,2.25,1930,3462,2,0,0,3,7,1930,0,47.7453,-121.985,1930,2952,5392,4882,1930,10,10
3,2.5,3290,90796,2,0,0,4,10,3290,0,47.3154,-122.079,2700,55023,94086,57723,3290,23,23
3,1.75,1510,6000,1,0,0,3,7,1060,450,47.5535,-122.39,1610,6000,7510,7610,1510,67,67
3,2.5,2010,3667,2,0,0,3,9,2010,0,47.545,-122.015,2350,3600,5677,5950,2010,6,6
3,1.75,1960,6380,1,0,0,4,7,980,980,47.6975,-122.316,1480,6380,8340,7860,1960,75,75
3,1.75,1820,9545,1,0,0,3,7,1230,590,47.7772,-122.296,1790,9530,11365,11320,1820,38,38
4,3.5,3480,7232,2,0,0,3,9,2580,900,47.5859,-122.291,2380,5642,10712,8022,3480,88,4
4,2.5,2190,4866,2,0,0,3,7,2190,0,47.4907,-122.152,2190,5670,7056,7860,2190,6,6
3,1,1610,58370,1,0,0,3,7,1610,0,47.6718,-122.044,2510,58127,59980,60637,1610,37,37
4,2.25,1880,9163,2,0,0,3,8,1880,0,47.4362,-122.165,1900,7980,11043,9880,1880,33,33
3,1.5,1870,42070,1,0,0,3,7,1870,0,47.509,-122.313,1870,19965,43940,21835,1870,61,61
3,1.75,1720,7202,1,0,0,3,7,1720,0,47.5044,-122.19,1720,7625,8922,9345,1720,19,19
2,1,980,5000,1,0,0,4,7,980,0,47.7518,-122.279,1600,5965,5980,7565,980,65,65
3,1,1030,6250,1,0,0,3,7,1030,0,47.4988,-122.168,1160,7250,7280,8410,1030,54,17
2,2.5,1310,1500,2,0,0,3,8,1160,150,47.6112,-122.309,1320,1581,2810,2901,1310,8,8
4,2.5,1960,3543,2,0,0,3,7,1960,0,47.4849,-122.184,2420,3646,5503,6066,1960,10,10
2,2,1600,5643,1,0,0,3,7,1600,0,47.6968,-122.279,1600,5746,7243,7346,1600,60,60
3,2.5,2170,1984,2,0,0,3,8,2170,0,47.5401,-122.027,2150,1984,4154,4134,2170,7,7
4,2.5,3730,16950,2,0,0,3,10,3730,0,47.5678,-122.228,3200,16950,20680,20150,3730,24,24
2,1,1170,4750,1,0,0,3,6,1170,0,47.6729,-122.378,1170,2023,5920,3193,1170,112,112
3,2.25,2820,11625,2,0,0,3,8,2820,0,47.2621,-122.218,2290,8488,14445,10778,2820,28,28
4,2,2060,6400,1,0,0,3,7,1170,890,47.2924,-122.197,1890,8736,8460,10626,2060,38,38
3,2.5,1450,8064,1,0,0,3,8,1450,0,47.6256,-122.037,1710,9554,9514,11264,1450,30,30
6,2,2020,7071,1,0,0,3,7,1010,1010,47.5329,-122.294,2020,5000,9091,7020,2020,36,36
3,2.5,3580,118047,1,0,0,3,9,3240,340,47.4453,-121.98,3240,123275,121627,126515,3580,22,22
4,2.75,2200,16288,1,0,0,3,7,1290,910,47.4793,-122.122,2650,6620,18488,9270,2200,34,34
3,1,990,9798,1,0,0,3,7,990,0,47.767,-122.164,1210,9870,10788,11080,990,46,46
3,1.75,1350,5850,1,0,0,4,7,1050,300,47.4225,-122.328,1710,7757,7200,9467,1350,42,42
3,2,1170,7258,1,0,0,3,7,1170,0,47.3333,-122.266,1410,7750,8428,9160,1170,30,30
4,2.25,2070,39446,1,0,0,3,8,1470,600,47.7765,-122.276,2140,12043,41516,14183,2070,37,37
3,2.5,1890,6500,2,0,0,3,7,1890,0,47.6225,-122.058,2340,7500,8390,9840,1890,2,2
4,1,1390,17739,1,0,0,3,7,1390,0,47.3457,-122.302,1230,7840,19129,9070,1390,56,56
3,2.5,2250,9235,2,0,0,3,8,2250,0,47.7268,-122.105,2290,8187,11485,10477,2250,29,29
5,2.5,1970,8605,2,0,0,4,7,1970,0,47.1944,-122.013,1970,8460,10575,10430,1970,20,20
2,1,640,7768,1,0,0,3,6,640,0,47.515,-122.359,840,7424,8408,8264,640,72,72
2,1,1470,3864,1,0,0,4,7,1170,300,47.6638,-122.345,1570,3864,5334,5434,1470,98,98
4,3.75,3810,9916,2,0,0,3,11,3810,0,47.5739,-122.234,3040,11250,13726,14290,3810,26,26
3,2.5,2200,6005,2,0,0,3,9,2200,0,47.7408,-122.169,2320,6098,8205,8418,2200,18,18
4,2.5,2020,9600,2,0,0,4,7,2020,0,47.5434,-122.395,2250,8550,11620,10800,2020,60,60
4,2.5,2810,9800,1,0,0,4,8,1710,1100,47.5657,-122.149,2800,9800,12610,12600,2810,41,41
3,2,2070,9600,1,0,1,3,7,1590,480,47.616,-122.239,3000,16215,11670,19215,2070,68,68
2,1.5,1160,1086,2,0,0,3,7,890,270,47.768,-122.315,1160,1086,2246,2246,1160,8,8
3,1,1140,5258,1,0,0,3,6,1140,0,47.5122,-122.383,1140,5280,6398,6420,1140,103,103
4,2.5,3520,12193,2,0,0,4,10,3520,0,47.5535,-122.095,3470,11318,15713,14788,3520,21,21
3,2.5,2480,6180,2,0,0,3,9,2480,0,47.4044,-122.208,2870,6180,8660,9050,2480,16,16
6,2.25,2450,25600,1,0,2,3,7,1340,1110,47.6061,-122.117,1850,10230,28050,12080,2450,57,57
3,3.5,2420,4000,2,0,0,5,9,1820,600,47.6054,-122.295,2030,4550,6420,6580,2420,107,107
3,3,1730,1442,2,0,0,3,8,1440,290,47.5344,-122.348,1370,1524,3172,2894,1730,7,7
3,2.5,1920,3624,2,0,0,3,9,1920,0,47.6647,-122.087,1930,3533,5544,5463,1920,11,11
2,1,1640,5200,1,0,0,4,7,1040,600,47.6426,-122.403,1780,5040,6840,6820,1640,77,77
3,2.5,1320,4320,1,0,0,3,6,660,660,47.5327,-122.347,1190,4200,5640,5390,1320,96,96
4,2.25,2530,5000,1,0,0,4,7,1690,840,47.6806,-122.36,1530,5000,7530,6530,2530,89,89
3,1.75,1460,7884,1,0,0,3,8,1460,0,47.4457,-122.128,2050,7210,9344,9260,1460,39,39
3,3.75,2460,7630,1,0,0,5,8,1940,520,47.7147,-122.373,2000,7326,10090,9326,2460,38,38
3,1,1170,8816,1,0,0,4,6,1170,0,47.3059,-122.368,1200,9108,9986,10308,1170,48,48
2,1.75,2050,4000,1,0,2,3,8,2050,0,47.6415,-122.373,1940,4000,6050,5940,2050,36,36
4,1,1260,7645,1,0,0,3,6,1260,0,47.5044,-122.35,1170,7649,8905,8819,1260,90,90
4,2.75,2170,5988,2,0,0,3,8,2170,0,47.7484,-122.317,1170,8147,8158,9317,2170,0,0
4,2.5,2920,7700,2,0,0,3,9,2920,0,47.7351,-121.975,2920,8943,10620,11863,2920,11,11
4,3.5,5830,131116,2,0,0,3,11,5830,0,47.5986,-121.949,5340,207206,136946,212546,5830,9,9
2,1.75,6840,10000,2,1,4,3,11,4350,2490,47.6042,-122.112,3120,12300,16840,15420,6840,13,13
3,1.5,1020,9072,1,0,0,3,7,920,100,47.695,-122.301,1620,7930,10092,9550,1020,84,84
4,2.75,2730,4268,2,0,1,3,9,2730,0,47.6397,-122.395,2340,5000,6998,7340,2730,6,6
5,2.75,2130,6222,1,0,0,3,7,1300,830,47.5272,-122.276,2130,6222,8352,8352,2130,23,23
4,2.5,2150,7670,1,0,0,5,7,1240,910,47.3942,-122.189,1610,7350,9820,8960,2150,39,39
4,3.25,3450,11240,2,0,3,4,10,2430,1020,47.4556,-122.372,2412,19499,14690,21911,3450,54,13
2,1,1100,4200,1,0,0,3,7,1100,0,47.5312,-122.392,1240,4000,5300,5240,1100,60,60
4,3.5,3810,9792,2,0,0,3,9,3810,0,47.5018,-122.38,1950,9792,13602,11742,3810,76,1
4,2.5,2660,12672,1,0,0,4,8,1740,920,47.3334,-122.323,2280,12477,15332,14757,2660,54,54
2,1,1080,3899,1,0,0,4,8,1080,0,47.3792,-122.321,1090,3899,4979,4989,1080,42,42
3,1,770,9750,1,0,0,3,6,770,0,47.4509,-122.275,1560,10707,10520,12267,770,73,73
3,2.5,2160,4000,1,0,0,3,8,1960,200,47.6045,-122.307,2160,5120,6160,7280,2160,111,1
4,2.25,1940,10200,1,0,0,3,7,1360,580,47.4253,-122.283,1940,10200,12140,12140,1940,55,55
3,1.5,1330,10640,1,0,0,3,7,1330,0,47.7364,-122.193,1460,8520,11970,9980,1330,38,38
4,2.75,2630,7505,2,0,0,3,8,2630,0,47.6846,-122.163,2670,7506,10135,10176,2630,20,20
5,3.5,2960,12527,2,0,0,3,9,1940,1020,47.3134,-122.35,2210,10952,15487,13162,2960,28,28
3,1.75,1400,18002,1,0,0,3,6,1400,0,47.725,-121.967,2240,14068,19402,16308,1400,37,37
4,2.5,1820,16103,2,0,0,3,7,1820,0,47.3553,-122.196,2120,21277,17923,23397,1820,10,10
3,2.5,1720,3951,2,0,0,3,7,1720,0,47.4033,-122.187,1720,3605,5671,5325,1720,23,23
2,1,1050,8382,1,0,0,3,7,1050,0,47.5627,-122.221,2400,9525,9432,11925,1050,56,56
5,3.5,2640,6895,2,0,0,3,7,2640,0,47.5298,-121.879,2640,5267,9535,7907,2640,13,13
3,2.5,2280,2502,2,0,0,3,8,1880,400,47.5364,-122.073,2280,2812,4782,5092,2280,8,8
3,2.5,1930,7266,2,0,0,3,8,1930,0,47.7191,-122.309,1930,7266,9196,9196,1930,9,9
3,2.5,2507,18400,2,0,0,3,8,2507,0,47.2867,-122.27,1520,14709,20907,16229,2507,9,9
3,2.25,1770,8165,2,0,0,3,7,1770,0,47.7166,-122.236,1650,8165,9935,9815,1770,37,37
4,1.5,2480,6000,1,0,0,3,8,1520,960,47.5233,-122.386,1810,6000,8480,7810,2480,60,60
3,2.5,2760,6187,2,0,0,3,10,2760,0,47.5821,-122.047,2760,6600,8947,9360,2760,0,0
4,3,2120,13000,2,0,0,4,8,2120,0,47.4745,-122.141,2180,11440,15120,13620,2120,36,36
4,2.5,3020,6788,2,0,0,3,7,3020,0,47.5346,-121.881,2640,5325,9808,7965,3020,12,12
4,2.5,2250,6840,2,0,0,3,9,2250,0,47.4398,-122.151,2480,7386,9090,9866,2250,27,27
4,2.25,3300,15375,1,0,3,3,8,2820,480,47.526,-122.225,3250,15375,18675,18625,3300,82,31
2,1,790,7252,1,0,0,3,5,790,0,47.5048,-122.365,1260,11470,8042,12730,790,85,85
3,1,1320,5250,1,0,0,5,7,1320,0,47.5566,-122.378,1490,5250,6570,6740,1320,101,101
2,1,810,9882,1,0,0,3,6,810,0,47.4925,-122.239,950,7200,10692,8150,810,70,70
4,1.75,3550,19865,2,0,0,3,9,3550,0,47.6236,-122.235,3000,19862,23415,22862,3550,52,12
2,1.75,3050,50965,2,0,0,3,10,3050,0,47.6744,-122.05,3050,40107,54015,43157,3050,24,24
1,1,890,211576,1,0,0,3,7,890,0,47.7216,-121.883,1670,217364,212466,219034,890,19,19
2,2,1200,3624,2,0,0,3,6,1200,0,47.349,-122.025,1360,2693,4824,4053,1200,11,11
3,1,1400,7360,1,0,0,4,7,1400,0,47.3123,-122.186,1600,8030,8760,9630,1400,46,46
3,2.75,1400,7880,1,0,0,3,7,1000,400,47.5095,-122.193,1400,7279,9280,8679,1400,33,33
3,1.75,3610,8502,1,0,2,3,10,2610,1000,47.583,-122.379,2900,5016,12112,7916,3610,85,85
4,1.75,1760,94525,1,0,0,3,7,1760,0,47.5882,-122.07,3030,34848,96285,37878,1760,26,26
4,2.5,2730,36183,2,0,0,3,9,2730,0,47.7036,-122.127,2710,5964,38913,8674,2730,28,28
3,1,1020,6000,1,0,0,3,5,1020,0,47.5281,-122.031,2070,7200,7020,9270,1020,114,114
4,2.25,1810,7068,2,0,0,5,7,1810,0,47.7319,-122.204,1460,7274,8878,8734,1810,39,39
3,2.5,3090,7708,2,0,0,3,10,3090,0,47.6868,-122.108,3140,8592,10798,11732,3090,16,16
5,3.5,3020,15305,2,0,0,3,10,2230,790,47.5627,-122.216,3680,14486,18325,18166,3020,37,37
3,3.25,3330,15093,2,0,0,3,9,3330,0,47.5395,-122.242,4340,20031,18423,24371,3330,26,26
3,1,1970,22144,1,0,0,4,7,1970,0,47.5234,-121.841,1970,13500,24114,15470,1970,44,44
5,5,5450,20412,2,0,0,3,11,5450,0,47.6209,-122.237,3160,17825,25862,20985,5450,0,0
4,1.75,2250,16000,1,0,0,3,8,1450,800,47.3303,-122.351,1930,16000,18250,17930,2250,58,58
3,2.75,2500,35245,1,0,0,3,7,1580,920,47.3414,-122.117,2060,153766,37745,155826,2500,15,15
2,1,800,9450,1,0,0,3,6,800,0,47.4563,-122.184,1090,9450,10250,10540,800,57,57
4,2.5,2880,8061,2,0,0,3,9,2880,0,47.439,-122.152,2650,7660,10941,10310,2880,27,27
5,2.5,2960,9877,1,0,0,4,7,1480,1480,47.5866,-122.171,1900,9877,12837,11777,2960,55,55
5,3.25,4100,7578,2,0,2,3,10,4100,0,47.5955,-121.974,3710,8156,11678,11866,4100,3,3
2,1,750,4500,1,0,0,3,6,750,0,47.607,-122.297,1540,4000,5250,5540,750,70,70
3,2.25,1500,2692,2,0,0,3,7,1500,0,47.7159,-122.203,1470,2418,4192,3888,1500,29,29
3,1.75,1610,6480,1,0,0,4,7,1610,0,47.7137,-122.307,1230,8040,8090,9270,1610,67,67
3,1.5,1780,10196,1,0,0,4,7,1270,510,47.3375,-122.291,1320,7875,11976,9195,1780,48,48
5,4.25,3530,7924,2,0,0,3,10,3530,0,47.5894,-122.243,1750,9226,11454,10976,3530,13,13
2,1,1020,5000,1,0,0,4,6,1020,0,47.6725,-122.396,1490,5000,6020,6490,1020,109,109
2,2,1660,5200,1,0,0,5,7,1120,540,47.6871,-122.334,1260,5160,6860,6420,1660,108,108
3,2.25,2440,9689,1,0,2,4,8,1830,610,47.6141,-122.111,2730,9689,12129,12419,2440,41,41
3,2.25,1800,7371,1,0,0,3,7,1280,520,47.7584,-122.145,1960,7675,9171,9635,1800,35,35
2,1,1030,6000,1,0,0,2,7,830,200,47.5291,-122.268,1770,5000,7030,6770,1030,64,64
3,2.25,2040,130680,2,0,0,3,9,2040,0,47.7584,-122.136,3080,39630,132720,42710,2040,37,37
3,2.5,3320,12840,1,0,0,3,10,2600,720,47.5783,-121.994,3230,14933,16160,18163,3320,25,25
3,2.25,3370,11757,2,0,2,4,9,3370,0,47.5573,-122.16,2690,10500,15127,13190,3370,35,35
2,1,900,5100,1,0,0,4,7,900,0,47.6804,-122.378,1400,5100,6000,6500,900,105,105
3,1.75,1740,10800,1,0,0,3,7,1740,0,47.7717,-122.351,1810,7735,12540,9545,1740,56,56
4,2,1700,8043,1,0,0,3,7,850,850,47.4758,-122.288,1540,13260,9743,14800,1700,60,60
5,3.25,3370,7313,2,0,0,4,8,2140,1230,47.5632,-122.015,2990,7806,10683,10796,3370,26,26
3,1.75,1300,5111,1,0,0,4,7,1300,0,47.7005,-122.314,1370,5111,6411,6481,1300,56,56
4,2.5,1900,9428,2,0,0,3,8,1900,0,47.7628,-122.244,1830,10480,11328,12310,1900,36,36
4,2.5,2040,9225,1,0,0,5,8,1610,430,47.636,-122.097,1730,9225,11265,10955,2040,46,46
4,2.5,2280,9874,2,0,0,3,9,2280,0,47.7099,-122.229,2670,9782,12154,12452,2280,25,25
3,2,1560,7000,1,0,0,4,7,1560,0,47.3355,-122.284,1560,7200,8560,8760,1560,46,46
4,2.5,1820,3899,2,0,0,3,7,1820,0,47.735,-121.985,1820,3899,5719,5719,1820,16,16
4,3.25,4860,181319,2,0,0,3,9,4860,0,47.6179,-122.005,3850,181319,186179,185169,4860,22,22
3,1.75,1250,5375,1,0,0,3,7,1250,0,47.3787,-122.323,1320,6258,6625,7578,1250,30,30
3,3,2260,1834,2,0,0,3,8,1660,600,47.6111,-122.308,2260,1834,4094,4094,2260,12,12
5,3.5,4140,6770,2,0,0,3,9,3030,1110,47.5381,-122.069,3960,5431,10910,9391,4140,11,11
3,2.25,1630,7573,1,0,2,3,7,1230,400,47.7273,-122.211,1550,7695,9203,9245,1630,31,31
4,1.75,1830,12540,1,0,0,4,8,1130,700,47.3348,-122.324,2020,12540,14370,14560,1830,57,57
4,2.5,3753,7204,2,0,0,3,10,3336,417,47.3011,-122.385,3494,9375,10957,12869,3753,6,6
3,1.75,2100,9066,1,0,0,3,8,1440,660,47.4294,-122.292,2000,9132,11166,11132,2100,52,52
4,3,2483,5701,2,0,0,3,8,2483,0,47.3623,-122.199,2075,5720,8184,7795,2483,10,10
3,1.75,1210,9635,1,0,0,4,7,1210,0,47.7382,-121.98,1550,10707,10845,12257,1210,27,27
3,2,1800,5000,1,0,0,4,7,1080,720,47.6738,-122.297,1800,5000,6800,6800,1800,72,72
2,1.75,1990,4000,1,0,0,5,7,1090,900,47.6889,-122.342,1270,5700,5990,6970,1990,62,62
2,2.25,1100,1114,2,0,0,3,8,900,200,47.6199,-122.304,1230,1800,2214,3030,1100,6,6
3,1.75,1460,4692,1,0,0,3,7,1460,0,47.472,-122.192,1600,4557,6152,6157,1460,27,27
3,2,1400,8640,1,0,0,5,7,1400,0,47.3182,-122.319,1270,9375,10040,10645,1400,46,46
3,1,1080,6250,1,0,0,2,5,1080,0,47.5045,-122.33,1070,6250,7330,7320,1080,64,64
4,2.5,3070,6923,2,0,0,3,9,3070,0,47.669,-122.172,2190,9218,9993,11408,3070,5,5
3,1.75,1420,1189,3,0,0,3,8,1420,0,47.6625,-122.352,1380,1196,2609,2576,1420,8,8
3,1.5,1740,21980,1,0,0,4,7,1740,0,47.3644,-122.132,1400,16100,23720,17500,1740,42,42
4,1,1380,6700,1,0,0,3,7,1190,190,47.4871,-122.281,1380,8292,8080,9672,1380,86,86
3,1.5,1140,3292,2,0,0,3,7,1140,0,47.5701,-122.017,1150,3592,4432,4742,1140,26,26
3,1.5,1760,4880,1,0,3,3,8,1290,470,47.5334,-122.388,1840,4998,6640,6838,1760,86,86
3,1.75,1340,12800,1,0,0,3,7,880,460,47.4437,-122.137,1500,7875,14140,9375,1340,33,33
4,1,1000,7134,1,0,0,3,6,1000,0,47.4897,-122.24,1020,7138,8134,8158,1000,71,71
2,1,910,2002,1,0,0,3,6,910,0,47.6188,-122.306,1190,1208,2912,2398,910,114,114
4,2.5,2496,8058,2,0,0,3,9,2496,0,47.6791,-122.149,2496,7757,10554,10253,2496,16,16
3,2,1810,12825,1,0,0,4,7,1810,0,47.5953,-122.14,1490,10800,14635,12290,1810,55,55
3,2.5,2570,9487,2,0,3,3,9,2570,0,47.7408,-122.216,2490,9898,12057,12388,2570,25,25
4,2.5,2380,7850,2,0,0,3,8,2380,0,47.4356,-122.201,1940,7334,10230,9274,2380,19,19
4,3,2860,10292,1,0,0,4,8,2860,0,47.6286,-122.206,1840,10273,13152,12113,2860,61,15
4,2.5,2300,22445,2,0,0,4,8,2300,0,47.6454,-121.902,2640,21886,24745,24526,2300,23,23
3,2.25,2450,42180,1,0,0,4,7,2450,0,47.3549,-122.111,1440,42180,44630,43620,2450,36,14
7,2.75,3110,4400,1,0,0,5,7,2010,1100,47.6684,-122.319,1240,4280,7510,5520,3110,100,100
3,2.75,3910,7080,1,0,0,5,9,1970,1940,47.6324,-122.289,3480,7370,10990,10850,3910,66,66
3,1,1320,7341,1,0,0,3,7,1320,0,47.7367,-122.295,1160,7573,8661,8733,1320,32,32
4,2.5,2670,5100,2,0,0,3,8,1940,730,47.6768,-122.39,1470,4080,7770,5550,2670,85,4
4,3.5,3920,19088,1,0,1,3,10,2240,1680,47.576,-122.214,3800,13749,23008,17549,3920,10,10
3,1.75,1230,9600,1,0,0,4,7,1230,0,47.3675,-122.095,1330,8250,10830,9580,1230,30,30
3,2.5,1630,3425,2,0,0,3,8,1630,0,47.4913,-122.154,1420,3425,5055,4845,1630,16,16
3,1.75,2120,18335,1,0,0,3,7,1380,740,47.451,-122.273,2050,18333,20455,20383,2120,53,53
3,1.75,1920,43560,1,0,0,4,7,1340,580,47.6052,-122.044,2540,58806,45480,61346,1920,52,52
5,4.5,4600,7810,2,0,0,3,9,3200,1400,47.5381,-121.86,4480,6324,12410,10804,4600,8,8
2,1,870,10492,1,0,0,3,7,870,0,47.5467,-122.365,1300,7987,11362,9287,870,78,78
2,1,920,10000,1,0,0,4,7,920,0,47.6938,-122.21,1340,10000,10920,11340,920,34,34
4,2.25,3180,6105,2,0,0,3,10,3180,0,47.6255,-122.314,3180,6029,9285,9209,3180,109,109
3,2.5,1650,5000,2,0,0,3,8,1650,0,47.3206,-122.394,1720,5000,6650,6720,1650,29,29
2,2.25,3170,3000,2,0,2,5,10,1990,1180,47.6291,-122.351,2980,5061,6170,8041,3170,114,114
4,2.75,2500,20000,1,0,0,4,8,1700,800,47.5901,-122.198,2650,20000,22500,22650,2500,45,45
4,2.5,2030,9095,1,0,0,4,7,1130,900,47.7321,-122.185,1940,8000,11125,9940,2030,42,42
5,2.25,2230,9600,1,0,0,3,8,1320,910,47.7466,-122.076,2080,9760,11830,11840,2230,36,36
4,2.5,3290,7538,2,0,0,3,9,3290,0,47.598,-121.972,3450,7538,10828,10988,3290,10,10
4,3.5,3380,8098,1,0,1,5,9,1690,1690,47.6839,-122.19,1890,8400,11478,10290,3380,62,62
4,2.5,2310,5362,2,0,4,4,8,2010,300,47.6044,-122.284,2530,5960,7672,8490,2310,87,87
4,2.5,1950,5602,1,0,0,5,7,1120,830,47.5437,-122.291,2000,6050,7552,8050,1950,49,49
4,2.5,3070,6432,2,0,0,3,9,3070,0,47.4487,-122.205,2910,5106,9502,8016,3070,8,8
3,1,1050,5156,1,0,0,3,7,1050,0,47.5169,-122.358,1050,5502,6206,6552,1050,96,96
4,2,1630,9010,1,0,0,4,7,1050,580,47.317,-122.196,1670,7820,10640,9490,1630,39,39
4,2.5,1850,8198,2,0,0,3,7,1850,0,47.4079,-122.186,1850,7924,10048,9774,1850,21,21
2,1,790,5800,1,0,0,3,6,790,0,47.6973,-122.36,1460,5800,6590,7260,790,72,72
3,2.25,1790,9927,1,0,2,4,7,1240,550,47.5822,-122.077,2610,10700,11717,13310,1790,46,46
3,2.5,1620,5250,2,0,0,3,8,1620,0,47.3538,-122.301,1650,5250,6870,6900,1620,27,27
4,1.5,1970,4590,2,0,0,3,7,1970,0,47.666,-122.332,1900,4590,6560,6490,1970,105,105
4,2,2220,14120,1,0,0,3,7,1200,1020,47.361,-122.116,1300,9709,16340,11009,2220,48,48
3,2.25,1960,10385,1,0,0,3,8,1960,0,47.5736,-122.109,2800,12632,12345,15432,1960,26,26
3,1.5,2240,3750,1,0,0,3,7,1220,1020,47.6624,-122.336,1570,3400,5990,4970,2240,62,62
3,1,1150,8848,1,0,0,3,7,1150,0,47.3626,-122.111,1220,9576,9998,10796,1150,47,47
3,1.75,1530,8800,1,0,0,4,7,1040,490,47.4483,-122.158,1530,8690,10330,10220,1530,48,48
4,2.25,2490,6973,1,0,0,4,8,1490,1000,47.6516,-122.409,1780,5612,9463,7392,2490,61,61
5,2,1460,169448,1,0,0,3,6,1460,0,47.3714,-122.177,2250,6059,170908,8309,1460,105,105
5,2,3930,10150,1,0,0,4,8,3070,860,47.6317,-122.114,2200,8190,14080,10390,3930,46,46
2,1,1050,5671,1,0,0,3,7,850,200,47.6767,-122.286,1850,5243,6721,7093,1050,66,66
4,2.5,2310,3570,1,0,0,3,7,1490,820,47.6889,-122.347,1580,3060,5880,4640,2310,87,0
3,1,1330,9620,1,0,0,5,6,1330,0,47.3174,-122.127,1300,10360,10950,11660,1330,38,38
5,2.25,2890,12478,2,0,0,3,9,2890,0,47.6295,-122.052,2570,11880,15368,14450,2890,37,37
2,1,1050,60113,1,0,0,4,7,1050,0,47.3226,-122.287,1380,27442,61163,28822,1050,71,71
4,2.5,2990,29170,2,0,3,3,9,2990,0,47.5146,-122.117,3715,29170,32160,32885,2990,15,15
3,1.75,2920,21375,1,0,0,3,8,1850,1070,47.7666,-122.265,1540,8482,24295,10022,2920,54,54
3,2.5,1584,3200,2,0,0,3,7,1584,0,47.3451,-122.215,1584,2800,4784,4384,1584,3,3
3,1.75,1690,8190,1,0,0,4,8,1690,0,47.5857,-122.172,1840,8705,9880,10545,1690,56,56
2,1,870,11100,1,0,0,3,6,870,0,47.5038,-122.364,1370,10404,11970,11774,870,74,74
4,1,1010,7515,1,0,0,4,6,1010,0,47.4174,-122.316,1330,7515,8525,8845,1010,60,60
3,2,2570,10078,1,0,0,3,8,2570,0,47.6275,-122.12,2660,8013,12648,10673,2570,50,50
3,2,1610,4364,2,0,0,3,8,1610,0,47.5672,-122.004,2010,4364,5974,6374,1610,19,19
5,2.75,2400,7904,1,0,0,3,7,1450,950,47.4683,-122.263,2400,7475,10304,9875,2400,23,23
3,1.5,3000,5750,2,0,0,5,9,2000,1000,47.5821,-122.39,1820,5750,8750,7570,3000,91,91
4,2.5,2650,4120,2,0,0,3,8,2650,0,47.5019,-122.34,2030,3768,6770,5798,2650,0,0
4,2.5,2620,10489,2,0,0,3,9,2620,0,47.6732,-122.143,2430,7701,13109,10131,2620,24,24
3,1.75,1540,12600,1,0,0,4,7,1160,380,47.3624,-122.031,1540,11656,14140,13196,1540,34,34
3,1,930,3348,1,0,0,4,6,930,0,47.5532,-122.277,1210,3348,4278,4558,930,89,89
4,2.5,2380,4950,2,0,0,3,8,2380,0,47.5382,-122.391,1370,5120,7330,6490,2380,10,10
3,1.5,1710,4500,1,0,0,3,8,1410,300,47.5366,-122.268,1860,6000,6210,7860,1710,86,86
3,2.5,3910,14000,2,0,0,3,10,3910,0,47.6374,-122.12,2280,14000,17910,16280,3910,15,15
3,2.5,2600,5540,2,0,0,3,8,2600,0,47.3446,-122.041,2600,5540,8140,8140,2600,10,10
4,1.5,1770,5750,2,0,0,3,7,1770,0,47.5621,-122.394,970,5750,7520,6720,1770,67,67
4,1.5,2220,6811,1,0,0,4,7,1270,950,47.5059,-122.193,1800,7350,9031,9150,2220,53,53
4,1.75,2310,8045,1,0,0,4,7,1650,660,47.4569,-122.165,1790,8086,10355,9876,2310,38,38
3,1.75,1920,7400,1,0,0,4,8,1260,660,47.5633,-122.131,2360,8048,9320,10408,1920,37,37
3,2,2060,2900,1,0,0,5,8,1330,730,47.5897,-122.292,1910,3900,4960,5810,2060,84,84
2,1,2110,4920,1,0,0,3,7,1460,650,47.6872,-122.339,1390,4732,7030,6122,2110,103,103
3,2.25,3370,23065,1,1,4,3,10,1920,1450,47.7434,-122.263,3410,19688,26435,23098,3370,34,34
3,1,1300,7420,1,0,0,4,6,1300,0,47.2899,-122.219,1250,7420,8720,8670,1300,55,55
2,1,1040,4040,1,0,0,3,7,940,100,47.6829,-122.393,1420,4040,5080,5460,1040,86,86
2,1,700,3180,1,0,0,3,6,480,220,47.4976,-122.262,1760,6360,3880,8120,700,63,63
3,1,1210,10185,1,0,0,3,6,1210,0,47.4873,-122.345,1320,10245,11395,11565,1210,57,57
4,1.75,2620,11041,1,0,0,4,9,2620,0,47.5975,-122.174,2230,11041,13661,13271,2620,52,52
2,1,1470,6000,1,0,0,3,6,900,570,47.6527,-122.386,1670,6000,7470,7670,1470,71,71
3,1,1660,6582,1,0,0,5,7,1000,660,47.7169,-122.353,1110,6584,8242,7694,1660,68,68
2,1,1350,10096,1,0,2,4,7,1350,0,47.4967,-121.778,1280,10095,11446,11375,1350,62,62
4,1.75,2370,8400,1,0,0,5,9,1270,1100,47.6716,-122.264,2370,8400,10770,10770,2370,66,66
4,2.5,2550,4500,2,0,0,3,7,2550,0,47.4916,-122.153,2340,4526,7050,6866,2550,5,5
3,2.5,1330,816,3,0,0,3,8,1330,0,47.6836,-122.387,1330,1113,2146,2443,1330,10,10
3,1.75,1380,8182,1,0,0,5,7,1380,0,47.7513,-122.349,1300,8188,9562,9488,1380,72,72
5,2.25,2980,7781,1,0,0,3,9,1580,1400,47.7048,-122.279,2310,7781,10761,10091,2980,54,54
4,2.5,2230,4952,2,0,0,3,8,2230,0,47.3363,-122.211,2030,3721,7182,5751,2230,3,3
3,1.75,1640,10464,1,0,2,4,8,1640,0,47.5873,-122.205,2630,18872,12104,21502,1640,46,46
5,1.75,1930,8040,1,0,0,4,8,1930,0,47.3109,-122.376,2370,8000,9970,10370,1930,49,49
4,2.5,2080,7047,2,0,0,3,8,2080,0,47.2627,-122.215,2580,7227,9127,9807,2080,19,19
3,1.5,1520,7903,1,0,0,4,7,1000,520,47.5659,-122.141,1520,9830,9423,11350,1520,59,59
3,1.5,1430,11173,1,0,0,1,7,1430,0,47.5734,-122.153,1520,11659,12603,13179,1430,60,60
3,1.75,2400,14012,1,0,0,3,9,2400,0,47.3371,-122.325,2800,13988,16412,16788,2400,44,44
4,2.5,2730,7649,2,0,0,3,7,2730,0,47.5441,-121.882,2730,6216,10379,8946,2730,9,9
3,2.25,2370,9619,1,0,0,4,8,1650,720,47.6366,-122.099,1960,9712,11989,11672,2370,41,41
3,1,1510,6200,1,0,0,3,6,1010,500,47.5293,-122.274,1710,8623,7710,10333,1510,60,60
5,2,2360,19899,1,0,0,4,7,2360,0,47.3299,-122.046,1860,19998,22259,21858,2360,47,47
3,2.25,2290,9047,2,0,0,4,8,2290,0,47.5545,-122.163,2120,9275,11337,11395,2290,30,30
3,2.5,3120,6000,2,0,0,3,9,3120,0,47.3473,-122.03,2670,6000,9120,8670,3120,8,8
2,2.5,1320,1157,2,0,0,3,8,990,330,47.6689,-122.363,1550,1519,2477,3069,1320,0,0
3,2.5,1800,2731,2,0,0,3,8,1800,0,47.5342,-121.841,1800,3265,4531,5065,1800,1,1
2,1,840,8100,1,0,0,4,7,840,0,47.7019,-122.366,1100,8220,8940,9320,840,66,66
3,2.25,2680,41250,2,0,0,3,7,2680,0,47.4817,-121.749,1940,47044,43930,48984,2680,30,30
3,1.75,1900,5520,1,0,0,3,7,1280,620,47.5549,-122.292,1330,5196,7420,6526,1900,32,32
2,1,700,4800,1,0,0,3,7,700,0,47.6147,-122.3,1440,4800,5500,6240,700,92,92
3,2,1480,2502,2,0,0,3,7,1480,0,47.6969,-122.338,1850,5000,3982,6850,1480,23,23
4,3.25,4670,51836,2,0,0,4,12,4670,0,47.635,-122.164,4230,41075,56506,45305,4670,26,26
2,1,1010,4000,1,0,0,3,6,1010,0,47.5536,-122.267,1040,4000,5010,5040,1010,103,103
3,2.5,2190,10370,2,0,0,3,9,2190,0,47.6218,-122.03,2470,10472,12560,12942,2190,27,27
2,1,750,6089,1,0,2,3,6,750,0,47.475,-122.199,1430,6451,6839,7881,750,77,77
4,2,2070,9822,1,0,0,5,7,2070,0,47.566,-122.14,1300,9572,11892,10872,2070,60,60
3,1.75,1930,6360,1,0,0,3,9,1930,0,47.5181,-121.885,2770,6373,8290,9143,1930,1,1
3,2.5,2400,9601,1,0,0,5,7,1390,1010,47.7256,-122.211,2010,9943,12001,11953,2400,37,37
3,3,2390,19454,1,0,0,3,8,2390,0,47.4545,-122.336,1540,26979,21844,28519,2390,6,6
2,1.5,1240,1331,2,0,0,3,7,1050,190,47.5959,-122.298,1250,1431,2571,2681,1240,7,7
3,3,3740,39640,2,0,2,3,10,3740,0,47.4036,-122.462,2930,26136,43380,29066,3740,23,23
3,1,950,8450,1,0,0,3,7,950,0,47.6884,-122.186,1610,10080,9400,11690,950,52,52
2,1.5,1120,1201,3,0,0,3,8,1120,0,47.6524,-122.353,1370,1298,2321,2668,1120,16,16
2,1,870,4000,1,0,2,3,7,870,0,47.5682,-122.374,1690,4000,4870,5690,870,64,64
4,3.25,2320,5900,1,0,2,4,9,2320,0,47.597,-122.292,2320,6240,8220,8560,2320,105,105
3,1.75,1230,7500,1,0,0,3,7,1230,0,47.7316,-122.224,1930,8747,8730,10677,1230,27,27
4,2.5,2660,65340,2,0,0,3,8,2660,0,47.4969,-122.06,2850,74052,68000,76902,2660,26,26
2,1,1210,4895,1,0,0,3,6,710,500,47.5202,-122.373,1100,6000,6105,7100,1210,63,63
4,3.25,3780,11200,2,0,0,3,11,3780,0,47.521,-122.15,3720,11813,14980,15533,3780,12,12
4,1,1640,4200,1,0,0,3,7,1640,0,47.6601,-122.332,1730,3990,5840,5720,1640,90,90
4,2.5,3160,35225,2,0,1,3,9,2250,910,47.5672,-122.111,3460,17223,38385,20683,3160,22,22
4,1.5,1520,8800,1,0,0,4,7,1520,0,47.3136,-122.208,1370,8800,10320,10170,1520,54,54
2,1,700,9500,1,0,0,3,6,700,0,47.5294,-122.276,1020,5617,10200,6637,700,64,64
3,2,1080,5077,1,0,0,3,7,1080,0,47.6836,-122.095,1070,3471,6157,4541,1080,30,30
3,2.5,2320,5000,2,0,0,3,8,1620,700,47.6278,-122.292,2160,5000,7320,7160,2320,107,21
2,1,1170,6000,1,0,0,3,6,1170,0,47.5033,-122.331,1130,7500,7170,8630,1170,67,67
4,3,3550,12327,1,0,0,4,10,2180,1370,47.7533,-122.205,3170,12937,15877,16107,3550,24,24
5,2,2760,6420,1,0,0,5,7,1380,1380,47.5396,-122.276,1400,7112,9180,8512,2760,50,50
4,3.25,3890,422096,1,0,0,3,9,3150,740,47.4125,-121.982,2180,229996,425986,232176,3890,14,14
3,1,1340,11070,1,0,0,4,7,1340,0,47.3527,-122.178,1650,7630,12410,9280,1340,36,36
4,3.5,3720,213073,1,0,2,3,10,3720,0,47.3216,-121.94,2190,59241,216793,61431,3720,7,7
6,2.75,3500,5150,2,0,0,5,8,2430,1070,47.6842,-122.363,1430,3860,8650,5290,3500,105,105
3,1,1890,36300,1,0,0,3,7,1890,0,47.5719,-121.914,1746,54014,38190,55760,1890,53,53
5,3,1810,3000,2,0,0,3,7,1810,0,47.5622,-122.291,1670,3000,4810,4670,1810,16,16
4,2.5,2820,6983,2,0,0,3,9,2820,0,47.2958,-122.265,2597,7222,9803,9819,2820,1,1
3,2,1480,800,2,0,0,3,8,1000,480,47.5492,-122.387,1480,886,2280,2366,1480,1,1
3,2.5,1730,4408,2,0,0,3,8,1730,0,47.5683,-122.005,1730,4408,6138,6138,1730,18,18
3,2.5,1500,1375,2,0,0,3,9,1200,300,47.6451,-122.375,1680,1627,2875,3307,1500,0,0
3,2.5,1950,8130,2,0,0,4,9,1950,0,47.3875,-122.161,2350,7691,10080,10041,1950,24,24
3,1,1240,6195,1,0,0,3,6,1240,0,47.7681,-122.266,1760,11080,7435,12840,1240,66,66
3,2.5,2030,8398,2,0,0,4,9,2030,0,47.6272,-122.095,2450,8104,10428,10554,2030,39,39
2,2.5,1310,2915,2,0,0,3,8,1310,0,47.4911,-122.154,1310,3425,4225,4735,1310,16,16
3,2.25,1358,1196,3,0,0,3,7,1358,0,47.7052,-122.346,1358,1196,2554,2554,1358,8,8
4,2.5,2040,8265,2,0,0,3,7,2040,0,47.4973,-122.341,2160,8265,10305,10425,2040,18,18
3,2.75,2820,5348,2,0,0,3,9,2820,0,47.7073,-122.118,3140,5640,8168,8780,2820,6,6
3,2.5,1920,7229,2,0,0,3,8,1920,0,47.2659,-122.31,2310,8009,9149,10319,1920,21,21
3,1.5,1970,10080,1,0,0,3,7,1970,0,47.4703,-122.276,2240,10080,12050,12320,1970,49,49
3,1,1160,9375,1,0,0,3,7,1160,0,47.7419,-122.073,1160,9650,10535,10810,1160,48,48
4,2.5,1560,12220,1,0,0,4,7,1560,0,47.5287,-122.053,1920,12220,13780,14140,1560,49,49
3,1.75,1480,8394,1,0,0,4,8,1480,0,47.6634,-122.144,1920,9184,9874,11104,1480,43,43
3,1.5,1200,8404,1,0,0,3,7,1200,0,47.4482,-122.269,2120,12000,9604,14120,1200,50,50
4,2.5,3680,7236,2,0,0,3,10,3680,0,47.3543,-122.005,3310,7180,10916,10490,3680,9,9
4,2.5,2510,12000,1,0,0,3,8,1520,990,47.3086,-122.384,2210,8320,14510,10530,2510,37,37
2,1,800,5080,1,0,0,3,7,800,0,47.6978,-122.314,1560,5110,5880,6670,800,76,76
3,1.75,2150,13789,1,0,0,4,8,1610,540,47.7591,-122.295,2150,15480,15939,17630,2150,48,48
4,3,3820,26895,2,0,2,3,11,3820,0,47.7253,-122.092,3820,24751,30715,28571,3820,20,20
4,3,2760,13113,1,0,0,4,8,1760,1000,47.7669,-122.268,1900,13113,15873,15013,2760,40,40
4,2.25,1870,5371,2,0,0,3,7,1870,0,47.3844,-122.036,2380,4502,7241,6882,1870,6,6
3,1,1190,8450,1,0,0,5,6,1190,0,47.4807,-122.157,1660,8450,9640,10110,1190,54,54
3,1,1210,7636,1,0,0,4,7,1210,0,47.5377,-122.266,1530,5900,8846,7430,1210,63,63
2,1,1090,5000,1,0,0,4,7,730,360,47.5258,-122.378,990,5250,6090,6240,1090,72,72
4,2.5,2340,19850,2,0,0,3,9,2340,0,47.7672,-122.306,1930,15439,22190,17369,2340,22,22
3,1,1300,3550,1,0,0,3,7,1300,0,47.6696,-122.32,1410,4080,4850,5490,1300,87,87
3,2.75,1580,4007,2,0,0,3,7,1580,0,47.7367,-121.969,1770,3799,5587,5569,1580,14,14
1,1.25,1100,638,3,0,0,3,9,1100,0,47.6228,-122.307,1110,1933,1738,3043,1100,0,0
3,2.25,3060,16000,2,0,0,3,10,3060,0,47.6189,-122.23,3510,13162,19060,16672,3060,26,26
3,2,1760,11410,1,0,0,5,7,1060,700,47.4528,-122.163,1680,9165,13170,10845,1760,37,37
3,2.5,1270,1283,3,0,0,3,7,1270,0,47.7209,-122.291,1270,1512,2553,2782,1270,7,7
3,1,1250,7560,1,0,0,3,6,1250,0,47.4493,-122.173,1270,7615,8810,8885,1250,56,56
2,1,870,5340,1,0,0,2,6,870,0,47.5849,-122.302,1190,4440,6210,5630,870,108,108
4,4.25,4720,21000,3,0,4,5,11,4720,0,47.7591,-122.376,3010,20000,25720,23010,4720,44,44
4,3.5,2840,5900,2,0,0,3,10,1920,920,47.5543,-122.268,1300,4900,8740,6200,2840,104,6
2,1,870,8487,1,0,0,4,6,870,0,47.4955,-122.239,1350,6850,9357,8200,870,71,71
4,3.5,3190,6875,2,0,2,3,8,2120,1070,47.7082,-122.221,2550,6875,10065,9425,3190,15,15
4,3,1920,12040,1,0,0,3,7,1920,0,47.4805,-122.301,1530,10230,13960,11760,1920,53,53
4,1.75,2250,8458,1,0,0,3,8,1450,800,47.5235,-122.383,1950,7198,10708,9148,2250,60,60
4,2.25,2410,16650,1,0,0,4,8,2410,0,47.5706,-122.163,2720,11141,19060,13861,2410,49,49
3,1.75,1110,9012,1,0,0,4,7,1110,0,47.6563,-122.131,1800,8679,10122,10479,1110,48,48
3,2,1410,5000,1,0,0,5,7,740,670,47.6752,-122.361,1830,4000,6410,5830,1410,106,106
3,2.5,1890,10190,2,0,0,3,8,1890,0,47.6478,-122.061,2080,9794,12080,11874,1890,28,28
4,2.5,1970,2601,2,0,0,3,7,1440,530,47.5949,-122.308,1760,3025,4571,4785,1970,16,16
3,2.25,2090,12112,2,0,0,3,8,2090,0,47.7015,-122.13,1760,12112,14202,13872,2090,31,31
4,2.5,2400,10070,1,0,0,3,7,1510,890,47.7104,-122.24,2030,9964,12470,11994,2400,48,48
4,2.5,2331,3826,2,0,0,3,8,2331,0,47.4444,-122.182,2441,3826,6157,6267,2331,7,7
3,1,1240,5000,1,0,0,5,7,1240,0,47.6755,-122.367,1240,4900,6240,6140,1240,105,105
5,3.5,2310,5249,2,0,0,3,8,1560,750,47.5463,-122.272,1900,7296,7559,9196,2310,15,15
3,1.75,1610,7350,1,0,0,3,8,1610,0,47.4503,-122.131,2120,7350,8960,9470,1610,40,40
6,2.75,2630,9420,2,0,0,5,9,2510,120,47.6695,-122.337,1540,4969,12050,6509,2630,114,114
3,3.5,1900,1612,2,0,0,3,8,1430,470,47.544,-122.385,1780,1525,3512,3305,1900,6,6
6,3,2300,3404,2,0,0,3,7,1600,700,47.7067,-122.343,1560,1312,5704,2872,2300,94,20
3,3.25,3450,15586,2,0,0,3,11,2690,760,47.4294,-122.343,3560,15046,19036,18606,3450,25,25
3,1,880,18109,1,0,0,4,6,880,0,47.3634,-122.101,940,11193,18989,12133,880,45,45
3,2.5,3020,50800,1,0,0,5,8,1510,1510,47.5529,-122.026,2400,27135,53820,29535,3020,46,46
2,1,780,6250,1,0,0,3,6,780,0,47.5099,-122.33,1280,7100,7030,8380,780,73,73
4,2.5,3880,35003,2,0,0,3,10,2570,1310,47.6477,-122.182,3740,35230,38883,38970,3880,31,31
3,3.25,2250,60548,1,0,0,3,9,2250,0,47.4246,-122.014,2760,84070,62798,86830,2250,9,9
3,2.5,2910,10044,2,0,0,4,10,2910,0,47.5845,-122.199,2420,12287,12954,14707,2910,26,26
2,2.5,2300,6984,1,0,0,3,8,2300,0,47.7087,-122.015,1820,4950,9284,6770,2300,9,9
4,2.25,1880,3000,2,0,0,3,8,1760,120,47.6864,-122.349,1880,3000,4880,4880,1880,105,37
3,1,1230,4600,1,0,0,3,7,1230,0,47.5616,-122.392,1230,4600,5830,5830,1230,86,86
5,1.5,2180,4268,1,0,0,4,7,1340,840,47.6848,-122.389,1530,3880,6448,5410,2180,90,90
4,3.5,3840,85728,2,0,0,3,11,3840,0,47.615,-121.954,2430,42643,89568,45073,3840,16,16
3,2.5,2540,51836,1,0,0,4,8,1820,720,47.389,-122.088,1650,51836,54376,53486,2540,38,38
1,1,900,7500,1,0,0,3,5,900,0,47.7553,-122.283,1470,7500,8400,8970,900,68,27
3,2,1230,6802,1,0,0,3,7,1230,0,47.6712,-122.279,1850,6398,8032,8248,1230,75,75
5,3,2450,4591,2,0,0,3,7,2450,0,47.6828,-122.388,1060,5500,7041,6560,2450,20,20
3,2.25,1500,7482,1,0,0,4,7,1210,290,47.4619,-122.187,1480,7308,8982,8788,1500,46,46
3,2.5,3370,19585,2,0,0,3,7,3200,170,47.7388,-122.339,1730,9430,22955,11160,3370,63,63
2,2.5,2210,6327,1,0,0,3,8,2210,0,47.7114,-122.03,2170,6327,8537,8497,2210,11,11
4,2.5,2242,37451,2,0,0,3,8,2242,0,47.7443,-122.228,2242,13125,39693,15367,2242,19,19
5,1.75,2140,8580,1,0,0,3,7,1200,940,47.6625,-122.178,1600,9206,10720,10806,2140,52,52
3,1,1050,9083,1,0,0,3,7,1050,0,47.7533,-122.307,1440,9071,10133,10511,1050,63,63
3,2,1560,1020,3,0,0,3,8,1560,0,47.605,-122.304,1560,1728,2580,3288,1560,0,0
3,2.5,1380,1590,2,0,0,3,9,1160,220,47.5444,-122.375,1380,1590,2970,2970,1380,2,2
3,2.75,1920,7700,1,0,0,4,8,1320,600,47.3213,-122.378,2040,8000,9620,10040,1920,37,37
6,3.25,3140,14923,2,0,0,3,10,3140,0,47.5411,-122.133,2980,10758,18063,13738,3140,23,23
4,2,1440,7680,1,0,0,3,7,1200,240,47.7245,-122.2,1460,9660,9120,11120,1440,43,43
4,2.5,2680,9928,1,0,0,4,8,1340,1340,47.5219,-122.052,2180,10478,12608,12658,2680,41,41
4,1.75,2240,9886,1,0,0,4,7,2240,0,47.6294,-122.116,1540,8040,12126,9580,2240,49,49
5,2.75,2820,4608,1,0,0,3,7,1450,1370,47.6886,-122.361,1620,3840,7428,5460,2820,47,47
4,2.5,2070,11286,2,0,0,3,8,2070,0,47.5284,-122.173,2440,10826,13356,13266,2070,19,19
5,3.5,5230,8960,2,0,0,3,11,4450,780,47.5964,-122.201,2310,9603,14190,11913,5230,0,0
4,2.25,1720,8300,1,0,0,4,8,1720,0,47.3192,-122.385,2010,8000,10020,10010,1720,41,41
4,2.5,2960,6031,2,0,0,3,9,2960,0,47.3596,-122.04,2570,5012,8991,7582,2960,9,9
3,2,1350,7686,1,0,0,3,7,1350,0,47.3609,-122.053,1470,7686,9036,9156,1350,25,25
3,1.75,1720,5956,2,0,0,3,8,1720,0,47.6875,-122.202,1620,9324,7676,10944,1720,33,33
2,2.5,1611,2210,2,0,2,3,10,1611,0,47.6291,-122.347,2070,2182,3821,4252,1611,10,10
3,1,920,9812,1,0,0,4,7,920,0,47.2958,-122.284,1188,9812,10732,11000,920,52,52
3,2,1160,10079,1,0,0,3,7,1160,0,47.7341,-121.976,1130,10087,11239,11217,1160,29,29
3,2.5,1900,1258,2,0,0,3,7,1700,200,47.6465,-122.358,1780,1877,3158,3657,1900,8,8
4,1.75,2130,11097,1,0,0,3,7,1370,760,47.4629,-122.356,1850,11097,13227,12947,2130,62,62
2,1,1360,6120,1,0,0,3,7,1060,300,47.6841,-122.291,1800,5100,7480,6900,1360,68,68
5,2.25,1780,7245,1,0,0,4,8,1330,450,47.6946,-122.12,1780,7653,9025,9433,1780,38,38
3,1.75,1430,6818,1,0,0,5,7,1430,0,47.7271,-122.196,1480,7210,8248,8690,1430,42,42
3,1,1590,6240,1,0,0,3,7,1060,530,47.4936,-122.337,1410,6240,7830,7650,1590,59,59
3,1.75,2050,16313,1,0,0,2,8,2050,0,47.5743,-122.212,3180,10264,18363,13444,2050,41,41
3,1,860,7030,1,0,0,3,7,860,0,47.7151,-122.211,1360,7500,7890,8860,860,41,41
4,3.5,3110,6829,2,0,0,3,8,3110,0,47.4349,-122.328,2910,7425,9939,10335,3110,0,0
5,1.75,1960,7875,1,0,0,4,7,1960,0,47.7256,-122.18,1800,7764,9835,9564,1960,46,46
4,2.5,3160,11380,2,0,0,3,9,3160,0,47.6318,-122.039,2970,10385,14540,13355,3160,31,31
4,2.5,1860,8117,1,0,0,4,8,1460,400,47.6228,-122.104,2040,8199,9977,10239,1860,48,48
3,1.75,1970,7972,1,0,3,5,8,1370,600,47.4908,-122.225,2460,9796,9942,12256,1970,38,38
4,3.5,3310,4850,2,0,0,3,9,3310,0,47.6954,-122.022,3320,5955,8160,9275,3310,4,4
4,2.5,2267,3577,2,0,0,3,7,2267,0,47.3384,-122.18,2056,3577,5844,5633,2267,0,0
4,2.5,2680,15508,2,0,0,3,8,2680,0,47.3025,-122.39,1960,15586,18188,17546,2680,15,15
4,2,2680,18768,1,0,0,5,8,2680,0,47.3182,-122.279,1230,15750,21448,16980,2680,49,49
4,2,2750,5527,2,0,0,3,8,2130,620,47.6513,-122.368,1290,1764,8277,3054,2750,114,28
5,2.5,2410,15300,1,0,0,4,8,1400,1010,47.5416,-122.231,2440,15300,17710,17740,2410,40,40
2,1,1747,12250,2,0,0,4,6,1747,0,47.3282,-122.285,1620,10300,13997,11920,1747,66,66
2,1,1370,11584,1,0,0,4,6,1370,0,47.4224,-122.293,1330,8012,12954,9342,1370,64,64
3,2.5,1920,9180,2,0,0,3,8,1920,0,47.4818,-122.231,1930,7252,11100,9182,1920,26,26
3,1,1130,8100,1,0,0,3,6,1130,0,47.4935,-122.306,1080,8100,9230,9180,1130,81,81
3,1.75,1880,11249,1,0,0,3,7,1330,550,47.3295,-122.257,1870,14547,13129,16417,1880,29,29
3,1.75,1940,167125,1,1,1,4,7,1480,460,47.459,-122.504,1910,127195,169065,129105,1940,59,59
3,1.75,1440,8040,1,0,0,3,7,960,480,47.7128,-122.306,1500,8040,9480,9540,1440,63,63
3,1,1010,8551,1,0,0,5,7,1010,0,47.7351,-122.295,1310,8504,9561,9814,1010,61,61
2,1,960,5150,1,0,0,5,6,960,0,47.5201,-122.372,1010,5000,6110,6010,960,63,63
2,1.75,1350,2653,2,0,0,3,7,1350,0,47.6934,-122.184,1370,4115,4003,5485,1350,29,29
1,0.75,480,9750,1,0,0,2,4,480,0,47.4982,-122.362,1550,9924,10230,11474,480,66,66
4,2.5,2780,7838,2,0,3,3,9,2780,0,47.5312,-121.861,3160,7848,10618,11008,2780,10,10
3,2,2360,5737,2,0,0,3,8,2360,0,47.7633,-122.262,1600,9163,8097,10763,2360,11,11
3,1.75,1670,11452,1,0,2,3,8,1670,0,47.1913,-122.015,1820,11152,13122,12972,1670,23,23
3,1.75,2230,10403,1,0,0,3,8,1630,600,47.4092,-122.295,1730,9450,12633,11180,2230,47,47
4,2.5,1950,3225,2,0,0,3,7,1950,0,47.5014,-122.226,1980,3225,5175,5205,1950,12,12
4,3.5,3530,8126,2,0,0,3,10,3530,0,47.6847,-122.2,2660,8126,11656,10786,3530,7,7
3,2.25,1430,9150,1,0,0,3,7,1070,360,47.3239,-122.35,1430,6364,10580,7794,1430,31,31
3,1.75,1770,10080,1,0,0,3,8,1770,0,47.7218,-122.306,1860,10456,11850,12316,1770,46,46
2,1,1270,7440,1,0,0,4,7,910,360,47.5285,-122.372,1040,7500,8710,8540,1270,65,65
3,2,2900,5650,1,0,2,3,8,1520,1380,47.5789,-122.396,1810,6250,8550,8060,2900,56,56
2,1,710,1164794,1,0,0,2,5,710,0,47.6888,-121.909,1680,16730,1165504,18410,710,100,100
4,1.5,1920,6000,2,0,1,3,7,1920,0,47.4029,-122.321,1920,6000,7920,7920,1920,64,64
3,2.5,1660,1545,2,0,2,3,9,1400,260,47.6268,-122.353,1820,2570,3205,4390,1660,12,12
3,2.25,2420,5304,1,0,0,5,7,1640,780,47.6765,-122.285,1560,5304,7724,6864,2420,67,67
4,2.5,2160,3139,1,0,0,3,7,1080,1080,47.6662,-122.338,1650,3740,5299,5390,2160,74,74
3,1,940,10360,1,0,0,4,7,940,0,47.688,-122.19,2019,10360,11300,12379,940,51,51
4,2,2240,7085,1,0,0,3,7,2240,0,47.7309,-122.305,1440,7085,9325,8525,2240,70,22
3,2.5,1720,6271,2,0,0,3,7,1720,0,47.3898,-122.049,1570,6587,7991,8157,1720,21,21
2,2,1920,6045,1,0,0,3,8,1920,0,47.7107,-122.031,1670,5200,7965,6870,1920,12,12
3,1.75,2310,78844,1,0,0,3,8,1760,550,47.5406,-122.066,2830,6230,81154,9060,2310,37,37
3,1,950,7610,1,0,0,3,7,950,0,47.3188,-122.174,1360,7938,8560,9298,950,32,32
3,3.75,6030,39317,2,0,0,3,11,4440,1590,47.6055,-122.21,4040,12333,45347,16373,6030,23,23
4,1.5,1800,9576,1,0,0,4,7,1800,0,47.4664,-121.747,1370,9576,11376,10946,1800,38,38
4,1.75,1700,10230,1,0,0,3,8,1320,380,47.7453,-122.351,2000,8006,11930,10006,1700,56,56
4,2.25,2350,10072,2,0,0,3,8,2350,0,47.7628,-122.168,2210,9687,12422,11897,2350,34,34
4,2.25,2120,53578,2,0,2,4,7,2120,0,47.2041,-122.021,2120,53578,55698,55698,2120,29,29
4,3.75,3450,4940,2,0,0,3,10,2570,880,47.692,-122.338,1880,5387,8390,7267,3450,9,9
3,1.75,2500,6840,1,0,0,3,8,1300,1200,47.7222,-122.32,1580,8691,9340,10271,2500,57,57
3,1,1020,11652,1,0,0,4,6,1020,0,47.4459,-122.278,1690,11652,12672,13342,1020,43,43
2,1,840,863,3,0,0,3,8,840,0,47.6974,-122.349,1110,1190,1703,2300,840,7,7
4,2,2270,5760,2,0,0,4,8,2270,0,47.5809,-122.39,1420,5760,8030,7180,2270,105,105
4,1,1760,8906,1,0,0,3,7,1230,530,47.4288,-122.198,1180,10407,10666,11587,1760,49,49
3,3.5,1970,5079,2,0,0,3,8,1680,290,47.5816,-122.296,1940,6000,7049,7940,1970,7,7
3,2,3650,843309,2,0,0,4,7,3650,0,47.3627,-122.496,1870,273992,846959,275862,3650,23,23
3,2.5,2870,7288,2,0,0,3,9,2870,0,47.7745,-122.225,2870,5998,10158,8868,2870,2,2
4,2.75,2390,6820,2,0,0,4,7,2140,250,47.6788,-122.27,1980,6820,9210,8800,2390,69,69
5,2.75,2920,11880,1,0,0,5,8,1660,1260,47.5133,-122.031,3910,14491,14800,18401,2920,46,46
4,2.5,3290,8147,2,0,0,3,10,3290,0,47.7048,-122.107,3290,7467,11437,10757,3290,11,11
3,2.5,1600,7829,2,0,0,3,7,1600,0,47.7288,-122.227,1580,9104,9429,10684,1600,27,27
3,2.5,1880,5502,2,0,0,3,8,1880,0,47.5737,-122.018,2040,5411,7382,7451,1880,26,26
5,3.25,3570,5425,2,0,0,3,7,3570,0,47.5933,-122.007,2690,5347,8995,8037,3570,9,9
3,2.25,2180,4200,1,0,0,5,8,1520,660,47.6412,-122.302,1850,4200,6380,6050,2180,75,75
3,1,1280,9775,1,0,0,3,6,1280,0,47.3262,-122.334,1230,8750,11055,9980,1280,51,51
4,1,1550,7620,1,0,0,3,7,1550,0,47.5287,-122.35,1450,7620,9170,9070,1550,57,57
3,1,1150,6908,1,0,0,3,6,800,350,47.7447,-122.313,1150,6908,8058,8058,1150,63,63
3,2.5,1730,3000,2,0,0,3,8,1730,0,47.6532,-122.34,1730,1774,4730,3504,1730,18,18
4,2.5,3240,23870,1,0,0,3,9,1840,1400,47.7731,-122.282,2290,13340,27110,15630,3240,43,43
3,2.5,1530,3296,2,0,0,3,8,1530,0,47.6181,-122.138,1530,4099,4826,5629,1530,16,16
2,1,850,2340,1,0,0,3,7,850,0,47.6707,-122.328,1300,3000,3190,4300,850,92,92
4,1.5,1580,8468,2,0,0,4,7,1580,0,47.3336,-122.281,1580,8260,10048,9840,1580,44,44
3,2.5,2450,5760,2,0,0,3,9,2450,0,47.6145,-122.026,2450,5762,8210,8212,2450,15,15
4,2.5,2620,7553,2,0,0,3,8,2620,0,47.5301,-122.18,2620,11884,10173,14504,2620,18,18
2,1,700,8301,1,0,0,3,6,700,0,47.7712,-122.323,1250,8304,9001,9554,700,61,61
4,1.75,2700,7875,1,0,0,4,8,2700,0,47.454,-122.144,2220,7875,10575,10095,2700,46,46
4,2.25,2100,8075,2,0,0,3,8,2100,0,47.3251,-122.329,2100,7464,10175,9564,2100,37,37
2,2.5,809,940,2,0,0,3,7,809,0,47.5499,-122.384,1260,4240,1749,5500,809,11,11
4,2.75,2070,9300,1,0,0,5,7,1120,950,47.7416,-122.32,1010,8308,11370,9318,2070,69,69
3,2.5,2300,3060,1,0,0,3,8,1510,790,47.6827,-122.31,1590,3264,5360,4854,2300,84,12
3,1.5,1650,3150,1,0,0,4,8,1650,0,47.6156,-122.297,1650,4500,4800,6150,1650,86,86
3,2.25,2090,15000,1,0,0,3,7,2090,0,47.4885,-121.783,1690,14400,17090,16090,2090,53,53
2,1,720,11400,1,0,0,5,6,720,0,47.7641,-122.341,1690,8075,12120,9765,720,63,63
3,1,1090,22080,1,0,0,5,7,1090,0,47.3991,-121.964,1590,19457,23170,21047,1090,47,47
4,2.5,2440,9350,1,0,0,4,8,1560,880,47.5614,-122.13,2260,8500,11790,10760,2440,38,38
3,2.25,1460,7210,1,0,0,3,7,1460,0,47.6316,-122.119,1850,7519,8670,9369,1460,52,52
3,1.5,1090,7698,1,0,0,5,7,1090,0,47.4553,-122.174,1540,7624,8788,9164,1090,48,48
4,1.75,2430,13211,1,0,0,4,7,2430,0,47.5245,-121.926,1330,10500,15641,11830,2430,105,36
4,2.25,1600,7916,2,0,0,3,7,1600,0,47.194,-121.981,1540,7242,9516,8782,1600,24,24
3,1,1380,12000,1,0,0,3,7,1380,0,47.3997,-122.215,1890,22001,13380,23891,1380,52,52
4,2.5,2390,9600,2,0,0,3,7,2390,0,47.3289,-122.001,1900,9603,11990,11503,2390,18,18
3,1,1040,6535,1,0,0,3,6,1040,0,47.4906,-122.306,1100,6535,7575,7635,1040,67,67
4,2.75,3200,13729,2,0,0,3,11,3200,0,47.6402,-122.171,4050,16921,16929,20971,3200,30,30
4,2,1970,6480,1,0,0,5,7,1130,840,47.5511,-122.312,1500,6480,8450,7980,1970,94,94
3,2,1540,6250,1,0,0,3,7,1540,0,47.3539,-122.025,2070,6250,7790,8320,1540,16,16
4,1.75,2320,9240,1,0,0,3,7,1160,1160,47.4909,-122.257,2130,7320,11560,9450,2320,55,0
3,2.5,2440,4153,2,0,0,3,9,2440,0,47.665,-122.087,2030,4143,6593,6173,2440,11,11
3,1,1000,4080,1,0,0,4,7,740,260,47.5351,-122.381,1480,4080,5080,5560,1000,69,69
5,3.25,3400,7452,2,0,0,3,10,3400,0,47.6141,-122.136,2650,8749,10852,11399,3400,15,15
4,2.5,2040,6685,2,0,0,3,8,2040,0,47.7413,-122.354,1890,8253,8725,10143,2040,16,16
3,2.5,1600,3580,2,0,0,3,7,1600,0,47.4939,-122.261,2020,4327,5180,6347,1600,15,15
3,2.5,2240,3691,2,0,0,3,7,2240,0,47.3364,-122.169,2619,3691,5931,6310,2240,11,11
2,1,900,6000,1,0,0,3,7,900,0,47.6855,-122.289,1460,4800,6900,6260,900,70,10
4,2.5,2950,10003,2,0,0,3,9,2950,0,47.489,-122.14,2790,9323,12953,12113,2950,8,8
5,2.75,2740,8426,1,0,0,4,8,1370,1370,47.5563,-122.184,2020,8783,11166,10803,2740,54,54
4,2.25,2000,8068,2,0,0,5,8,2000,0,47.5584,-122.137,2080,7837,10068,9917,2000,39,39
4,2.5,2960,10760,2,0,0,3,9,2960,0,47.5677,-122.013,2480,9528,13720,12008,2960,28,28
5,4.5,4850,40902,2,0,0,3,10,4850,0,47.3181,-122.344,1640,13503,45752,15143,4850,13,13
5,4.25,3920,16258,2,0,0,3,9,2900,1020,47.5871,-122.192,2540,12131,20178,14671,3920,24,24
3,1.75,1930,9000,1,0,1,4,7,1150,780,47.4539,-122.348,1590,9000,10930,10590,1930,64,64
3,2.25,1715,6819,2,0,0,3,7,1715,0,47.3097,-122.327,2238,6819,8534,9057,1715,19,19
4,2,1720,6099,1,0,0,4,7,860,860,47.6765,-122.287,1100,5671,7819,6771,1720,65,65
3,2.5,3030,45004,2,0,0,3,9,3030,0,47.7721,-122.093,3080,35781,48034,38861,3030,27,27
3,1,1110,7603,1,0,0,3,7,1110,0,47.7262,-122.224,1260,8094,8713,9354,1110,47,47
4,2.5,3360,11637,2,0,0,3,11,3360,0,47.3018,-122.342,3530,11205,14997,14735,3360,25,25
4,2.5,3090,5600,2,0,0,3,9,3090,0,47.597,-121.979,3080,5788,8690,8868,3090,10,10
3,1,1290,12005,1,0,0,4,7,1290,0,47.6835,-122.199,1930,8000,13295,9930,1290,49,49
3,0.75,1080,5025,1,0,0,3,5,1080,0,47.4936,-122.335,1370,6000,6105,7370,1080,66,66
3,2.5,2270,5654,2,0,0,3,8,2270,0,47.7733,-122.351,1770,7840,7924,9610,2270,16,16
2,1,930,5000,1,0,3,3,7,930,0,47.5333,-122.388,1760,5228,5930,6988,930,89,2
5,2.25,1870,11411,1,0,0,4,8,1170,700,47.7445,-122.289,2420,10793,13281,13213,1870,53,53
3,1.5,1540,4773,2,0,0,3,8,1540,0,47.5678,-122.378,1540,5750,6313,7290,1540,73,5
3,1,1250,9472,1,0,0,4,6,1250,0,47.495,-122.154,1590,9600,10722,11190,1250,42,42
3,1,1190,5100,1,0,0,4,7,1030,160,47.5346,-122.385,1690,5100,6290,6790,1190,74,74
3,1,880,6664,1,0,0,3,6,880,0,47.6855,-122.199,1690,6564,7544,8254,880,54,54
3,1.75,1190,4500,1,0,0,3,6,1190,0,47.5576,-122.388,1820,4500,5690,6320,1190,93,3
4,3.5,3510,10010,2,0,0,3,10,3510,0,47.5412,-121.876,4200,9935,13520,14135,3510,14,14
4,2.5,2980,5000,2,0,0,3,10,2980,0,47.5431,-121.997,3140,5500,7980,8640,2980,8,8
4,3,2380,5125,1,0,0,4,7,1680,700,47.5384,-122.376,1410,5375,7505,6785,2380,90,90
4,3.5,3790,6874,2,0,0,3,9,3790,0,47.6956,-122.022,3370,6535,10664,9905,3790,5,5
3,2,1936,6612,2,0,0,3,7,1936,0,47.2602,-122.246,1620,21600,8548,23220,1936,0,0
4,2,1850,11700,1,0,0,4,8,1850,0,47.4702,-122.12,2110,11700,13550,13810,1850,46,46
4,2.75,2400,12469,1,0,2,4,8,1760,640,47.5861,-122.112,2400,10400,14869,12800,2400,56,56
4,1.75,2230,6838,1,0,0,3,7,1320,910,47.5742,-122.118,1580,7500,9068,9080,2230,30,30
3,2.5,1750,6351,2,0,0,3,7,1750,0,47.2589,-122.256,1398,6092,8101,7490,1750,3,3
3,1,1620,5040,1,0,0,3,7,1120,500,47.5263,-122.286,1790,6178,6660,7968,1620,50,50
3,2.75,3340,12690,1,0,0,3,10,2550,790,47.6665,-122.27,3340,9480,16030,12820,3340,58,26
3,2.5,1370,22326,2,0,0,3,7,1370,0,47.4469,-121.775,1580,10920,23696,12500,1370,21,21
3,2,1110,8724,1,0,0,4,7,1110,0,47.3056,-122.206,1390,7750,9834,9140,1110,24,24
2,1,860,6050,1,0,0,3,7,860,0,47.5697,-122.4,1130,6050,6910,7180,860,62,62
3,1,1240,4080,1,0,0,3,7,1240,0,47.667,-122.333,2060,4080,5320,6140,1240,89,89
3,1,1110,12150,1,0,0,4,7,1110,0,47.6034,-122.122,1490,8200,13260,9690,1110,57,57
4,2.5,2643,5750,2,0,0,3,8,2643,0,47.3519,-122.173,2406,5772,8393,8178,2643,2,2
3,2.25,1590,926,3,0,0,3,8,1590,0,47.5402,-122.387,1640,1321,2516,2961,1590,1,1
5,2,2270,8652,1,0,0,3,7,1150,1120,47.6692,-122.151,1950,8050,10922,10000,2270,49,49
4,1.75,1860,7700,1,0,0,4,8,1860,0,47.626,-122.112,1860,7700,9560,9560,1860,50,50
2,1,1000,4950,1,0,0,3,7,800,200,47.5671,-122.394,1060,5500,5950,6560,1000,67,67
3,2,2040,5600,1,0,1,5,7,1120,920,47.5959,-122.293,2120,4958,7640,7078,2040,60,60
3,1.75,1650,10250,1,0,0,5,8,1650,0,47.6118,-122.169,2400,10250,11900,12650,1650,51,51
5,2,1730,10532,1,0,0,4,5,1730,0,47.5076,-122.178,1940,8501,12262,10441,1730,72,72
3,2,1350,14200,1,0,0,3,7,1350,0,47.7315,-121.972,2100,15101,15550,17201,1350,25,25
3,2,2030,17120,1,0,2,4,8,1890,140,47.2953,-122.185,1870,13662,19150,15532,2030,48,48
4,3,2910,8540,2,0,0,3,9,2910,0,47.5223,-122.156,3040,6091,11450,9131,2910,11,11
2,1,1170,6543,1,0,0,3,7,1170,0,47.537,-122.385,1550,7225,7713,8775,1170,101,101
5,1.5,2120,7700,1,0,0,5,7,2120,0,47.4599,-122.172,1730,7700,9820,9430,2120,52,52
4,2.5,2430,8509,2,0,0,3,9,2430,0,47.5714,-121.991,2760,8509,10939,11269,2430,22,22
5,1.75,1880,18295,1,0,0,4,7,1880,0,47.6059,-122.154,2180,20674,20175,22854,1880,59,59
3,1.5,1510,10588,1,0,0,3,7,1510,0,47.3775,-122.319,1360,2873,12098,4233,1510,67,67
4,2.5,3270,9578,2,0,0,3,9,3270,0,47.5373,-122.051,3120,8784,12848,11904,3270,21,21
3,1.75,1540,10400,1,0,0,3,6,1540,0,47.5651,-121.89,1090,7500,11940,8590,1540,37,37
3,1,970,5000,1,0,0,3,6,970,0,47.5282,-122.279,1290,5875,5970,7165,970,46,46
3,1.75,1260,1111,2,0,0,3,8,1260,0,47.5476,-122.005,1410,1630,2371,3040,1260,12,12
4,2.5,2520,7731,2,0,0,3,9,2520,0,47.7709,-122.297,2000,7704,10251,9704,2520,20,20
3,2.5,1440,1102,3,0,0,3,8,1440,0,47.6995,-122.346,1440,1434,2542,2874,1440,6,6
4,2,1440,9477,1,0,0,3,5,1440,0,47.5093,-122.182,1440,9546,10917,10986,1440,71,71
3,1.75,1430,10574,2,0,0,3,7,1430,0,47.7668,-122.218,1900,10450,12004,12350,1430,33,33
3,1,1610,8500,1,0,0,3,7,1610,0,47.3717,-122.297,1070,8750,10110,9820,1610,56,56
4,1.75,2560,15000,1,0,0,3,7,1880,680,47.5952,-122.053,2210,15150,17560,17360,2560,41,41
2,2,1580,5203,1,0,0,3,8,1580,0,47.7174,-122.032,1560,4770,6783,6330,1580,11,11
5,2.75,3078,6371,2,0,0,3,9,3078,0,47.3587,-122.163,1979,19030,9449,21009,3078,1,1
3,1.75,1490,16200,1,0,0,5,8,1490,0,47.5919,-122.175,2070,16200,17690,18270,1490,56,56
2,1.75,1510,851,3,0,0,3,8,1420,90,47.6536,-122.358,1300,1338,2361,2638,1510,2,2
3,2.5,2170,9798,2,0,0,3,7,2170,0,47.3817,-122.023,2020,8121,11968,10141,2170,19,19
3,2.75,1690,5763,1,0,0,5,7,1180,510,47.7336,-122.202,1560,7518,7453,9078,1690,29,29
2,1,1240,11393,1,0,0,4,7,1240,0,47.3714,-122.207,1660,11393,12633,13053,1240,55,55
5,2.25,2350,13000,1,0,0,3,7,2350,0,47.4939,-122.256,1570,11440,15350,13010,2350,53,53
3,1.75,1490,9120,1,0,0,5,7,1490,0,47.4806,-122.163,1340,8040,10610,9380,1490,55,55
3,1.75,2430,14607,1,0,1,3,8,1230,1200,47.5588,-122.211,2750,17425,17037,20175,2430,65,44
4,4,5610,11063,3,0,0,3,11,4750,860,47.65,-122.065,4560,11063,16673,15623,5610,9,9
3,1,1250,7210,1,0,0,4,7,1250,0,47.6329,-122.121,1530,8800,8460,10330,1250,51,51
3,2.5,2720,7250,2,0,0,3,9,2720,0,47.6894,-122.195,2870,7250,9970,10120,2720,25,25
4,2.5,2590,8571,2,0,0,3,9,2590,0,47.691,-122.105,2360,8155,11161,10515,2590,27,27
3,1,1110,4800,1,0,0,3,7,1110,0,47.6857,-122.378,1510,4320,5910,5830,1110,69,69
4,2.5,3190,7399,2,0,0,3,10,3190,0,47.3558,-122.004,3250,7323,10589,10573,3190,8,8
3,1.75,2170,4000,1,0,0,4,7,1110,1060,47.6546,-122.337,1890,4000,6170,5890,2170,90,90
2,1,910,8155,1,0,0,4,6,910,0,47.7399,-122.3,1240,8155,9065,9395,910,66,66
3,1,1200,8470,1,0,0,5,7,1200,0,47.3864,-122.287,1200,7952,9670,9152,1200,53,53
3,1,1490,7435,1,0,0,3,7,1120,370,47.368,-122.314,1490,7530,8925,9020,1490,45,45
3,2.25,1900,9990,1,0,0,3,7,1300,600,47.3478,-122.298,1900,9990,11890,11890,1900,54,54
3,2.5,2490,4540,2,0,0,3,8,2490,0,47.5051,-122.155,2640,3844,7030,6484,2490,2,2
3,1,1200,7220,1,0,0,3,6,1200,0,47.3746,-122.183,1200,7200,8420,8400,1200,38,38
4,3.5,3470,8580,2,0,0,3,11,2500,970,47.6433,-122.403,1940,7920,12050,9860,3470,8,8
4,2.5,2170,8518,1,0,3,3,7,1350,820,47.5073,-122.234,1880,7680,10688,9560,2170,59,59
3,2.25,1860,15559,2,0,0,4,7,1860,0,47.1559,-121.646,1110,11586,17419,12696,1860,51,51
2,1,830,6030,1,0,0,4,6,830,0,47.6994,-122.347,1280,6030,6860,7310,830,89,89
5,1.75,2330,6450,1,0,1,3,8,1330,1000,47.4959,-122.367,2330,8258,8780,10588,2330,57,57
2,2.5,1860,3504,2,0,0,3,7,1860,0,47.776,-122.239,1860,4246,5364,6106,1860,14,14
5,2.75,2920,5250,1,0,0,5,7,1800,1120,47.3072,-122.221,1220,5250,8170,6470,2920,103,103
4,2.25,2510,11585,2,0,0,4,8,2510,0,47.5483,-122.226,2450,9691,14095,12141,2510,45,45
4,2.5,2290,4539,2,0,0,3,7,2290,0,47.4753,-122.172,1710,7200,6829,8910,2290,13,13
3,2.5,1410,2675,1,0,0,3,7,820,590,47.6786,-122.371,1410,4013,4085,5423,1410,30,30
3,2.25,1489,2800,2,0,0,3,7,1489,0,47.3454,-122.214,1584,2800,4289,4384,1489,3,3
3,1,1100,7470,1,0,0,4,5,1100,0,47.5242,-121.831,1280,7055,8570,8335,1100,97,97
4,2.75,2110,8190,1,0,0,5,8,2110,0,47.6269,-122.1,2420,8400,10300,10820,2110,48,48
3,2.5,2430,5866,2,0,0,3,7,2430,0,47.5158,-121.871,2380,5866,8296,8246,2430,6,6
4,2,1700,8640,1,0,0,3,7,850,850,47.5774,-122.153,1620,9000,10340,10620,1700,59,4
3,2.5,3600,21399,1,0,3,3,9,2310,1290,47.6191,-122.099,2830,17559,24999,20389,3600,65,8
3,1.75,1250,13775,1,0,2,3,7,1250,0,47.4981,-121.772,1260,13707,15025,14967,1250,24,24
5,4.5,4230,9701,2,0,0,3,10,4230,0,47.5444,-122.131,4130,12253,13931,16383,4230,15,15
4,3.5,2780,9550,2,0,4,5,10,2530,250,47.454,-122.373,2724,10634,12330,13358,2780,37,37
4,2.25,2440,9450,1,0,0,3,7,2440,0,47.7061,-122.307,1720,7503,11890,9223,2440,67,0
5,1.75,2110,8500,1,0,0,3,7,1100,1010,47.7737,-122.35,2020,8500,10610,10520,2110,53,53
3,2.5,1150,683,2,0,0,3,7,1150,0,47.5323,-122.071,1150,755,1833,1905,1150,2,2
3,2.25,1500,7615,1,0,0,3,7,1150,350,47.3146,-122.351,1540,8649,9115,10189,1500,30,30
3,2,1770,2150,3,0,0,3,8,1770,0,47.6102,-122.314,2010,3200,3920,5210,1770,15,15
4,2.5,2020,6236,2,0,0,3,7,2020,0,47.2796,-122.247,1940,5076,8256,7016,2020,12,12
4,2.75,2290,6120,2,0,0,4,7,2170,120,47.6746,-122.327,1910,4590,8410,6500,2290,88,88
3,2.75,2360,16117,1,0,0,4,8,1710,650,47.5698,-122.121,2120,16117,18477,18237,2360,32,32
3,2.5,1400,1529,2,0,0,3,7,1400,0,47.5535,-121.997,1440,1536,2929,2976,1400,9,9
6,4.25,6980,15682,3,0,4,4,12,5330,1650,47.5552,-122.231,3930,18367,22662,22297,6980,15,15
3,1.75,1840,5664,2,0,0,3,7,1270,570,47.6899,-122.283,1480,5664,7504,7144,1840,67,67
4,2.75,3150,6343,1,0,3,3,8,1810,1340,47.5424,-122.381,2250,6343,9493,8593,3150,38,38
3,1,970,8040,1,0,0,3,7,970,0,47.603,-122.132,1250,7000,9010,8250,970,58,58
4,3.75,2930,3200,1,0,0,5,9,2130,800,47.643,-122.359,1900,4320,6130,6220,2930,89,89
4,2.5,2320,14240,1,0,0,4,9,1620,700,47.6269,-122.09,2810,13200,16560,16010,2320,40,40
3,1,1180,5965,1,0,0,4,6,1180,0,47.7281,-122.299,1270,7710,7145,8980,1180,87,87
3,2.75,2370,4632,2,0,0,3,7,2370,0,47.3794,-122.022,2290,5012,7002,7302,2370,12,12
3,2.5,1750,3354,2,0,0,4,7,1750,0,47.6953,-122.199,1750,4286,5104,6036,1750,23,23
3,2,1430,7905,1,0,0,4,7,1430,0,47.2757,-122.145,1870,8400,9335,10270,1430,27,27
5,2,2060,6000,2,0,0,3,7,2060,0,47.6685,-122.305,1770,5000,8060,6770,2060,111,111
3,1,1260,8280,1,0,0,3,6,1260,0,47.7,-122.299,2100,8280,9540,10380,1260,68,68
3,1.5,1560,8314,1,0,0,3,7,1560,0,47.4117,-122.209,1820,8925,9874,10745,1560,53,53
4,2.25,2130,7200,2,0,0,3,7,2130,0,47.7152,-122.168,1990,7200,9330,9190,2130,43,43
4,2.5,2430,6099,1,0,0,5,8,1470,960,47.6777,-122.287,2180,6099,8529,8279,2430,50,50
3,2.5,2300,7398,2,0,0,3,8,2300,0,47.5369,-121.876,2580,6983,9698,9563,2300,13,13
3,2.5,1810,1585,3,0,0,3,7,1810,0,47.6957,-122.376,1560,1586,3395,3146,1810,1,1
4,3.5,3080,4945,2,0,0,3,9,2010,1070,47.5662,-122.379,1220,4945,8025,6165,3080,1,1
3,1,1130,9907,1,0,0,3,7,1130,0,47.4362,-122.286,1320,9907,11037,11227,1130,60,60
3,2.5,1490,8628,2,0,0,3,7,1490,0,47.3643,-122.041,1640,8514,10118,10154,1490,21,21
5,2.25,2630,8625,2,0,0,3,8,2630,0,47.3619,-122.287,1880,8670,11255,10550,2630,48,48
4,2,2000,6380,2,0,0,4,6,1860,140,47.6956,-122.303,1600,6380,8380,7980,2000,65,65
2,1,1050,6317,1,0,0,4,7,1050,0,47.7364,-121.981,1600,9616,7367,11216,1050,102,102
3,3.5,3840,53696,2,0,0,3,9,3840,0,47.7322,-122.035,3810,35181,57536,38991,3840,18,18
6,4.25,3100,9378,3,0,2,3,11,3100,0,47.6381,-122.314,3270,6334,12478,9604,3100,36,36
4,2,1440,10800,1,0,0,4,7,1440,0,47.3417,-122.283,1190,7380,12240,8570,1440,48,48
3,1.5,1660,6000,1,0,0,3,7,1660,0,47.6409,-122.401,1640,6000,7660,7640,1660,78,78
2,1,810,5060,1,0,0,3,6,810,0,47.5635,-122.394,900,5060,5870,5960,810,74,74
4,2.5,2410,4780,2,0,0,3,7,2410,0,47.5326,-121.879,2410,4025,7190,6435,2410,14,14
3,3,2470,36445,2,0,0,4,8,2470,0,47.4661,-121.997,2310,35350,38915,37660,2470,34,34
5,2,2880,12000,2,0,0,3,8,2880,0,47.5861,-122.295,1720,5000,14880,6720,2880,93,93
5,3,1980,3868,1,0,0,3,7,1220,760,47.5173,-122.275,1970,3868,5848,5838,1980,24,24
4,2.5,2570,9470,2,0,0,3,9,2570,0,47.6548,-122.19,2570,10663,12040,13233,2570,9,9
3,1.5,1210,7560,1,0,0,3,7,1210,0,47.5255,-122.374,980,7560,8770,8540,1210,73,73
3,1.75,2130,6500,1,0,2,3,8,1170,960,47.6424,-122.386,2020,5000,8630,7020,2130,60,60
3,2.5,2150,7484,2,0,0,3,8,2150,0,47.6191,-122.043,2150,6879,9634,9029,2150,26,26
4,3,2530,10000,2,0,0,3,7,2530,0,47.431,-122.335,1420,9898,12530,11318,2530,1,1
3,2.5,2310,7485,2,0,0,3,8,2310,0,47.439,-122.135,2310,8142,9795,10452,2310,28,28
3,1,1000,8320,1,0,0,5,6,1000,0,47.7548,-122.316,1090,8450,9320,9540,1000,63,63
3,2.25,1820,8058,1,0,0,3,7,1260,560,47.7241,-122.168,1850,7384,9878,9234,1820,40,40
5,3.5,3190,4247,2,0,0,3,8,2430,760,47.7016,-122.103,2580,3989,7437,6569,3190,2,2
4,2,1510,3500,1,0,0,5,7,1510,0,47.6794,-122.357,1820,3750,5010,5570,1510,103,103
4,2.5,2780,10480,1,0,3,3,7,1390,1390,47.6597,-122.204,2860,10506,13260,13366,2780,47,47
4,2.25,2490,7233,1,0,0,3,8,1460,1030,47.3115,-122.396,2000,8000,9723,10000,2490,37,37
3,1.5,1480,9086,1,0,0,3,7,1480,0,47.4717,-122.323,1540,9750,10566,11290,1480,53,53
3,2,1760,7147,1,0,0,4,6,880,880,47.4799,-122.232,1720,7147,8907,8867,1760,79,79
3,1.75,1770,8571,1,0,0,3,8,1270,500,47.3109,-122.339,2120,7711,10341,9831,1770,36,36
3,2.25,2100,205603,2,0,0,3,8,2100,0,47.3668,-122.505,2396,187308,207703,189704,2100,31,31
3,2.5,2100,4700,2,0,0,3,8,2100,0,47.5341,-121.867,2100,4700,6800,6800,2100,15,15
3,2.5,1490,1709,3,0,0,3,8,1490,0,47.7173,-122.299,1364,1709,3199,3073,1490,10,10
3,2.5,2030,4867,2,0,0,3,7,2030,0,47.3747,-122.128,2030,5000,6897,7030,2030,12,12
3,1,1190,10350,1,0,0,4,7,1190,0,47.7428,-122.244,1850,10500,11540,12350,1190,56,56
3,3,1320,1071,2,0,0,3,7,1080,240,47.5942,-122.296,1780,7715,2391,9495,1320,11,11
3,1,840,9480,1,0,0,3,6,840,0,47.3277,-122.341,840,9420,10320,10260,840,54,54
4,2.25,2150,9520,2,0,0,4,8,2150,0,47.6885,-122.113,2000,9520,11670,11520,2150,35,35
3,1,1270,7500,1,0,0,3,6,1270,0,47.4214,-122.316,1250,8000,8770,9250,1270,61,61
3,2.5,2530,623779,1,0,0,4,8,2530,0,47.4188,-121.949,2120,100623,626309,102743,2530,35,35
3,1.5,1630,11662,1,0,0,3,7,1630,0,47.4455,-122.278,1700,11662,13292,13362,1630,72,52
3,1.75,1830,4500,1,0,0,4,7,1830,0,47.676,-122.308,1830,4080,6330,5910,1830,105,105
3,2.5,3370,6550,2,0,2,4,8,2840,530,47.5442,-122.38,1500,6550,9920,8050,3370,102,13
3,1,1092,7500,1,0,0,3,6,1092,0,47.5321,-122.354,930,4000,8592,4930,1092,96,96
4,2.5,2890,7798,2,0,0,3,9,2890,0,47.5456,-122.129,3300,30950,10688,34250,2890,9,9
4,3,3720,57499,1,0,0,3,9,1880,1840,47.6469,-121.897,2560,26372,61219,28932,3720,11,11
3,1.75,1900,13600,1,0,0,4,8,1900,0,47.6163,-122.219,2510,16600,15500,19110,1900,59,59
3,2.5,1610,3755,2,0,0,3,7,1610,0,47.6825,-122.097,1300,3823,5365,5123,1610,27,27
2,1.5,1920,3408,1,0,0,4,7,960,960,47.6118,-122.299,1130,3408,5328,4538,1920,102,102
3,1.5,1050,57499,1,0,0,3,7,1050,0,47.5602,-121.86,1460,42688,58549,44148,1050,40,40
3,1,920,5200,1,0,0,4,6,920,0,47.3603,-122.085,920,5200,6120,6120,920,45,45
2,0.75,1040,4000,1,0,0,3,7,930,110,47.6489,-122.372,1700,4800,5040,6500,1040,105,105
5,2.75,3230,6500,2,0,0,3,9,3230,0,47.6237,-122.023,3180,7624,9730,10804,3230,1,1
4,3.25,3330,17533,1,0,2,3,9,1750,1580,47.652,-122.2,3340,12798,20863,16138,3330,46,46
3,1.5,1970,22486,1,0,0,4,6,1970,0,47.4511,-122.089,1850,20160,24456,22010,1970,46,46
4,4.5,5120,41327,2,0,0,3,10,3290,1830,47.7009,-122.059,3360,82764,46447,86124,5120,6,6
5,4.5,3820,5750,2,0,3,3,9,2830,990,47.5581,-122.385,1750,5750,9570,7500,3820,15,15
4,2.5,3080,10646,2,0,0,3,9,3080,0,47.3828,-122.148,2740,9994,13726,12734,3080,21,21
4,3.25,3730,7200,2,0,0,3,10,2810,920,47.6824,-122.199,2490,7200,10930,9690,3730,8,8
4,1.75,1860,9750,1,0,0,3,7,1460,400,47.7097,-122.202,1900,8913,11610,10813,1860,46,46
5,3.5,3890,13261,2,0,1,3,9,2870,1020,47.7246,-122.284,3080,13261,17151,16341,3890,31,31
3,2.25,1810,7630,1,0,0,4,7,1810,0,47.497,-122.18,1830,7594,9440,9424,1810,56,56
2,1,930,7742,1,0,0,3,6,930,0,47.507,-122.302,2240,8723,8672,10963,930,82,82
4,2.25,1900,9600,1,0,0,4,7,1900,0,47.4208,-122.2,2040,9600,11500,11640,1900,47,47
5,3,3330,19126,2,0,0,4,11,2610,720,47.5485,-122.214,3330,16893,22456,20223,3330,37,37
3,2.75,2800,9750,1,0,0,5,7,1400,1400,47.5862,-122.202,2800,9530,12550,12330,2800,58,58
3,2.5,1640,3804,2,0,0,3,8,1640,0,47.6103,-122.3,1440,3230,5444,4670,1640,16,16
3,2.5,1910,2091,2,0,0,3,8,1910,0,47.5445,-122.013,1630,1546,4001,3176,1910,0,0
3,2.5,1800,3300,2,0,0,3,7,1690,110,47.5491,-122.276,1570,4097,5100,5667,1800,11,11
3,2,2710,5000,2,0,0,3,6,2710,0,47.5188,-122.373,850,5000,7710,5850,2710,63,63
2,1.75,1710,8645,1,0,0,4,7,1510,200,47.7005,-122.313,1280,5366,10355,6646,1710,91,91
4,2.75,2640,9000,2,0,0,3,10,2640,0,47.6481,-122.125,2980,9137,11640,12117,2640,24,24
4,2.5,4570,16015,2,0,2,3,11,4570,0,47.6246,-122.067,4490,17668,20585,22158,4570,24,24
3,1.5,1320,7201,1,0,0,3,7,1320,0,47.7126,-122.211,1380,7201,8521,8581,1320,43,43
2,1.75,1390,6670,1,0,0,3,6,720,670,47.6914,-122.308,920,6380,8060,7300,1390,74,74
3,2.5,3480,7800,1,0,0,4,7,1750,1730,47.7047,-122.378,3010,9918,11280,12928,3480,73,16
4,3.25,3600,18645,2,0,1,3,10,3000,600,47.5294,-122.154,3970,10957,22245,14927,3600,1,1
2,1.75,990,5850,1,0,0,4,6,990,0,47.7132,-122.321,840,6110,6840,6950,990,72,72
3,2.5,2920,9096,2,0,0,3,9,2920,0,47.4855,-122.149,2930,7995,12016,10925,2920,1,1
3,2.25,2100,40510,2,0,0,3,10,1320,780,47.6154,-122.047,2380,33450,42610,35830,2100,35,35
3,1,1040,5000,1,0,2,3,7,1040,0,47.6754,-122.359,1440,4400,6040,5840,1040,103,103
3,1.75,1730,6130,1,0,0,3,7,1480,250,47.6978,-122.316,1730,6131,7860,7861,1730,74,74
2,1,710,1173,2,0,0,4,7,710,0,47.6412,-122.329,1370,1173,1883,2543,710,71,71
4,2.25,2540,228254,1,0,0,3,8,1450,1090,47.719,-121.912,1780,59241,230794,61021,2540,24,24
3,1,920,4800,1,0,0,4,6,780,140,47.6937,-122.362,1370,4800,5720,6170,920,89,89
4,1.75,1650,7276,1,0,0,3,7,1010,640,47.7721,-122.206,1840,8550,8926,10390,1650,37,37
3,1.75,1900,5000,1,0,0,5,7,950,950,47.5789,-122.393,1770,5000,6900,6770,1900,63,63
3,1.5,1950,4473,1,0,0,4,6,1530,420,47.7094,-122.228,2670,14256,6423,16926,1950,101,101
3,2.25,1820,6000,1,0,0,4,7,1120,700,47.5684,-122.3,1970,6232,7820,8202,1820,51,51
4,2.25,2730,7506,2,0,0,4,8,2730,0,47.4627,-122.152,2390,8015,10236,10405,2730,28,28
4,1.75,1790,12000,1,0,0,5,6,1790,0,47.2664,-122.256,1550,9840,13790,11390,1790,71,71
3,1,1320,11090,1,0,0,3,7,1320,0,47.7748,-122.304,1320,8319,12410,9639,1320,59,59
1,0.75,560,12120,1,0,0,3,4,560,0,47.675,-121.854,1300,19207,12680,20507,560,47,47
3,1,1590,13000,1,0,0,3,6,1590,0,47.4789,-122.346,1460,8400,14590,9860,1590,70,70
5,3.5,4320,7502,2,0,0,3,9,3500,820,47.5235,-122.168,3250,7538,11822,10788,4320,3,3
2,2,1600,64468,1,0,0,3,7,1600,0,47.7344,-122.143,1950,64468,66068,66418,1600,64,64
4,1,2420,15520,2,0,0,4,7,2420,0,47.5744,-122.137,1630,9965,17940,11595,2420,69,69
3,1.75,2340,51836,1,0,0,3,8,1510,830,47.4846,-122.035,2060,77536,54176,79596,2340,36,36
3,2.25,1710,1193,2,0,0,3,9,1140,570,47.6173,-122.31,1510,1193,2903,2703,1710,0,0
3,1,940,10875,1,0,0,3,7,940,0,47.5121,-122.168,1250,11200,11815,12450,940,57,57
4,1,1860,8505,1,0,0,4,7,1860,0,47.4406,-122.194,1560,8505,10365,10065,1860,59,59
3,1,1440,2618,1,0,0,4,7,1440,0,47.6582,-122.336,1850,3990,4058,5840,1440,109,109
4,1.75,2710,9216,1,0,0,3,8,1440,1270,47.5523,-122.379,1960,6350,11926,8310,2710,53,53
4,1.75,1660,6200,1,0,0,4,6,830,830,47.56,-122.316,1780,5968,7860,7748,1660,66,66
3,3.5,2600,11920,2,0,0,5,8,2600,0,47.582,-122.194,2430,10050,14520,12480,2600,45,45
4,1.5,1880,6200,1,0,2,5,8,1440,440,47.5035,-122.384,2070,6500,8080,8570,1880,60,60
3,2.75,2470,10125,2,0,0,3,8,2470,0,47.5651,-122.223,2290,10125,12595,12415,2470,54,2
4,1.75,1120,8250,1,0,0,4,7,1120,0,47.4555,-122.177,1330,7975,9370,9305,1120,48,48
3,2.5,1670,4020,2,0,0,3,7,1670,0,47.53,-122.268,1670,4020,5690,5690,1670,6,6
4,2.5,2090,7241,1,0,0,4,7,1140,950,47.726,-122.221,1510,7402,9331,8912,2090,13,13
4,1.75,2560,8270,1,0,0,3,7,1480,1080,47.7572,-122.147,2320,8450,10830,10770,2560,35,35
4,3.25,4330,26162,2,0,0,3,11,4330,0,47.6009,-122.011,5110,26319,30492,31429,4330,17,17
3,1,1340,6120,1,0,0,4,7,1340,0,47.5272,-122.322,1260,6000,7460,7260,1340,94,94
3,1,1370,6450,1,0,0,3,7,1370,0,47.7195,-122.288,1550,6898,7820,8448,1370,66,66
2,1.75,1220,2268,1,0,0,4,6,610,610,47.592,-122.295,1240,1675,3488,2915,1220,106,106
4,3,2900,10400,1,0,3,5,8,1530,1370,47.5854,-122.114,2820,10400,13300,13220,2900,55,55
2,1,920,6600,1,0,0,3,6,920,0,47.5452,-122.27,1510,5944,7520,7454,920,95,11
4,2.5,3240,22795,2,0,0,3,8,3240,0,47.6329,-121.969,2570,29761,26035,32331,3240,16,16
8,4,4020,7500,1,0,0,3,8,2010,2010,47.6732,-122.363,1560,3737,11520,5297,4020,46,46
6,2.5,2000,7650,1,0,0,4,7,1790,210,47.3841,-122.288,1710,7650,9650,9360,2000,55,55
4,1.5,2190,8296,2,0,0,3,7,2190,0,47.5158,-122.385,1160,8160,10486,9320,2190,80,52
3,1,1340,5175,1,0,0,3,7,940,400,47.7321,-122.34,1020,5500,6515,6520,1340,27,27
3,1.75,2070,6000,1,0,3,3,8,1340,730,47.5226,-122.382,2200,6000,8070,8200,2070,59,59
4,2.5,3420,9575,2,0,0,3,11,3420,0,47.5527,-122.095,3310,8192,12995,11502,3420,21,21
4,2.75,2190,2867,1,0,0,5,7,1470,720,47.6868,-122.308,1600,3800,5057,5400,2190,86,86
2,1,1800,119790,1,0,0,4,7,1200,600,47.4617,-122.012,2320,79208,121590,81528,1800,68,38
3,2.5,1808,19200,1,0,0,3,8,1808,0,47.2598,-122.281,1450,14400,21008,15850,1808,9,9
2,1.5,1100,1107,3,0,0,3,8,1100,0,47.6584,-122.35,1110,2750,2207,3860,1100,6,6
3,3.25,2970,234788,2,0,3,3,9,2040,930,47.5353,-121.897,2970,220413,237758,223383,2970,24,24
3,2.25,2070,7207,1,0,0,3,8,1720,350,47.7735,-122.371,2350,7980,9277,10330,2070,41,41
4,2.75,2090,13500,1,0,0,4,8,2090,0,47.573,-122.225,2130,13500,15590,15630,2090,66,66
4,2.5,1770,6666,2,0,0,3,7,1770,0,47.2877,-122.349,1780,6666,8436,8446,1770,25,25
2,1,790,8250,1,0,0,3,6,790,0,47.4523,-122.286,900,8250,9040,9150,790,68,68
4,1.5,1690,9391,1,0,0,3,7,1290,400,47.7438,-122.329,1780,9390,11081,11170,1690,55,55
3,2.5,2280,5000,2,0,3,4,9,2280,0,47.6574,-122.278,2200,5000,7280,7200,2280,88,88
4,2.5,2650,18903,2,0,0,3,11,2650,0,47.5761,-121.989,3270,18843,21553,22113,2650,20,20
4,1.75,1790,5341,1,0,0,4,7,1050,740,47.4663,-122.363,1540,6916,7131,8456,1790,63,63
6,2.75,2890,7500,1,0,0,4,8,1830,1060,47.7099,-122.23,1880,7500,10390,9380,2890,38,38
4,2.5,2350,6624,2,0,0,3,9,2350,0,47.6262,-122.045,2590,11240,8974,13830,2350,24,24
3,1,1040,6720,1,0,0,3,7,1040,0,47.7444,-122.294,1880,11407,7760,13287,1040,64,64
3,2.5,1610,6600,2,0,0,3,7,1610,0,47.2827,-122.302,1660,7689,8210,9349,1610,20,20
4,2.5,2420,18480,1,0,0,4,9,2420,0,47.6214,-122.227,3330,19910,20900,23240,2420,48,48
4,2.5,2750,10351,2,0,0,3,10,2750,0,47.5894,-121.98,3370,10351,13101,13721,2750,17,17
3,1.75,2240,8153,1,0,0,3,7,1120,1120,47.7303,-122.329,1710,8100,10393,9810,2240,66,66
5,3.25,3930,12719,2,0,2,4,10,2540,1390,47.5631,-122.213,3600,15909,16649,19509,3930,41,41
3,1.5,1280,16738,1,0,0,4,5,1280,0,47.3895,-122.023,1590,16317,18018,17907,1280,82,82
4,2.75,3060,35380,1,0,0,3,9,1810,1250,47.6198,-122.038,1980,10425,38440,12405,3060,32,32
3,2.25,1230,875,3,0,0,3,8,1230,0,47.6521,-122.4,1760,5664,2105,7424,1230,2,2
4,3.75,2870,4500,2,0,3,3,10,2510,360,47.6291,-122.363,2870,6354,7370,9224,2870,3,3
2,1,1040,4600,1,0,0,4,6,1040,0,47.5387,-122.277,1390,5897,5640,7287,1040,64,64
3,2,1500,8775,1,0,0,3,6,1390,110,47.4809,-122.335,1310,8775,10275,10085,1500,72,72
2,2,1040,4750,1,0,0,2,6,850,190,47.5293,-122.272,1350,5000,5790,6350,1040,64,64
2,1,830,9000,1,0,0,3,6,830,0,47.3813,-122.243,1160,7680,9830,8840,830,75,75
3,2.5,1590,7819,2,0,0,3,7,1590,0,47.4367,-122.199,1790,7733,9409,9523,1590,22,22
3,2.25,1880,6565,1,0,0,4,8,1420,460,47.6396,-122.113,2060,7280,8445,9340,1880,43,43
3,2.5,1740,30886,2,0,0,3,8,1740,0,47.46,-121.707,1740,39133,32626,40873,1740,22,22
4,2.5,2780,4200,2,0,0,3,8,2780,0,47.5989,-122.039,2510,4200,6980,6710,2780,13,13
6,3.25,3560,21400,2,0,4,4,9,3560,0,47.7602,-122.372,3560,24338,24960,27898,3560,63,63
5,1,2590,4652,2,0,0,4,8,2310,280,47.6038,-122.294,2360,4650,7242,7010,2590,107,107
3,2,1660,7958,1,0,0,3,7,1130,530,47.3187,-122.171,1550,7647,9618,9197,1660,32,32
2,1,790,6426,1,0,0,3,6,790,0,47.4933,-122.245,1380,6946,7216,8326,790,70,70
5,3.25,2800,3200,1,0,0,5,10,1910,890,47.6421,-122.35,2450,3500,6000,5950,2800,82,12
4,2.75,2130,9339,1,0,0,3,7,1330,800,47.3788,-122.316,2090,7628,11469,9718,2130,23,23
4,2.5,2050,8683,2,0,0,3,8,2050,0,47.62,-122.043,2010,8744,10733,10754,2050,27,27
2,0.75,1440,3700,1,0,0,3,7,1200,240,47.6707,-122.364,1440,4300,5140,5740,1440,100,100
3,1,950,5214,1,0,0,3,7,830,120,47.5362,-122.379,1490,7636,6164,9126,950,71,71
4,1.75,2290,9215,1,0,0,5,8,1270,1020,47.5328,-122.051,2290,10200,11505,12490,2290,45,45
3,2.5,1509,1114,3,0,0,3,8,1509,0,47.7049,-122.34,1509,2431,2623,3940,1509,1,1
2,1,770,8149,1,0,0,5,6,770,0,47.7406,-122.302,770,8150,8919,8920,770,66,66
2,1,810,7158,1,0,0,5,6,810,0,47.4882,-122.325,1090,7158,7968,8248,810,70,70
3,0.75,1270,10092,1,0,0,5,7,1270,0,47.7567,-122.073,1300,10375,11362,11675,1270,43,43
2,1,1020,8442,1,0,4,4,7,920,100,47.5145,-122.391,2550,10323,9462,12873,1020,74,74
6,2.75,2630,16411,1,0,0,4,8,1650,980,47.6309,-122.093,2250,12255,19041,14505,2630,40,40
2,1,1120,4590,1,0,0,3,7,1120,0,47.5663,-122.285,1120,5100,5710,6220,1120,91,91
4,2.5,2870,6776,2,0,0,3,8,2870,0,47.539,-121.878,2770,6658,9646,9428,2870,11,11
6,4,2700,7416,1,0,0,3,7,1350,1350,47.5525,-122.3,2260,5324,10116,7584,2700,45,45
4,2,1520,19672,1,0,0,3,6,1020,500,47.4683,-122.281,1810,7840,21192,9650,1520,94,94
3,1,900,7576,1,0,0,4,6,900,0,47.2881,-122.22,1220,7452,8476,8672,900,56,56
3,3.5,3200,10344,2,0,0,3,10,3200,0,47.7636,-122.216,2550,20152,13544,22702,3200,8,8
2,2.5,2720,16637,1,0,3,3,10,2160,560,47.5499,-122.264,2880,7320,19357,10200,2720,61,61
4,1,1750,12528,1,0,0,4,7,1750,0,47.743,-122.097,1550,14120,14278,15670,1750,48,48
4,2.25,2200,8384,1,0,0,3,7,1250,950,47.753,-122.317,1750,8384,10584,10134,2200,55,55
3,2.5,2390,47480,2,0,0,3,9,2390,0,47.4517,-122.084,1720,44866,49870,46586,2390,7,7
3,1.5,1140,8500,1,0,0,4,7,1140,0,47.2093,-122.005,1600,8500,9640,10100,1140,51,51
3,1.75,2320,10900,2,0,0,3,7,2320,0,47.6877,-122.283,1610,5800,13220,7410,2320,79,40
4,4,4810,18851,2,0,3,3,11,4810,0,47.6364,-122.214,3970,19929,23661,23899,4810,7,7
2,1.75,1080,7242,2,0,0,4,7,1080,0,47.7065,-122.235,1800,7321,8322,9121,1080,30,30
4,2,1580,7800,2,0,0,2,6,1580,0,47.5848,-122.302,1190,4440,9380,5630,1580,108,108
4,2.75,3410,95396,1,0,0,4,10,3410,0,47.6547,-122.158,3721,35352,98806,39073,3410,52,52
3,1,1120,8631,1,0,0,3,7,1120,0,47.7077,-122.314,1350,7714,9751,9064,1120,72,72
4,3.5,2970,5000,2,0,2,3,9,2200,770,47.6772,-122.399,1470,4560,7970,6030,2970,13,13
3,2.5,2375,4094,2,0,0,3,9,2375,0,47.6627,-122.086,2095,4442,6469,6537,2375,12,12
3,1,1150,18200,1,0,0,5,7,1150,0,47.4262,-122.187,1714,18200,19350,19914,1150,56,56
3,1.5,1240,11200,1,0,0,4,7,1240,0,47.5716,-122.138,1240,11008,12440,12248,1240,60,60
2,1.5,1090,4000,1,0,0,3,8,970,120,47.5798,-122.393,1700,4000,5090,5700,1090,63,63
3,1.5,1780,214315,1,0,0,3,7,1780,0,47.7631,-122.028,2740,133419,216095,136159,1780,61,61
4,2.5,2470,7780,2,0,0,3,8,2470,0,47.3337,-122.191,2100,5972,10250,8072,2470,13,13
3,2,1360,9688,1,0,0,4,7,1360,0,47.2574,-122.31,1390,9685,11048,11075,1360,31,31
4,2.25,2140,9377,2,0,0,4,8,2140,0,47.2649,-122.218,2030,7846,11517,9876,2140,28,28
4,2.75,3470,70131,1,0,0,4,8,1750,1720,47.6339,-122.18,2950,43560,73601,46510,3470,52,52
2,1.75,2320,6250,1,0,0,3,7,1400,920,47.5468,-122.386,1420,6250,8570,7670,2320,66,66
2,1,2550,21675,1,0,1,4,7,1610,940,47.4013,-122.319,2030,10591,24225,12621,2550,56,56
4,3,2980,44431,2,0,0,2,10,2640,340,47.7154,-122.161,2010,7332,47411,9342,2980,33,33
4,3.75,2890,4164,2,0,0,3,9,2240,650,47.676,-122.197,2354,3207,7054,5561,2890,2,2
4,2.5,2370,6000,2,0,0,3,8,2370,0,47.3732,-122.179,2190,6070,8370,8260,2370,13,13
3,2.5,2140,9492,2,0,0,3,8,2140,0,47.3289,-122.204,2180,9184,11632,11364,2140,20,20
3,2.25,1190,13630,1,0,0,3,7,1190,0,47.4813,-121.735,1630,14405,14820,16035,1190,30,30
3,2.5,1840,5011,2,0,0,3,8,1840,0,47.3555,-122.054,2000,4793,6851,6793,1840,2,2
2,1,790,7500,1,0,0,3,7,790,0,47.4007,-122.294,1560,7794,8290,9354,790,64,64
4,1,1360,13372,1,0,0,3,7,1360,0,47.7622,-122.263,1540,10283,14732,11823,1360,59,59
4,2.5,3274,4950,2,0,0,3,9,3274,0,47.2603,-122.195,2578,4200,8224,6778,3274,0,0
3,1,1130,5758,1,0,0,3,7,960,170,47.6413,-122.401,1510,6000,6888,7510,1130,75,75
2,1,1120,45302,1,0,2,4,5,1120,0,47.5105,-121.77,2150,101930,46422,104080,1120,83,83
3,2.5,1660,4898,2,0,0,3,7,1660,0,47.3588,-122.044,1810,4462,6558,6272,1660,3,3
4,2.25,2160,5600,1,0,0,5,7,1080,1080,47.6442,-122.372,1850,5150,7760,7000,2160,67,67
2,1.75,1050,9800,1,0,0,4,6,1050,0,47.7595,-121.473,1230,12726,10850,13956,1050,39,39
3,2.25,2270,8876,1,0,0,3,7,1380,890,47.4653,-122.176,2150,7455,11146,9605,2270,37,37
3,2,1760,5400,1,0,0,5,7,1160,600,47.6558,-122.331,1640,5400,7160,7040,1760,87,87
4,2.25,2390,8858,1,0,0,4,8,1740,650,47.6925,-122.184,2240,8858,11248,11098,2390,35,35
4,2.25,2230,11200,1,0,0,4,7,1300,930,47.7691,-122.167,2090,10563,13430,12653,2230,38,38
3,2.5,1830,8133,1,0,0,3,8,1390,440,47.7478,-122.247,2310,11522,9963,13832,1830,19,19
2,1,750,5120,1,0,0,4,6,750,0,47.5312,-122.375,930,7200,5870,8130,750,73,73
3,2.5,1680,2801,2,0,0,3,7,1680,0,47.745,-122.181,1920,2723,4481,4643,1680,3,3
7,4.75,5370,10800,1,0,0,3,8,5370,0,47.538,-122.223,2310,10910,16170,13220,5370,48,48
5,3,3110,12429,1,0,0,3,8,1790,1320,47.7463,-122.213,3050,11902,15539,14952,3110,37,37
3,1.5,1950,15954,1,0,0,4,8,1950,0,47.336,-122.319,1940,12667,17904,14607,1950,55,55
3,1,1250,7210,1,0,0,4,7,1250,0,47.4169,-122.168,1010,7210,8460,8220,1250,47,47
3,1.75,2140,13598,1,0,0,4,7,1620,520,47.7139,-121.321,930,10150,15738,11080,2140,45,45
3,2.5,2520,53143,1,0,0,3,7,2520,0,47.743,-121.925,2020,56628,55663,58648,2520,26,26
4,3,3640,5096,2,0,0,3,8,2740,900,47.5428,-122.27,1910,9189,8736,11099,3640,4,4
3,1,1010,7920,1,0,0,3,6,1010,0,47.5249,-122.37,1520,7560,8930,9080,1010,89,89
4,2.5,2480,5000,1,0,3,3,8,1480,1000,47.6653,-122.272,2240,6071,7480,8311,2480,64,64
3,3.5,1240,1666,2,0,0,3,7,1000,240,47.5496,-122.388,1110,1027,2906,2137,1240,6,6
5,2.75,2500,7140,1,0,0,4,7,1250,1250,47.6225,-122.108,2230,8400,9640,10630,2500,46,46
4,2.25,2260,43847,2,0,0,3,8,2260,0,47.7713,-122.129,2470,37304,46107,39774,2260,33,33
2,1,1320,1824,1,0,0,4,6,1320,0,47.585,-122.294,1320,4000,3144,5320,1320,105,105
4,3.75,2452,4800,2,0,0,3,7,2452,0,47.4744,-122.213,1180,4800,7252,5980,2452,78,20
3,2.25,1840,9781,2,0,0,3,7,1840,0,47.7347,-121.976,1490,10101,11621,11591,1840,26,26
5,2.5,2950,5500,1,0,0,5,7,1720,1230,47.5785,-122.293,2200,5000,8450,7200,2950,96,96
4,3,2590,6250,2,0,2,3,9,2240,350,47.6774,-122.267,2260,6780,8840,9040,2590,51,51
3,2.25,1290,2500,2,0,0,4,8,1290,0,47.6229,-122.298,1700,3750,3790,5450,1290,27,27
4,1.5,2220,12385,1,0,0,3,8,1270,950,47.6734,-122.185,2030,8831,14605,10861,2220,36,36
3,1,1090,10296,1,0,0,4,6,1090,0,47.7743,-122.26,1910,10296,11386,12206,1090,64,64
4,3.25,4360,6000,2,0,3,3,11,3400,960,47.5408,-121.994,4310,6000,10360,10310,4360,7,7
3,3.5,3780,8295,2,0,0,3,9,2430,1350,47.6394,-122.29,3780,9127,12075,12907,3780,64,64
4,1.75,1850,7500,1,0,0,3,7,1850,0,47.4217,-122.333,1460,7500,9350,8960,1850,60,60
4,2.5,2360,7350,1,0,0,4,7,1440,920,47.3417,-122.277,1450,7305,9710,8755,2360,49,49
3,3.5,3010,5717,2,0,0,3,10,3010,0,47.5943,-122.15,2780,5138,8727,7918,3010,14,14
3,2,2783,11177,2,0,0,3,8,2783,0,47.538,-122.38,1730,8018,13960,9748,2783,104,15
4,2.5,2340,5420,2,0,0,3,8,2340,0,47.3773,-122.029,2420,6252,7760,8672,2340,12,12
3,2.25,1250,811,3,0,0,3,8,1250,0,47.5419,-122.388,1250,1232,2061,2482,1250,1,1
4,2.5,3370,5000,2,0,0,3,9,3370,0,47.541,-121.998,3370,5237,8370,8607,3370,8,8
3,2,2360,12744,2,0,0,5,7,2360,0,47.483,-122.164,1650,8625,15104,10275,2360,50,50
4,3,2940,5763,1,0,0,5,8,1640,1300,47.5589,-122.295,2020,7320,8703,9340,2940,59,59
4,1.75,1560,4290,2,0,0,3,7,1560,0,47.5292,-122.323,1250,6000,5850,7250,1560,21,21
3,2,1860,7500,1,0,0,3,7,930,930,47.5662,-122.364,1000,5000,9360,6000,1860,106,65
3,1.5,1230,3060,1,0,0,3,7,910,320,47.667,-122.333,1260,4488,4290,5748,1230,87,87
4,3,1920,4000,1,0,0,4,8,1540,380,47.5718,-122.385,1660,4000,5920,5660,1920,84,84
3,1,1640,12060,1,0,0,4,7,1640,0,47.4941,-122.151,1680,9147,13700,10827,1640,54,54
3,2.25,1830,11331,1,0,0,3,7,1250,580,47.2899,-122.287,2240,16433,13161,18673,1830,50,50
3,2.5,2430,5128,1,0,1,3,8,1270,1160,47.5198,-122.389,2510,5330,7558,7840,2430,36,36
3,2,1330,8748,1,0,0,3,7,1330,0,47.2619,-122.298,1510,8584,10078,10094,1330,29,29
5,2,1930,9747,1,0,0,4,7,1020,910,47.7743,-122.235,2040,9370,11677,11410,1930,52,52
3,1,1530,19007,1,0,0,4,8,1290,240,47.4508,-122.352,2090,20962,20537,23052,1530,66,66
5,2.75,2400,15781,1,0,0,4,7,1200,1200,47.622,-122.059,2390,7500,18181,9890,2400,40,40
1,1,900,6380,1,0,0,3,6,900,0,47.7019,-122.311,1830,6380,7280,8210,900,67,67
4,1.75,1790,11875,1,0,0,4,7,1490,300,47.522,-122.047,1870,11760,13665,13630,1790,45,45
4,2,1630,10375,1,0,0,5,7,1630,0,47.7566,-122.073,1360,10026,12005,11386,1630,46,46
3,2.5,2230,7934,2,0,0,3,7,2230,0,47.5439,-121.88,2310,4818,10164,7128,2230,9,9
9,3,3680,4400,2,0,0,3,7,2830,850,47.6374,-122.324,1960,2450,8080,4410,3680,107,107
2,1.5,1920,6250,1,0,0,3,7,1060,860,47.6497,-122.393,2070,6250,8170,8320,1920,77,77
6,3.75,2770,5000,1,0,0,3,8,1870,900,47.669,-122.365,1570,2108,7770,3678,2770,46,46
4,2.25,1960,9021,2,0,0,4,8,1960,0,47.6349,-122.096,1960,9975,10981,11935,1960,41,41
4,2.25,2690,15000,2,0,0,3,9,1890,800,47.612,-122.064,2670,15030,17690,17700,2690,37,37
3,3.25,1740,1693,2,0,0,3,8,1360,380,47.558,-122.382,1130,1626,3433,2756,1740,7,7
4,2.5,2540,6491,2,0,0,3,8,2540,0,47.6363,-122.117,1990,8447,9031,10437,2540,18,18
5,3,2730,6000,1,0,0,3,8,1470,1260,47.4994,-122.234,2590,6000,8730,8590,2730,35,35
3,1,1390,2640,1,0,0,3,7,1230,160,47.6078,-122.307,1780,3920,4030,5700,1390,111,111
2,1.5,1480,15641,1,0,0,4,7,1480,0,47.5008,-122.366,1520,7525,17121,9045,1480,75,75
3,2,1600,7350,1,0,0,4,7,1600,0,47.6977,-122.126,1600,7200,8950,8800,1600,35,35
3,2.5,1660,1344,3,0,0,3,8,1660,0,47.644,-122.327,1750,2040,3004,3790,1660,6,6
4,3.25,2470,4760,1,0,0,5,9,1890,580,47.6331,-122.31,2470,4760,7230,7230,2470,108,108
4,4.75,3970,9778,2,0,2,4,11,3390,580,47.6312,-122.366,3970,8460,13748,12430,3970,86,86
5,2.25,3740,14913,1,0,0,4,9,3740,0,47.6234,-122.059,2180,7600,18653,9780,3740,36,36
3,2.5,1580,7918,2,0,0,3,7,1580,0,47.4431,-122.19,1650,7916,9498,9566,1580,21,21
4,1.75,2000,25700,1,0,0,4,7,1150,850,47.32,-122.362,2420,27500,27700,29920,2000,57,57
3,2.5,1610,3848,2,0,0,3,8,1610,0,47.4497,-122.188,1610,3049,5458,4659,1610,9,9
3,2,1640,5650,1,0,0,3,7,1640,0,47.3736,-122.13,2250,5488,7290,7738,1640,11,11
3,2,1570,5706,1,0,0,3,7,1570,0,47.3156,-122.188,1570,5706,7276,7276,1570,16,16
3,2.5,1820,7500,2,0,0,3,8,1820,0,47.7155,-122.104,2040,8304,9320,10344,1820,29,29
3,2,1840,16815,1,0,0,5,7,960,880,47.4837,-122.11,1810,16732,18655,18542,1840,42,42
4,2.25,2360,7650,1,0,0,3,8,1640,720,47.75,-122.292,2320,11060,10010,13380,2360,52,52
1,1,780,1033,1,0,0,3,7,780,0,47.6155,-122.306,1040,1319,1813,2359,780,92,29
3,1.75,2360,4063,1,0,0,5,7,1180,1180,47.6902,-122.382,1660,4063,6423,5723,2360,74,74
3,2.5,1360,5754,2,0,0,3,7,1360,0,47.3645,-122.183,1360,7050,7114,8410,1360,20,20
3,2.5,2150,8060,2,0,0,3,8,2150,0,47.6952,-122.188,2150,7172,10210,9322,2150,19,19
4,2.5,2980,16263,2,0,0,3,9,2980,0,47.5457,-122.153,2730,10018,19243,12748,2980,25,25
5,3.25,5620,12672,2,0,0,4,11,4140,1480,47.5786,-122.287,4470,8050,18292,12520,5620,98,98
5,2,2080,16117,1,0,0,5,7,1740,340,47.3424,-122.289,1510,13068,18197,14578,2080,55,55
4,2,2330,7778,1,0,0,3,7,1230,1100,47.7109,-122.323,1250,8160,10108,9410,2330,53,53
3,1.75,2050,6720,1,0,2,3,7,1050,1000,47.5058,-122.235,2380,7260,8770,9640,2050,75,75
3,1.5,1500,10227,1,0,0,4,7,1000,500,47.2043,-121.996,1490,7670,11727,9160,1500,69,69
2,1.75,1150,698,2,0,0,3,7,1150,0,47.5323,-122.071,1150,757,1848,1907,1150,2,2
2,1,820,10450,1,0,0,4,7,820,0,47.4261,-122.199,1240,11200,11270,12440,820,49,49
4,2.5,3600,21794,2,0,0,4,11,3600,0,47.7121,-122.072,3410,19864,25394,23274,3600,25,25
4,3.5,2980,6349,2,0,3,3,9,2980,0,47.6819,-122.208,2870,6349,9329,9219,2980,17,17
5,2.25,2020,8400,1,0,0,4,7,1010,1010,47.5763,-122.219,1890,9233,10420,11123,2020,51,51
3,2.25,2100,8276,2,0,1,4,8,2100,0,47.6068,-122.112,2420,18135,10376,20555,2100,35,35
3,1.5,1320,2625,2,0,0,3,7,1320,0,47.7316,-122.338,1230,5250,3945,6480,1320,28,28
3,1.75,1740,8800,1,0,0,3,7,1140,600,47.2968,-122.372,1690,7920,10540,9610,1740,37,37
3,1.75,2390,11242,1,0,0,3,7,1290,1100,47.7759,-122.272,2270,9650,13632,11920,2390,55,55
3,2.5,2970,11985,1,0,0,3,9,1770,1200,47.6359,-122.052,2990,12049,14955,15039,2970,19,19
4,1,1360,8136,1,0,0,3,7,1360,0,47.7366,-122.333,1570,8132,9496,9702,1360,66,66
3,2,1270,10227,1,0,0,4,6,1270,0,47.6876,-122.168,1470,9750,11497,11220,1270,46,46
4,2.5,2180,3893,2,0,0,3,8,2180,0,47.6886,-122.388,1710,4550,6073,6260,2180,15,15
5,1,1860,3040,1,0,0,3,7,1530,330,47.6559,-122.339,1910,3600,4900,5510,1860,94,94
2,1,840,9000,1,0,0,5,6,840,0,47.5033,-122.329,1350,10400,9840,11750,840,64,64
3,1.5,1320,8114,1,0,0,3,8,1320,0,47.5827,-122.195,2110,8114,9434,10224,1320,63,63
2,1,1470,6120,1,0,0,2,7,1470,0,47.6914,-122.287,1840,6120,7590,7960,1470,74,74
4,2,1870,3497,1,0,0,3,7,1200,670,47.5309,-122.347,1270,3497,5367,4767,1870,61,61
3,2.5,2130,6969,2,0,0,3,7,2130,0,47.3655,-122.027,1670,9545,9099,11215,2130,11,11
5,1,1170,6757,1,0,0,4,6,800,370,47.7332,-122.304,1590,6794,7927,8384,1170,70,70
6,1.75,2120,3801,1,0,0,4,7,1220,900,47.6832,-122.311,1850,4181,5921,6031,2120,89,89
4,1.5,1590,131551,1,0,3,4,7,1590,0,47.2558,-122.024,2280,108028,133141,110308,1590,48,48
5,2.5,3400,8970,1,0,0,4,8,1700,1700,47.7358,-122.335,1890,8475,12370,10365,3400,55,55
2,1,1000,4800,1,0,0,3,6,1000,0,47.6926,-122.362,1000,4800,5800,5800,1000,63,63
3,2.25,2480,15022,1,0,4,3,9,1330,1150,47.5497,-122.396,2500,8178,17502,10678,2480,47,11
3,1.75,1680,7389,1,0,0,3,8,1150,530,47.5199,-122.184,2100,10348,9069,12448,1680,35,35
3,1.5,1200,1848,2,0,0,3,8,1200,0,47.4658,-122.191,1270,1848,3048,3118,1200,49,49
2,1,780,4200,1,0,0,3,6,780,0,47.5381,-122.267,1620,6000,4980,7620,780,94,94
4,3.5,3320,19850,1,0,2,4,10,2040,1280,47.527,-122.228,3240,15470,23170,18710,3320,37,37
3,1.5,1670,6988,1,0,0,3,7,1370,300,47.4283,-122.323,1090,7753,8658,8843,1670,62,62
5,2.75,3060,6895,2,0,0,3,8,3060,0,47.3809,-122.098,2590,6895,9955,9485,3060,11,11
5,2,2590,8610,1,0,0,4,7,1340,1250,47.6112,-122.126,1750,8610,11200,10360,2590,57,57
4,1.75,2050,8913,1,0,0,3,7,1330,720,47.6735,-122.151,1290,8550,10963,9840,2050,47,47
3,1.75,1660,5750,1,0,0,4,7,1080,580,47.5843,-122.385,2060,5560,7410,7620,1660,106,106
4,2.5,3040,6425,2,0,0,3,8,3040,0,47.6788,-122.117,3040,7800,9465,10840,3040,6,6
3,3,2490,27702,2,1,4,3,10,2490,0,47.5596,-122.403,2580,12119,30192,14699,2490,15,15
3,2.5,2010,17362,2,0,0,3,8,2010,0,47.6904,-122.176,1920,7200,19372,9120,2010,20,20
3,1.75,2920,10573,1,0,0,4,7,2920,0,47.4429,-122.195,1560,10572,13493,12132,2920,51,51
3,2,1770,9685,1,0,0,3,5,1770,0,47.4753,-122.342,1520,11122,11455,12642,1770,66,66
4,3.5,3370,5000,2,0,2,3,8,2470,900,47.5714,-122.38,1820,5000,8370,6820,3370,6,6
4,2,1600,6861,1,0,0,3,7,1600,0,47.2701,-122.313,1870,7455,8461,9325,1600,21,21
3,2.5,2300,27566,2,0,0,3,9,2300,0,47.7369,-121.96,2480,16650,29866,19130,2300,19,19
2,3,1790,1709,2,0,0,3,7,1400,390,47.5926,-122.296,1460,1462,3499,2922,1790,13,13
3,1,1330,45738,2,0,0,2,6,1330,0,47.436,-122.185,1490,24000,47068,25490,1330,47,47
3,2.5,1470,1204,3,0,0,3,8,1470,0,47.6998,-122.366,1460,1245,2674,2705,1470,8,8
2,1,1750,60872,1,0,0,4,7,1180,570,47.5946,-122.006,2480,5425,62622,7905,1750,42,42
3,1,1000,10800,1,0,0,3,7,1000,0,47.52,-122.03,1140,16846,11800,17986,1000,56,56
4,2.75,3550,9400,2,0,0,3,9,3550,0,47.4827,-122.131,3550,9421,12950,12971,3550,0,0
5,3,4530,258746,1,0,0,4,9,3200,1330,47.7702,-122.066,3430,83199,263276,86629,4530,11,11
3,1.75,1940,9000,1,0,0,3,7,1290,650,47.4361,-122.189,1900,9120,10940,11020,1940,50,50
3,1,902,10464,1,0,0,3,7,902,0,47.363,-122.308,1510,7210,11366,8720,902,49,49
5,2.5,3390,9760,1,0,0,5,8,1750,1640,47.4462,-122.137,2360,9600,13150,11960,3390,36,36
3,1.5,1200,11935,1,0,0,4,7,1200,0,47.3434,-122.082,1350,11935,13135,13285,1200,47,47
5,2.5,2900,9525,2,0,0,3,9,2900,0,47.5442,-122.138,2910,11854,12425,14764,2900,25,25
3,2.5,1500,10652,2,0,0,4,7,1500,0,47.4015,-122.176,1610,7417,12152,9027,1500,34,34
3,2,3620,14250,2,0,0,3,8,3220,400,47.5767,-122.225,2370,14250,17870,16620,3620,7,7
4,2.75,2140,4000,1,0,0,3,7,1190,950,47.6792,-122.287,2140,4770,6140,6910,2140,63,63
3,1.75,1470,8350,1,0,0,3,7,1470,0,47.2587,-122.253,1590,8182,9820,9772,1470,25,25
3,2.5,2320,9610,1,0,0,3,9,1730,590,47.7394,-122.204,2450,9608,11930,12058,2320,25,25
4,2.25,3960,8640,2,0,2,3,9,2630,1330,47.6317,-122.304,3850,8640,12600,12490,3960,89,89
2,1,1350,368517,1,0,0,3,6,1350,0,47.7617,-122.061,2330,104108,369867,106438,1350,67,67
4,2.5,2580,10631,2,0,2,4,9,2580,0,47.6993,-122.206,4220,10631,13211,14851,2580,23,23
3,2,1790,7259,1,0,0,3,7,1390,400,47.4643,-122.171,1790,7700,9049,9490,1790,34,34
3,1,1190,9199,1,0,0,3,7,1190,0,47.4258,-122.322,1190,9364,10389,10554,1190,59,59
2,1,720,5880,1,0,0,3,6,720,0,47.5056,-122.27,1440,7200,6600,8640,720,75,75
3,2.25,1640,4635,1,0,0,3,8,1540,100,47.6793,-122.319,1530,4635,6275,6165,1640,84,84
3,1.5,1520,8519,1,0,0,3,7,1520,0,47.7712,-122.339,1570,9000,10039,10570,1520,60,60
4,2,1340,8190,1,0,0,4,7,1340,0,47.4905,-122.343,1410,9721,9530,11131,1340,73,73
2,1,1130,15190,1,0,0,4,7,1130,0,47.3902,-122.283,1490,16920,16320,18410,1130,60,60
3,1.75,1250,6041,1,0,0,5,7,1250,0,47.69,-122.304,1180,6042,7291,7222,1250,72,72
2,1,930,5400,1,0,0,3,7,930,0,47.6971,-122.372,1050,5400,6330,6450,930,62,62
4,2,2640,5000,2,0,0,3,7,2040,600,47.678,-122.375,1330,5000,7640,6330,2640,66,66
3,2.5,2130,5205,2,0,0,3,8,2130,0,47.4832,-121.774,2250,5462,7335,7712,2130,1,1
3,2.25,2150,9250,2,0,0,3,8,2150,0,47.7179,-122.113,2240,9266,11400,11506,2150,30,30
2,2,1370,3827,1,0,0,3,7,1020,350,47.652,-122.404,1550,5102,5197,6652,1370,62,62
2,1.5,1320,826,2,0,0,3,8,1100,220,47.5879,-122.304,1340,1213,2146,2553,1320,6,6
3,1.5,1080,2940,1,0,0,4,7,1080,0,47.6832,-122.304,1400,4930,4020,6330,1080,94,94
3,2.75,2590,12063,2,0,0,3,10,2590,0,47.5527,-122.12,2850,8469,14653,11319,2590,21,21
2,1,910,4800,1,0,0,4,7,910,0,47.5536,-122.377,1450,5000,5710,6450,910,91,91
4,1.5,2190,13660,1,0,3,3,8,2190,0,47.7658,-122.37,2520,20500,15850,23020,2190,62,62
4,2.25,2250,3600,2,0,0,4,9,2010,240,47.643,-122.37,1910,3990,5850,5900,2250,103,21
4,1.75,1860,9364,1,0,0,3,7,1080,780,47.731,-122.301,1800,9364,11224,11164,1860,62,62
2,2,1510,3961,1,0,0,3,8,1510,0,47.709,-122.018,1510,3962,5471,5472,1510,4,4
4,1,2100,9288,1,0,0,4,7,1050,1050,47.4558,-122.171,1600,8550,11388,10150,2100,46,46
3,1.75,1970,5100,1,0,0,3,7,1130,840,47.6831,-122.379,1250,4080,7070,5330,1970,107,50
5,2.25,4320,7620,2,0,0,3,7,2880,1440,47.6824,-122.287,1880,7620,11940,9500,4320,41,0
4,2.5,2280,5000,2,0,0,3,7,2280,0,47.3593,-122.037,2910,5000,7280,7910,2280,8,8
4,2.5,2980,12075,1,0,0,3,8,1910,1070,47.5074,-122.172,2240,12075,15055,14315,2980,7,7
2,1.75,1700,3618,1,0,1,3,8,1260,440,47.6336,-122.397,2200,5000,5318,7200,1700,64,64
3,1.75,1590,1322,2,0,0,3,8,1060,530,47.5753,-122.294,1530,5400,2912,6930,1590,0,0
3,2.5,1190,1290,3,0,0,3,8,1190,0,47.6762,-122.378,1410,1923,2480,3333,1190,6,6
5,2.75,2790,4807,1,0,0,4,7,2140,650,47.3098,-122.223,1056,4807,7597,5863,2790,65,65
3,2.5,1980,13964,1,0,0,5,7,1980,0,47.571,-122.227,2040,13964,15944,16004,1980,55,55
3,1,1010,11675,1,0,0,3,7,1010,0,47.4849,-122.301,1370,10042,12685,11412,1010,58,58
4,2.5,2300,7707,2,0,0,3,8,2300,0,47.3497,-122.044,2320,6035,10007,8355,2300,10,10
3,2.25,1760,2122,3,0,0,3,9,1760,0,47.5633,-122.385,1420,1618,3882,3038,1760,0,0
3,1.75,1400,6750,1,0,0,3,7,1040,360,47.717,-122.226,1860,7480,8150,9340,1400,40,40
3,1.75,1780,5175,1,0,0,4,7,990,790,47.5696,-122.386,1780,5175,6955,6955,1780,88,88
3,2,1720,7704,1,0,0,4,7,1160,560,47.7368,-122.195,1620,7600,9424,9220,1720,45,45
4,2.5,2230,5000,2,0,0,3,8,2230,0,47.3919,-122.184,2230,6137,7230,8367,2230,11,11
5,2.75,2910,5802,2,0,0,3,7,2910,0,47.3591,-122.036,2910,5000,8712,7910,2910,8,8
2,2,1680,4647,1,0,0,3,8,1680,0,47.7088,-122.015,1680,4950,6327,6630,1680,6,6
3,1,940,8400,1,0,0,3,7,940,0,47.5108,-122.165,1190,8400,9340,9590,940,57,57
4,2.25,2460,7620,1,0,0,3,7,1230,1230,47.5285,-122.345,2090,7620,10080,9710,2460,46,46
4,2.5,2100,10750,1,0,2,4,8,2100,0,47.3338,-122.337,2310,10425,12850,12735,2100,47,47
3,2.5,3040,34670,2,0,0,4,10,3040,0,47.7565,-122.129,3480,35001,37710,38481,3040,31,31
2,1.5,1140,2980,2,0,0,3,7,1140,0,47.5707,-122.018,1150,2981,4120,4131,1140,26,26
3,1,1480,10094,1,0,0,4,7,1480,0,47.5942,-122.136,1430,10083,11574,11513,1480,59,59
3,2.5,1870,5013,2,0,0,3,8,1870,0,47.7552,-122.221,2040,5555,6883,7595,1870,11,11
3,2.25,1890,12236,1,0,0,3,8,1890,0,47.6232,-122.047,2390,12323,14126,14713,1890,36,36
5,3.25,4560,19080,1,0,0,5,9,2490,2070,47.6291,-122.226,3390,20140,23640,23530,4560,52,52
4,2.5,2230,5743,2,0,0,3,7,2230,0,47.7245,-121.957,2490,6300,7973,8790,2230,12,12
4,2.75,2730,3560,1,0,0,3,8,1550,1180,47.6737,-122.304,1860,3560,6290,5420,2730,93,7
1,1.5,1900,40600,1,0,0,5,9,1450,450,47.4718,-122.009,2920,40427,42500,43347,1900,37,37
4,2.25,2230,6791,2,0,0,3,8,2230,0,47.3769,-122.028,2420,6297,9021,8717,2230,9,9
3,2,1380,3500,2,0,0,3,7,1380,0,47.5558,-122.27,1620,3900,4880,5520,1380,43,43
3,2,1980,12150,1,0,0,3,9,1980,0,47.3657,-122.152,2200,12150,14130,14350,1980,20,20
4,2.75,2720,54048,2,0,0,3,8,2720,0,47.7181,-122.089,2580,37721,56768,40301,2720,30,30
3,1.75,1910,17003,1,0,0,4,8,1910,0,47.3095,-122.283,1820,14806,18913,16626,1910,51,51
4,2.5,2150,5397,2,0,0,3,8,2150,0,47.4644,-122.151,2260,5080,7547,7340,2150,16,16
3,1.75,1330,7482,1,0,0,4,7,1330,0,47.7322,-122.207,1480,8096,8812,9576,1330,39,39
3,2.5,1410,26375,1,0,0,3,6,1410,0,47.7432,-122.076,1410,12474,27785,13884,1410,23,23
3,1.75,1610,7200,1,0,0,3,8,1090,520,47.6279,-122.287,3790,7200,8810,10990,1610,41,41
3,2.5,2060,7458,2,0,0,3,9,2060,0,47.3045,-122.351,2480,7743,9518,10223,2060,25,25
4,3.25,4740,49091,2,0,0,3,11,4740,0,47.6624,-122.071,4800,42387,53831,47187,4740,24,24
4,3.25,2690,3995,2,0,0,3,9,2060,630,47.532,-122.384,1810,4590,6685,6400,2690,1,1
2,2,1500,761,3,0,3,3,8,1500,0,47.6522,-122.346,1360,1527,2261,2887,1500,7,7
3,2.25,1970,3716,2,0,0,3,7,1970,0,47.4907,-122.167,1780,3716,5686,5496,1970,17,17
4,2.5,3110,11857,2,0,4,3,11,2040,1070,47.6952,-122.402,3110,11570,14967,14680,3110,25,25
4,2.5,2760,5000,1,0,0,5,7,1680,1080,47.6726,-122.371,1850,5000,7760,6850,2760,86,86
4,2.5,3010,7953,2,0,0,3,9,3010,0,47.522,-122.19,2670,6202,10963,8872,3010,14,14
4,4,5635,9695,2,0,3,3,10,4360,1275,47.3389,-122.334,3726,9765,15330,13491,5635,3,3
3,1.5,1060,6232,1,0,0,4,7,1060,0,47.5329,-122.271,1120,5379,7292,6499,1060,47,47
2,1.75,1840,7230,1,0,0,3,7,1570,270,47.3815,-122.228,1282,6769,9070,8051,1840,76,76
4,2.75,2990,4521,2,0,0,3,7,2990,0,47.7401,-122.226,2580,7539,7511,10119,2990,0,0
3,2.25,2670,7500,1,0,0,4,7,1640,1030,47.4608,-122.354,1970,9598,10170,11568,2670,48,48
3,1.75,2340,5500,2,0,2,3,9,2340,0,47.6451,-122.319,2830,5500,7840,8330,2340,27,27
3,3.75,2380,3600,1,0,0,3,7,1690,690,47.6374,-122.307,1990,3520,5980,5510,2380,87,87
5,4.25,6070,171626,2,0,0,3,12,6070,0,47.5954,-121.95,4680,211267,177696,215947,6070,15,15
4,3.5,3020,12750,2,0,0,3,10,3020,0,47.6524,-122.184,3120,14351,15770,17471,3020,24,24
4,3.25,3270,5187,2,0,0,3,9,3110,160,47.6966,-122.133,3600,5825,8457,9425,3270,0,0
3,1.5,1790,4800,1,0,0,3,8,1790,0,47.6332,-122.362,1780,3600,6590,5380,1790,103,103
3,2.5,2330,3995,2,0,0,3,9,2330,0,47.5542,-122.001,2330,3740,6325,6070,2330,9,9
2,1,1000,10200,1,0,0,3,6,1000,0,47.5687,-121.899,1150,13702,11200,14852,1000,53,53
3,1.75,2010,3800,2,0,0,2,7,2010,0,47.6408,-122.307,1540,3800,5810,5340,2010,92,92
4,2.25,1770,33132,1,0,0,4,8,1190,580,47.4413,-122.151,2490,20000,34902,22490,1770,49,49
3,2,1100,9165,1,0,0,4,7,1100,0,47.7304,-122.231,1510,8500,10265,10010,1100,45,45
4,1.75,2220,6731,1,0,0,4,7,1110,1110,47.5691,-122.391,1600,6350,8951,7950,2220,62,62
5,3.25,3250,14342,2,0,4,4,8,3250,0,47.588,-122.116,2960,11044,17592,14004,3250,46,46
5,2.75,3110,6621,2,0,0,3,9,3110,0,47.543,-121.888,3550,7953,9731,11503,3110,9,9
2,2.5,1790,5400,2,0,0,4,8,1790,0,47.6606,-122.128,1700,5760,7190,7460,1790,35,35
4,1,1210,6000,1,0,2,3,7,1210,0,47.5026,-122.234,1470,6000,7210,7470,1210,71,71
3,1.75,2760,9137,1,0,0,3,7,1380,1380,47.6079,-122.132,1980,9137,11897,11117,2760,54,54
2,1,800,7150,1,0,0,3,5,800,0,47.3788,-122.224,1220,8019,7950,9239,800,81,81
3,2.5,1360,1016,3,0,0,3,7,1310,50,47.6774,-122.324,1365,1156,2376,2521,1360,11,11
3,2.5,2424,6143,2,0,0,3,9,2424,0,47.3512,-122.135,2381,6036,8567,8417,2424,1,1
4,2.5,1770,5855,2,0,0,3,7,1770,0,47.3483,-122.053,1790,5679,7625,7469,1770,11,11
3,1,1230,7492,1,0,0,3,7,1230,0,47.7633,-122.315,1710,7238,8722,8948,1230,60,60
5,3,2920,2808,2,0,0,3,8,2140,780,47.654,-122.342,1620,1544,5728,3164,2920,54,22
3,3.25,4030,12765,2,0,0,4,9,2800,1230,47.6331,-122.166,2670,13447,16795,16117,4030,39,39
5,2.5,3410,4726,2,0,0,3,9,3410,0,47.5459,-122.184,2810,5129,8136,7939,3410,8,8
2,1,720,4592,1,0,0,4,6,720,0,47.6534,-122.404,1030,5816,5312,6846,720,71,71
4,2.25,2420,9000,1,0,4,5,9,2000,420,47.4884,-122.363,2400,9035,11420,11435,2420,47,47
3,1.75,1160,8774,1,0,0,3,7,1160,0,47.7159,-122.165,1990,7908,9934,9898,1160,42,42
4,2.5,3140,12792,2,0,0,4,9,3140,0,47.3863,-122.156,2510,12792,15932,15302,3140,37,37
3,1.75,2190,17550,1,0,0,3,7,2190,0,47.6984,-121.912,1700,17550,19740,19250,2190,26,26
3,2,1100,6360,1,0,0,3,7,1100,0,47.3878,-122.052,1620,6360,7460,7980,1100,23,23
3,1,1010,7500,1,0,0,4,7,1010,0,47.6169,-122.062,1230,7500,8510,8730,1010,39,39
4,1.5,2070,7245,1,0,0,4,7,1060,1010,47.3417,-122.281,1450,7350,9315,8800,2070,50,50
5,3,2230,4400,2,0,0,3,7,1730,500,47.6404,-122.325,1280,1800,6630,3080,2230,102,102
4,3.5,3420,33106,2,0,0,3,9,3420,0,47.3554,-121.986,3420,36590,36526,40010,3420,10,10
3,1,1470,11398,1,0,0,3,8,1470,0,47.746,-122.296,1710,11407,12868,13117,1470,65,65
1,0.75,1040,6034,1,0,1,3,7,580,460,47.5078,-122.251,1560,5650,7074,7210,1040,24,24
3,2.5,3280,26413,1,0,3,3,11,2670,610,47.6395,-122.05,3280,25211,29693,28491,3280,29,29
4,1.75,2020,8800,1,0,0,4,8,2020,0,47.3202,-122.384,2320,8000,10820,10320,2020,45,45
3,2.25,1445,1512,2,0,0,3,7,1300,145,47.5341,-122.069,1445,1082,2957,2527,1445,11,11
1,1,550,5700,1,0,0,2,6,550,0,47.6846,-122.366,1100,4560,6250,5660,550,98,98
3,3.5,1360,1275,2,0,0,3,8,1240,120,47.5904,-122.315,1360,1275,2635,2635,1360,7,7
3,2,1780,11342,1,0,0,3,7,1780,0,47.4617,-122.327,2140,8449,13122,10589,1780,50,50
5,2.25,2460,8710,1,0,0,4,8,1330,1130,47.6651,-122.15,2460,8870,11170,11330,2460,38,38
3,2.5,2740,9168,2,0,0,3,9,2740,0,47.3835,-122.148,2690,10554,11908,13244,2740,24,24
3,1.75,1660,10000,1,0,0,3,7,1660,0,47.741,-121.978,1770,10000,11660,11770,1660,42,42
3,1.75,1610,14000,1,0,0,4,7,1050,560,47.3429,-122.036,1550,10080,15610,11630,1610,38,38
4,3,2500,6278,2,0,0,3,9,2500,0,47.3325,-122.168,2700,7200,8778,9900,2500,12,12
3,2.5,3370,14402,2,0,2,3,9,3370,0,47.5008,-121.776,3330,9691,17772,13021,3370,10,10
3,2.25,2020,9000,2,0,0,3,7,2020,0,47.4487,-121.775,1460,9680,11020,11140,2020,35,35
3,2.5,1580,6065,2,0,0,3,8,1580,0,47.5692,-122.021,1770,6700,7645,8470,1580,29,29
2,1,800,15000,1,0,0,3,6,800,0,47.4932,-122.316,1170,15000,15800,16170,800,87,87
4,5.75,7220,223462,2,0,4,3,12,6220,1000,47.7097,-122.013,2680,7593,230682,10273,7220,15,15
3,2.5,2134,1984,2,0,0,3,8,2134,0,47.5402,-122.027,2170,1984,4118,4154,2134,6,6
4,1.75,1620,8132,1,0,0,3,8,1620,0,47.6788,-122.11,1920,8400,9752,10320,1620,40,40
5,2.5,2093,10350,1,0,0,5,7,2093,0,47.4495,-122.17,1520,10350,12443,11870,2093,51,51
3,1,1220,22443,1,0,0,4,7,1220,0,47.2633,-122.245,1260,19950,23663,21210,1220,42,42
1,1,570,4080,1,0,0,3,5,570,0,47.5098,-122.334,890,5100,4650,5990,570,73,73
4,2.25,2130,5337,2,0,0,3,7,2130,0,47.7237,-121.959,2300,6930,7467,9230,2130,14,14
3,1.5,1370,10115,1,0,0,4,7,1370,0,47.2027,-122,1450,9282,11485,10732,1370,57,57
3,2,1840,8140,1,0,0,4,7,1040,800,47.3106,-122.325,1600,6720,9980,8320,1840,40,40
3,1.75,1910,12321,1,0,0,4,7,1100,810,47.5995,-122.198,1910,11761,14231,13671,1910,63,63
2,1,700,6046,1,0,0,3,6,700,0,47.7172,-122.34,990,6790,6746,7780,700,64,64
5,3.75,4270,7500,2,0,0,3,10,3210,1060,47.6845,-122.207,2410,8350,11770,10760,4270,0,0
2,1,870,8400,1,0,0,3,7,870,0,47.4493,-122.282,1070,12465,9270,13535,870,54,54
3,2.5,1540,3237,2,0,0,3,7,1540,0,47.5299,-121.878,1780,3411,4777,5191,1540,15,15
3,2,1870,5455,1,0,0,5,7,1060,810,47.7029,-122.297,1870,7435,7325,9305,1870,88,88
4,1,1640,6305,1,0,0,5,6,1640,0,47.5563,-122.28,1590,4816,7945,6406,1640,107,107
3,2.5,2520,5000,3,0,0,3,9,2520,0,47.5664,-122.359,1130,5000,7520,6130,2520,24,24
2,1.5,2210,5000,1,0,2,3,8,1530,680,47.6122,-122.288,2700,5000,7210,7700,2210,64,64
3,1,960,7500,1,0,0,3,6,960,0,47.4966,-122.255,1250,6000,8460,7250,960,61,61
5,2.25,2940,38009,1,0,0,3,8,1700,1240,47.7653,-122.077,2620,38300,40949,40920,2940,37,37
3,2.5,2440,4800,2,0,0,3,10,2440,0,47.5595,-122.365,1180,5480,7240,6660,2440,0,0
4,3.75,4100,61419,2,0,0,3,9,4100,0,47.5626,-122.005,2010,32362,65519,34372,4100,0,0
3,2.25,1550,5511,2,0,0,3,8,1550,0,47.6946,-122.185,1620,5511,7061,7131,1550,27,27
3,1.75,1480,9603,1,0,0,3,7,1480,0,47.5915,-122.202,2660,10766,11083,13426,1480,63,63
6,6.5,6260,10955,2,0,0,3,11,4840,1420,47.5947,-122.039,2710,12550,17215,15260,6260,8,8
3,3.5,1500,1471,3,0,0,3,7,1500,0,47.7034,-122.362,1500,1445,2971,2945,1500,15,15
3,1,1050,8583,1,0,0,5,6,1050,0,47.7451,-122.339,1460,7351,9633,8811,1050,60,60
4,4,3770,8899,2,0,0,3,10,2940,830,47.6476,-122.079,3300,8308,12669,11608,3770,8,8
4,2.5,3670,315374,2,0,0,4,9,3670,0,47.7421,-122.026,2840,87991,319044,90831,3670,20,20
4,2.5,1820,3905,2,0,0,3,7,1820,0,47.7346,-121.985,1820,3863,5725,5683,1820,13,13
3,1.75,1010,8580,1,0,0,3,7,1010,0,47.6703,-122.174,1500,8580,9590,10080,1010,53,53
3,1,1500,13500,1,0,0,4,7,1500,0,47.4666,-122.072,1350,13680,15000,15030,1500,46,46
4,2.75,2870,7200,2,0,0,3,9,2870,0,47.5688,-122.317,2030,5400,10070,7430,2870,6,6
4,2.75,2450,5376,1,0,0,4,7,1550,900,47.6865,-122.396,1920,5264,7826,7184,2450,94,94
2,1,770,3008,1,0,0,4,5,770,0,47.5686,-122.389,1550,4563,3778,6113,770,98,98
4,2.75,2200,122403,1,0,0,3,7,2200,0,47.6301,-121.911,1710,74487,124603,76197,2200,44,44
4,2.25,1680,3179,2,0,0,3,8,1680,0,47.3258,-122.186,1678,3590,4859,5268,1680,12,12
4,2.5,2450,55387,2,0,0,3,9,2450,0,47.6323,-121.985,2730,38827,57837,41557,2450,20,20
3,1,1000,6947,1,0,0,4,7,1000,0,47.7142,-122.319,1000,6947,7947,7947,1000,67,67
3,2.5,1780,47480,2,0,0,3,7,1780,0,47.4723,-121.707,1890,51836,49260,53726,1780,19,19
4,2.25,2220,6953,2,0,0,4,8,2220,0,47.3509,-122.041,2240,6716,9173,8956,2220,15,15
4,3,2500,5000,1,0,0,4,7,1460,1040,47.6895,-122.331,1720,4500,7500,6220,2500,88,88
4,2,1710,8814,1,0,0,5,7,1030,680,47.395,-122.174,1710,7272,10524,8982,1710,39,39
4,1.5,2740,4000,2,0,0,5,9,1930,810,47.6343,-122.352,1680,4000,6740,5680,2740,109,109
3,1,1470,7680,1,0,0,3,7,1220,250,47.5276,-122.359,1470,6784,9150,8254,1470,68,68
3,3.5,4380,6350,2,0,0,3,8,2780,1600,47.6981,-122.368,1830,6350,10730,8180,4380,114,15
3,2,1790,11430,1,0,0,3,7,1190,600,47.6319,-122.035,1700,12114,13220,13814,1790,30,30
5,2.75,2870,5349,2,0,0,3,9,2870,0,47.5405,-122.187,2800,5000,8219,7800,2870,10,10
2,1,670,7312,1,0,0,3,5,670,0,47.7145,-122.285,860,8242,7982,9102,670,72,72
3,3.5,1360,1419,2,0,0,3,8,1040,320,47.6697,-122.371,1560,1977,2779,3537,1360,7,7
3,1.5,1750,12500,1,0,0,3,7,1150,600,47.5666,-121.902,1680,13000,14250,14680,1750,60,60
4,2.5,1850,50662,1,0,0,3,8,1430,420,47.6535,-122.119,2090,10599,52512,12689,1850,36,36
4,2,1440,10920,1,0,0,3,5,1440,0,47.5049,-122.18,1500,11902,12360,13402,1440,72,72
3,1.75,1730,7807,1,0,0,3,7,1260,470,47.7211,-122.169,1800,7650,9537,9450,1730,38,38
4,2,1390,4500,1,0,0,5,7,1390,0,47.5552,-122.311,1900,5460,5890,7360,1390,106,106
4,2.5,3630,7482,2,0,0,3,10,3630,0,47.4565,-122.287,1600,15716,11112,17316,3630,7,7
5,2.75,3000,25175,1,0,0,4,7,1500,1500,47.497,-122.088,2170,40523,28175,42693,3000,53,53
2,1.5,1200,1259,2,0,0,3,8,1000,200,47.6001,-122.298,1320,1852,2459,3172,1200,-1,-1
4,1.75,1820,4500,1,0,0,3,8,1820,0,47.6429,-122.36,1870,3600,6320,5470,1820,93,93
4,2.5,3300,10764,1,0,0,4,9,1720,1580,47.7119,-122.365,2290,10975,14064,13265,3300,43,43
4,1,1430,4080,1,0,0,3,7,1430,0,47.6696,-122.324,1760,4080,5510,5840,1430,91,91
4,2.75,2656,21195,2,0,0,3,9,2656,0,47.3162,-122.272,1860,16510,23851,18370,2656,0,0
3,1,1040,8925,1,0,0,4,6,1040,0,47.3265,-122.335,1040,8925,9965,9965,1040,54,54
3,2.5,2200,3000,2,0,0,3,9,1530,670,47.6451,-122.35,2200,3300,5200,5500,2200,12,12
3,2.5,1920,4803,2,0,0,3,7,1920,0,47.3745,-122.127,2240,5231,6723,7471,1920,9,9
2,1,1510,3360,1,0,0,3,7,880,630,47.6135,-122.297,1330,3360,4870,4690,1510,90,90
4,3,3680,35736,1,0,0,4,8,2320,1360,47.4703,-122.015,3210,39512,39416,42722,3680,45,45
3,1.5,1420,7480,1,0,0,4,7,1420,0,47.4651,-122.184,1720,7700,8900,9420,1420,52,52
4,2,1820,9350,1,0,0,4,8,1820,0,47.6288,-122.098,2260,9299,11170,11559,1820,47,47
4,1.5,2720,37258,2,0,0,3,10,2720,0,47.7402,-122.035,3270,39714,39978,42984,2720,20,20
4,1.75,1690,11739,1,0,0,4,8,1690,0,47.552,-122.219,2300,11600,13429,13900,1690,55,55
3,1,1030,4583,1,0,0,3,7,1030,0,47.4231,-122.329,1730,8023,5613,9753,1030,48,48
4,2.75,2410,5225,2,0,0,3,8,2410,0,47.4244,-122.151,2300,5378,7635,7678,2410,13,13
4,2.5,2500,206474,1,0,0,3,10,2500,0,47.6778,-121.994,3680,208652,208974,212332,2500,17,17
3,1.5,1370,7853,1,0,0,4,7,1370,0,47.5409,-122.18,1730,9465,9223,11195,1370,52,52
4,2.5,2450,6941,2,0,0,3,7,2450,0,47.4006,-122.162,3300,6941,9391,10241,2450,9,9
4,2.25,2050,7700,2,0,0,3,7,2050,0,47.3009,-122.375,1780,7700,9750,9480,2050,38,38
3,1.5,1800,4700,1,0,0,3,7,1200,600,47.6858,-122.385,1580,4700,6500,6280,1800,73,73
4,2.5,2420,4981,2,0,0,3,9,2420,0,47.3785,-122.023,2420,5000,7401,7420,2420,6,6
4,2.5,2200,4000,2,0,0,5,8,1430,770,47.6402,-122.37,2100,4000,6200,6100,2200,106,106
4,2,1710,3875,1,0,0,4,7,1710,0,47.6086,-122.294,1710,3812,5585,5522,1710,107,107
5,2,2140,5000,1,0,0,4,7,2020,120,47.6044,-122.299,1810,4400,7140,6210,2140,101,101
5,1.75,2550,71874,1,0,0,5,7,1810,740,47.4845,-122.08,2170,51400,74424,53570,2550,54,54
4,3.5,4170,9748,2,0,0,3,11,4170,0,47.528,-122.132,4560,10589,13918,15149,4170,10,10
2,1,910,4000,1,0,0,3,7,910,0,47.5427,-122.388,1060,1346,4910,2406,910,97,97
4,2.5,3030,16000,2,0,0,3,11,3030,0,47.7125,-122.081,3670,16641,19030,20311,3030,25,25
4,2.5,3120,5137,2,0,0,3,7,3120,0,47.6842,-122.04,2755,5137,8257,7892,3120,12,12
5,3.5,3430,6872,2,0,0,3,10,2830,600,47.4065,-122.207,3650,6600,10302,10250,3430,12,12
2,1,1000,5026,1,0,0,5,5,760,240,47.297,-122.225,990,5026,6026,6016,1000,99,99
4,2.75,1820,5400,1,0,0,4,7,1220,600,47.5204,-122.205,1630,5400,7220,7030,1820,26,26
3,2.5,3170,12750,2,0,0,3,10,2360,810,47.3384,-122.336,2970,13125,15920,16095,3170,19,19
4,2.5,2460,8029,2,0,0,3,9,2460,0,47.6262,-122.03,2420,7987,10489,10407,2460,26,26
4,2.5,1850,5880,2,0,0,3,8,1850,0,47.3322,-122.173,2370,6500,7730,8870,1850,16,16
3,2.5,1820,11012,2,0,0,3,8,1820,0,47.6358,-122.026,1860,7767,12832,9627,1820,26,26
2,1,1010,43056,1,0,0,3,5,1010,0,47.7105,-121.316,830,18297,44066,19127,1010,24,24
4,2.25,1660,7184,1,0,0,3,7,1110,550,47.4678,-122.294,1640,7200,8844,8840,1660,51,51
4,2.75,3170,7634,2,0,0,3,10,3170,0,47.5774,-122.054,2940,7846,10804,10786,3170,22,22
4,2.25,1770,7000,1,0,0,5,7,1770,0,47.7193,-122.218,1780,6500,8770,8280,1770,42,42
4,2,2280,43692,1,0,0,3,7,1140,1140,47.4067,-122.03,2580,37938,45972,40518,2280,57,30
3,2.5,2930,6050,2,0,0,3,9,2930,0,47.5151,-121.883,2760,5765,8980,8525,2930,6,6
2,1,990,39964,1,0,0,2,4,990,0,47.3577,-122.085,1560,8990,40954,10550,990,69,69
2,1,1430,7819,1,0,0,3,7,1110,320,47.7307,-122.302,1380,7473,9249,8853,1430,70,70
3,2.5,1730,7442,2,0,0,3,7,1730,0,47.3507,-122.178,1630,6458,9172,8088,1730,27,27
4,2.25,2520,10370,2,0,0,3,9,2520,0,47.6377,-122.049,2848,12682,12890,15530,2520,35,35
3,1,1150,5120,1,0,0,4,6,800,350,47.5588,-122.392,1220,5120,6270,6340,1150,69,69
3,2.5,2555,5720,2,0,0,3,8,2555,0,47.386,-122.184,2844,5769,8275,8613,2555,9,9
3,2,1730,9030,1,0,0,4,7,1730,0,47.5875,-122.134,1470,9030,10760,10500,1730,59,59
4,2.5,2905,4874,2,0,0,3,9,2905,0,47.4084,-122.169,2900,5271,7779,8171,2905,11,11
3,2.5,2700,8444,2,0,0,3,10,2700,0,47.5597,-122.113,2840,9165,11144,12005,2700,22,22
4,1.5,1580,7350,1,0,0,4,7,960,620,47.6734,-122.154,1560,7350,8930,8910,1580,51,51
3,2.5,2710,18480,2,0,2,3,10,2000,710,47.7256,-122.259,2710,18077,21190,20787,2710,36,36
4,1,2200,12137,1,0,4,4,8,1640,560,47.7473,-122.261,3250,17153,14337,20403,2200,59,59
3,2.25,3100,11985,1,0,0,4,7,1790,1310,47.3825,-122.31,1770,7954,15085,9724,3100,51,51
4,3.25,5080,27755,2,0,0,3,11,5080,0,47.5423,-122.111,4730,22326,32835,27056,5080,13,13
3,3.25,2240,5000,2,0,0,3,9,1540,700,47.4114,-122.334,1800,7500,7240,9300,2240,26,26
3,2.5,3610,26359,1,0,0,3,8,1950,1660,47.6306,-121.968,2620,26427,29969,29047,3610,16,16
4,2.5,3840,12151,2,0,0,3,10,3840,0,47.5953,-121.986,3560,11044,15991,14604,3840,17,17
4,3.5,2760,4000,2,0,2,3,8,2000,760,47.5687,-122.374,1690,4000,6760,5690,2760,88,0
3,2.25,1880,12473,1,0,0,3,8,1420,460,47.7623,-122.256,2300,10469,14353,12769,1880,56,56
4,2,2000,5000,1,0,0,5,7,2000,0,47.5787,-122.293,2200,5000,7000,7200,2000,90,90
3,2,1420,1369,2,0,0,3,9,1340,80,47.6472,-122.357,1540,2168,2789,3708,1420,7,7
3,1.75,1516,2897,1,0,0,3,7,998,518,47.6842,-122.341,2100,3854,4413,5954,1516,89,89
4,2.5,2300,10843,2,0,0,5,8,2300,0,47.6988,-122.202,1780,10843,13143,12623,2300,59,59
3,2,1670,7757,1,0,0,3,8,1670,0,47.3802,-122.207,2290,7859,9427,10149,1670,22,22
3,1.75,1810,10463,1,0,0,4,7,1810,0,47.4581,-122.162,1620,8551,12273,10171,1810,46,46
3,2,2320,10960,1,0,0,3,7,1510,810,47.6157,-122.174,2160,10960,13280,13120,2320,58,58
4,3.25,2980,3600,2,0,0,3,9,2150,830,47.6352,-122.284,2980,4800,6580,7780,2980,15,15
4,1.75,2090,4300,1,0,0,4,7,1250,840,47.5555,-122.397,1670,5000,6390,6670,2090,89,89
4,2.5,2500,10330,2,0,0,3,10,2500,0,47.5595,-122.114,2710,8375,12830,11085,2500,22,22
4,3.5,3150,5500,2,0,0,3,9,3150,0,47.6644,-122.293,1550,4200,8650,5750,3150,0,0
4,2.5,3520,6773,2,0,0,3,9,2650,870,47.5317,-122.391,2930,6458,10293,9388,3520,8,8
5,2,2960,10960,1,0,0,4,7,1500,1460,47.6162,-122.174,2160,10960,13920,13120,2960,58,58
4,2.25,2110,11155,2,0,0,3,9,2110,0,47.6386,-122.058,2660,11900,13265,14560,2110,40,40
3,3,3290,80471,2,0,2,4,8,2330,960,47.504,-122.464,1830,30494,83761,32324,3290,39,39
4,2.25,1790,9920,1,0,0,4,7,1170,620,47.5126,-122.149,1990,9648,11710,11638,1790,45,45
3,1,1050,7670,1,0,0,5,7,1050,0,47.2046,-121.996,1220,7670,8720,8890,1050,60,60
5,2.75,2840,12253,1,0,0,3,7,1420,1420,47.7618,-122.253,2210,11620,15093,13830,2840,54,54
3,1.75,1840,17286,1,0,0,4,7,1440,400,47.371,-122.173,1840,14541,19126,16381,1840,37,37
3,1.75,2030,17100,1,0,0,4,7,2030,0,47.451,-122.365,1950,14400,19130,16350,2030,61,61
3,3.5,2480,10800,2,0,0,3,8,2480,0,47.6083,-122.06,2380,11310,13280,13690,2480,16,16
3,1,1270,3600,1,0,0,3,7,1270,0,47.6368,-122.37,1710,3600,4870,5310,1270,108,108
2,1,800,6380,1,0,2,3,7,800,0,47.691,-122.309,920,5940,7180,6860,800,74,74
3,1.5,1590,8256,1,0,1,3,7,1090,500,47.3488,-122.304,1950,7840,9846,9790,1590,45,45
4,3.25,4360,91158,1,0,0,3,10,3360,1000,47.6398,-121.985,3540,90940,95518,94480,4360,21,21
4,2.5,1690,7260,1,0,0,3,7,1080,610,47.3001,-122.368,1690,7700,8950,9390,1690,36,36
2,2,1430,3880,1,0,0,4,7,1430,0,47.6844,-122.392,1430,3880,5310,5310,1430,66,66
4,2.5,3240,7621,2,0,2,3,9,3240,0,47.5641,-122.032,4610,7150,10861,11760,3240,12,12
3,2.25,1540,1561,3,0,0,3,8,1540,0,47.6991,-122.346,1540,1547,3101,3087,1540,4,4
3,2.5,2690,21883,2,0,0,3,8,2690,0,47.6462,-121.904,2370,21781,24573,24151,2690,20,20
2,1,910,6000,1,0,0,3,6,910,0,47.5253,-122.266,1460,5800,6910,7260,910,71,71
4,2.5,3230,7766,2,0,0,3,9,3230,0,47.7069,-122.131,3740,8344,10996,12084,3230,9,9
4,3.5,3170,4000,2,0,0,3,10,2340,830,47.6265,-122.298,1770,4000,7170,5770,3170,16,16
3,2.25,1520,1464,2,0,0,3,8,1240,280,47.543,-122.375,1710,1464,2984,3174,1520,5,5
3,2.25,2160,7500,2,0,0,3,10,2160,0,47.6232,-122.299,1550,3839,9660,5389,2160,32,32
3,1.75,1400,6300,1,0,0,3,7,1400,0,47.2074,-122.001,1400,8490,7700,9890,1400,16,16
3,1.75,2000,5680,1,0,0,4,7,1080,920,47.6805,-122.366,1230,4535,7680,5765,2000,112,112
4,1.75,2110,6708,1,0,3,3,8,1410,700,47.67,-122.274,2140,7006,8818,9146,2110,74,74
3,3,3450,16740,1,0,4,4,9,1960,1490,47.7067,-122.38,3220,12528,20190,15748,3450,66,22
4,2.5,1984,32400,1,0,0,3,8,1564,420,47.36,-122.318,1390,9152,34384,10542,1984,52,52
3,1,1420,9600,1,0,0,4,6,1420,0,47.4232,-122.292,1400,8415,11020,9815,1420,61,61
2,1,760,6000,1,0,0,3,6,760,0,47.646,-122.384,1360,6000,6760,7360,760,73,73
3,2.5,2510,5400,2,0,0,3,9,2510,0,47.5204,-122.206,1840,5400,7910,7240,2510,22,22
4,3,2130,6325,1,0,0,5,7,1440,690,47.5683,-122.396,1240,6325,8455,7565,2130,66,66
3,2.5,2610,7510,2,0,0,3,9,2610,0,47.6648,-122.137,2610,8458,10120,11068,2610,18,18
3,1.75,1730,3400,1,0,0,5,7,970,760,47.6662,-122.364,1640,5000,5130,6640,1730,87,87
4,2.5,2940,35996,2,0,0,3,9,2940,0,47.3401,-122.067,2890,35089,38936,37979,2940,20,20
4,1.75,1860,7350,1,0,0,4,7,1090,770,47.3979,-122.174,1710,7350,9210,9060,1860,37,37
3,2,1540,8400,1,0,0,3,7,1180,360,47.6554,-122.129,1550,8760,9940,10310,1540,46,46
4,2.5,3700,12500,1,0,0,5,8,1920,1780,47.5403,-122.168,2020,8350,16200,10370,3700,41,41
5,3,3690,49709,1,0,2,3,9,2690,1000,47.3908,-122.32,2590,8691,53399,11281,3690,54,54
3,1,1240,7500,1,0,0,4,7,1240,0,47.6199,-122.062,1240,9750,8740,10990,1240,38,38
3,2.25,1110,979,2,0,0,3,7,960,150,47.5999,-122.3,1170,1400,2089,2570,1110,7,7
5,3.25,3370,17458,1,0,2,5,10,2000,1370,47.5591,-122.229,4240,15202,20828,19442,3370,32,32
2,1,700,4836,1,0,0,4,6,700,0,47.7139,-122.288,1190,7050,5536,8240,700,88,88
3,2.5,1650,3436,2,0,0,3,7,1650,0,47.6819,-122.036,1680,3446,5086,5126,1650,12,12
1,1,1020,3200,1,0,0,3,7,1020,0,47.6361,-122.343,1670,3480,4220,5150,1020,87,87
3,2.25,2580,11060,1,0,0,3,8,2580,0,47.6113,-122.164,2580,13868,13640,16448,2580,50,50
5,3.5,3740,24684,2,0,0,3,9,2760,980,47.3832,-122.057,2880,26023,28424,28903,3740,17,17
4,3.5,4060,9486,2,0,0,3,10,4060,0,47.6634,-122.2,2410,9486,13546,11896,4060,9,9
4,3.5,3290,5414,2,0,1,3,9,2360,930,47.7074,-122.219,1820,9609,8704,11429,3290,8,8
3,1.5,1550,5034,2,0,0,4,7,1550,0,47.7072,-122.36,1820,7200,6584,9020,1550,92,92
4,2.75,2200,9453,1,0,0,5,8,1100,1100,47.5744,-122.305,1390,5355,11653,6745,2200,59,59
4,2.5,2840,9354,2,0,0,3,10,2840,0,47.6274,-122.04,2540,10200,12194,12740,2840,24,24
2,1,930,5077,1,0,0,3,6,930,0,47.7095,-122.35,1080,5803,6007,6883,930,75,75
4,1.75,1350,9293,1,0,0,4,7,1350,0,47.6335,-122.196,1890,9293,10643,11183,1350,60,60
3,2.5,1690,4000,2,0,0,3,7,1690,0,47.6788,-122.034,1690,4000,5690,5690,1690,10,10
2,2.25,1460,1607,2,0,0,3,8,1460,0,47.5395,-122.369,1460,1826,3067,3286,1460,7,7
3,2.25,1820,8814,1,0,0,3,7,1280,540,47.7162,-122.309,1810,7515,10634,9325,1820,48,48
5,2.5,2540,3832,2,0,0,5,8,1760,780,47.6848,-122.398,2000,5289,6372,7289,2540,85,85
4,2.5,2610,4781,2,0,0,3,8,2610,0,47.2649,-122.292,2583,4796,7391,7379,2610,5,5
3,2.5,2110,8164,2,0,0,3,9,2110,0,47.5269,-122.171,2390,7499,10274,9889,2110,24,24
4,2.5,1840,5550,2,0,0,3,8,1840,0,47.3937,-122.183,2030,5500,7390,7530,1840,10,10
4,2,2340,50233,1,0,0,4,7,1170,1170,47.5905,-122.022,2470,62290,52573,64760,2340,48,48
3,1.75,1680,3420,1,0,0,3,7,960,720,47.6854,-122.291,1680,4080,5100,5760,1680,22,22
3,1,1160,9750,1,0,0,3,7,1160,0,47.7429,-122.072,1160,10565,10910,11725,1160,46,46
3,1.5,1700,8050,1,0,0,3,7,1130,570,47.6304,-122.218,2920,12239,9750,15159,1700,65,65
5,5.5,5190,12637,2,0,2,3,11,5190,0,47.5424,-121.872,3840,12637,17827,16477,5190,13,13
4,2.5,2200,10800,1,0,0,3,8,1500,700,47.7711,-122.288,2280,10800,13000,13080,2200,51,51
4,2,1750,8116,1,0,0,4,5,1750,0,47.5097,-122.181,1440,7865,9866,9305,1750,71,71
4,3.5,4083,68377,2,0,0,3,10,4083,0,47.3114,-122.262,2430,41382,72460,43812,4083,9,9
2,1,630,6000,1,0,0,3,6,630,0,47.4973,-122.221,1470,6840,6630,8310,630,71,9
1,1,720,2500,1,0,0,3,7,720,0,47.6597,-122.345,1520,3750,3220,5270,720,105,105
4,2.25,2200,6750,1,0,0,5,8,1480,720,47.5215,-122.202,2710,6750,8950,9460,2200,55,55
3,1,1390,12823,1,0,0,4,7,1390,0,47.7438,-122.075,1390,10095,14213,11485,1390,46,46
4,2.5,3320,52707,2,0,0,3,10,3320,0,47.6247,-122.016,3040,54450,56027,57490,3320,15,15
3,2.5,2880,10126,2,0,0,4,10,2880,0,47.6319,-122.037,2960,10514,13006,13474,2880,30,30
3,2.5,2070,4944,2,0,0,3,9,2070,0,47.6256,-122.284,3300,6179,7014,9479,2070,84,84
3,1,1050,7500,1,0,0,3,6,1050,0,47.5473,-122.396,1380,7500,8550,8880,1050,114,114
2,1.75,1220,8382,1,0,0,3,6,1220,0,47.5033,-122.359,1100,8382,9602,9482,1220,73,73
3,1.75,2430,12757,1,0,2,4,8,1340,1090,47.6201,-122.209,2930,12450,15187,15380,2430,62,62
3,2.25,1453,2225,2,0,0,4,8,1453,0,47.5429,-122.188,1860,2526,3678,4386,1453,29,29
3,1,1010,7500,1,0,0,4,7,1010,0,47.6172,-122.061,1250,10000,8510,11250,1010,39,39
3,2.5,1570,1551,3,0,0,3,8,1570,0,47.6961,-122.341,1570,1705,3121,3275,1570,6,6
4,3.5,3590,5334,2,0,2,3,9,3140,450,47.6763,-122.267,2100,6250,8924,8350,3590,9,9
4,2,2990,12970,1,0,2,4,7,1960,1030,47.7605,-122.258,2500,10680,15960,13180,2990,67,67
4,2.5,2160,8158,1,0,0,4,8,1660,500,47.6948,-122.328,1520,7208,10318,8728,2160,63,63
3,2.75,1850,9600,1,0,0,5,7,1850,0,47.7259,-122.226,1250,10500,11450,11750,1850,49,49
3,1.75,1630,9000,1,0,0,4,7,1630,0,47.4521,-122.36,1600,11120,10630,12720,1630,59,59
6,2.5,3820,53173,1,0,0,4,9,2040,1780,47.5209,-122.052,2510,15314,56993,17824,3820,40,40
2,1,860,12160,1,0,0,4,6,860,0,47.5267,-122.361,1010,7611,13020,8621,860,93,93
3,1,1330,10500,1,0,0,3,7,960,370,47.7204,-122.196,1460,11550,11830,13010,1330,52,52
3,2.5,2010,4195,2,0,0,3,8,2010,0,47.732,-122.197,2010,5779,6205,7789,2010,16,16
3,2.5,1660,10763,2,0,0,3,7,1660,0,47.3812,-122.029,2010,7983,12423,9993,1660,20,20
2,1,950,4500,1,0,2,3,7,850,100,47.6562,-122.354,1670,4000,5450,5670,950,88,88
4,1.75,1820,5015,1,0,0,4,6,1190,630,47.5569,-122.31,1530,9130,6835,10660,1820,88,88
2,1.75,1180,55321,1,0,0,3,8,1180,0,47.3329,-122.091,1480,56192,56501,57672,1180,73,10
4,3.75,3890,22000,2,0,0,3,10,3890,0,47.5052,-121.906,1610,23142,25890,24752,3890,8,8
4,1.75,1500,8400,1,0,0,3,7,1200,300,47.4531,-122.273,1780,9913,9900,11693,1500,58,58
3,1.75,1830,5120,1,0,2,5,8,1830,0,47.6051,-122.311,2120,5120,6950,7240,1830,111,111
5,2.75,2860,6000,2,0,0,4,8,2380,480,47.5906,-122.316,2240,6000,8860,8240,2860,112,112
3,3.5,1522,1465,2,0,0,3,8,1248,274,47.6922,-122.375,1522,1341,2987,2863,1522,8,8
4,2.5,2380,5000,2,0,0,3,8,2380,0,47.3608,-122.036,2420,5000,7380,7420,2380,9,9
4,2.5,2300,41167,2,0,0,3,7,2300,0,47.3412,-122.108,2300,21765,43467,24065,2300,26,26
5,2.75,2350,4178,1,0,0,3,8,1520,830,47.6388,-122.3,1920,4178,6528,6098,2350,92,-1
5,2.25,2760,6350,1,0,0,3,7,1380,1380,47.5561,-122.379,2060,6342,9110,8402,2760,57,57
3,1.5,1290,8175,1,0,0,4,7,820,470,47.6296,-122.205,2130,8577,9465,10707,1290,62,62
3,1.5,1120,11430,1,0,0,4,7,1120,0,47.4105,-122.194,1790,8760,12550,10550,1120,51,51
4,2.5,2280,14290,1,0,0,4,7,1510,770,47.7054,-122.297,2140,9890,16570,12030,2280,72,72
3,1.75,1255,1113,3,0,0,3,8,1255,0,47.6958,-122.343,1010,1038,2368,2048,1255,4,4
3,1.75,1440,7112,1,0,0,3,7,1180,260,47.7304,-122.227,1570,9152,8552,10722,1440,35,35
4,3.5,3230,7200,1,0,1,3,10,1640,1590,47.6838,-122.212,2660,7200,10430,9860,3230,14,14
3,2,1470,8000,1,0,0,4,8,1470,0,47.3191,-122.385,1980,8000,9470,9980,1470,40,40
3,2.5,3230,5000,2,0,2,5,8,2430,800,47.7011,-122.389,1820,5000,8230,6820,3230,69,69
3,1.75,1960,43995,1,0,0,3,7,1960,0,47.4915,-122.106,1960,42253,45955,44213,1960,45,45
3,2.5,1690,1553,2,0,0,3,8,1690,0,47.6443,-122.385,1910,1553,3243,3463,1690,7,7
2,1,1040,5765,1,0,0,3,7,1040,0,47.7024,-122.346,1040,3844,6805,4884,1040,70,70
2,1,1060,5144,1,0,0,5,6,1060,0,47.3613,-122.088,1130,5200,6204,6330,1060,45,45
3,2.5,1760,10137,2,0,0,3,8,1760,0,47.355,-122.059,2000,6935,11897,8935,1760,5,5
4,1,3390,4500,1,0,0,3,8,2190,1200,47.5824,-122.293,2030,4872,7890,6902,3390,90,0
2,2,1190,1303,2,0,0,3,8,800,390,47.6675,-122.368,1670,2425,2493,4095,1190,6,6
4,2.5,2340,6896,2,0,0,3,7,2340,0,47.4896,-122.14,2950,6775,9236,9725,2340,13,13
2,1,1160,17700,1,0,0,3,7,1160,0,47.7244,-122.331,1440,9000,18860,10440,1160,68,68
3,1.5,1520,6805,1,0,0,4,7,1040,480,47.2907,-122.367,1440,7041,8325,8481,1520,34,34
3,2.5,2510,4600,2,0,2,3,10,2510,0,47.7051,-122.223,2560,7500,7110,10060,2510,8,8
2,2.5,1560,5333,1,0,0,3,5,780,780,47.4749,-122.213,1010,4800,6893,5810,1560,68,68
3,2,1300,2250,2,0,0,3,7,1300,0,47.6923,-122.332,1300,4500,3550,5800,1300,26,26
4,2,1650,5000,1,0,0,3,7,1650,0,47.6781,-122.374,1690,2276,6650,3966,1650,59,59
3,2.5,3080,13880,2,0,0,3,9,3080,0,47.3726,-122.025,2780,15318,16960,18098,3080,25,25
4,3,2770,2650,2,0,0,3,9,2180,590,47.6435,-122.354,1820,2960,5420,4780,2770,0,0
2,1,1790,15783,1,0,0,4,8,1360,430,47.691,-122.387,1790,7494,17573,9284,1790,56,56
3,2.5,2220,2550,3,0,2,3,10,2220,0,47.6963,-122.393,2200,5610,4770,7810,2220,24,24
3,2,1440,3218,1,0,0,3,7,850,590,47.5655,-122.36,1170,5000,4658,6170,1440,7,7
3,1,1340,7191,1,0,0,3,7,1340,0,47.7148,-122.212,1340,7215,8531,8555,1340,41,41
4,2.5,2290,13416,2,0,0,4,9,2290,0,47.6194,-122.151,2680,13685,15706,16365,2290,33,33
4,3.5,3100,2261,2,0,2,3,9,2250,850,47.6512,-122.202,2660,2000,5361,4660,3100,34,34
3,1,1400,4914,1,0,0,3,7,1400,0,47.681,-122.364,1400,3744,6314,5144,1400,85,85
3,2.75,2680,20104,1,0,0,5,9,1820,860,47.6304,-122.234,3060,19837,22784,22897,2680,50,50
4,2.5,2990,9374,2,0,0,3,9,2990,0,47.6287,-122.024,2440,8711,12364,11151,2990,11,11
5,3.25,4150,7100,2,0,0,3,10,4150,0,47.6026,-122.06,3560,7214,11250,10774,4150,1,1
4,2.5,3000,10920,1,0,0,4,8,1550,1450,47.5347,-122.227,2380,10920,13920,13300,3000,45,45
2,1,820,681,3,0,0,3,8,820,0,47.6619,-122.352,820,1156,1501,1976,820,8,8
6,4.5,4000,7500,2,0,0,3,7,4000,0,47.6146,-122.306,1380,6298,11500,7678,4000,36,36
4,3,4260,18687,2,0,0,3,11,4260,0,47.5874,-121.982,3490,16772,22947,20262,4260,18,18
4,2.5,2300,7314,1,0,0,4,8,1420,880,47.7671,-122.33,2010,7314,9614,9324,2300,35,35
4,4,3010,7221,2,0,0,3,10,3010,0,47.5833,-121.97,3490,7518,10231,11008,3010,10,10
4,2.25,2240,11034,2,0,0,3,8,2240,0,47.5894,-122.195,2300,11550,13274,13850,2240,38,38
4,2.75,3130,139392,2,0,0,4,9,3130,0,47.3535,-122.19,2720,104544,142522,107264,3130,33,33
3,2.5,1380,1547,3,0,0,3,8,1380,0,47.6908,-122.341,1380,1465,2927,2845,1380,15,15
5,2.5,3070,7200,2,0,0,3,8,3070,0,47.4939,-122.137,2590,7200,10270,9790,3070,10,10
3,1.75,3670,11884,1,0,2,4,9,1950,1720,47.5604,-122.133,3020,9747,15554,12767,3670,35,35
3,2.25,2120,15003,2,0,0,3,7,2120,0,47.4745,-122.12,2070,15203,17123,17273,2120,30,30
4,2.5,2570,9086,2,0,0,3,9,2570,0,47.6373,-122.064,2760,6733,11656,9493,2570,15,15
4,2.25,1920,8259,2,0,0,4,8,1920,0,47.5616,-122.088,2030,8910,10179,10940,1920,35,35
2,1.5,1290,5141,1,0,0,4,7,1050,240,47.6878,-122.29,1290,5406,6431,6696,1290,68,68
2,2.25,2080,11285,1,0,0,4,8,1180,900,47.3628,-122.147,2590,13048,13365,15638,2080,61,61
3,1,1290,10125,1,0,0,4,7,1290,0,47.7641,-122.265,1760,14460,11415,16220,1290,58,58
3,2.5,1530,8500,1,0,0,5,7,1030,500,47.3592,-122.046,1850,8140,10030,9990,1530,19,19
5,3.5,3150,4120,2,0,0,3,8,2460,690,47.6754,-122.315,2080,4160,7270,6240,3150,103,7
4,1.5,1470,5850,1,0,0,4,7,810,660,47.7,-122.129,1290,7300,7320,8590,1470,42,42
4,1,1160,20100,1,0,0,4,6,820,340,47.5175,-122.201,1670,10200,21260,11870,1160,101,101
3,1.75,1960,15681,1,0,0,3,7,1960,0,47.3576,-122.277,1750,15616,17641,17366,1960,48,48
2,1.75,1180,904,2,0,0,3,10,780,400,47.6396,-122.329,1380,3610,2084,4990,1180,0,0
3,2.5,2010,11618,2,0,0,3,7,2010,0,47.1956,-121.985,1550,9354,13628,10904,2010,24,24
4,2.75,2980,42253,1,0,0,4,9,1860,1120,47.6392,-122.163,2980,42253,45233,45233,2980,41,41
3,2.25,1570,1680,3,0,0,3,8,1570,0,47.6585,-122.348,1290,1870,3250,3160,1570,0,0
2,1,1120,2000,1,0,0,3,7,1120,0,47.6454,-122.354,1500,4000,3120,5500,1120,104,104
4,1.75,1650,7276,1,0,0,3,7,1010,640,47.7721,-122.206,1840,8550,8926,10390,1650,38,38
5,2.75,3180,9255,2,0,0,3,9,3180,0,47.6232,-122.023,3180,7782,12435,10962,3180,1,1
3,2.25,1720,9435,1,0,0,4,7,1220,500,47.2979,-122.377,1690,7215,11155,8905,1720,37,37
5,4,2900,9779,2,0,0,4,7,1950,950,47.5003,-122.306,1360,8000,12679,9360,2900,77,77
2,1,1020,6380,1,0,0,3,7,1020,0,47.6971,-122.317,1380,6380,7400,7760,1020,84,41
5,2.5,3200,17204,1,0,0,3,7,2160,1040,47.6209,-122.222,4090,15732,20404,19822,3200,62,62
2,1.75,1340,7380,1,0,0,3,6,1340,0,47.4785,-122.229,1980,9600,8720,11580,1340,74,74
4,1.75,1540,8311,1,0,0,4,7,1540,0,47.7046,-122.293,1890,7996,9851,9886,1540,64,64
3,2.25,1530,12000,1,0,0,3,7,1070,460,47.2715,-122.338,2140,13636,13530,15776,1530,36,36
3,1.75,1160,5850,1,0,0,4,6,1160,0,47.5064,-122.356,1110,8382,7010,9492,1160,97,97
3,2.5,1750,7490,1,0,0,4,7,1180,570,47.3746,-122.149,1570,7490,9240,9060,1750,35,35
3,2.5,1990,12866,2,0,0,4,7,1990,0,47.7477,-122.17,2310,8803,14856,11113,1990,28,28
2,1.5,1000,1251,2,0,0,3,7,930,70,47.6529,-122.384,1420,1187,2251,2607,1000,8,8
4,2.25,2250,3463,2,0,0,4,8,2250,0,47.6324,-122.106,1850,2811,5713,4661,2250,46,46
3,2,1650,5027,1,0,0,3,7,1650,0,47.515,-121.874,2430,6000,6677,8430,1650,6,6
3,2.5,3280,29111,2,1,3,3,11,3280,0,47.6699,-122.416,3530,21074,32391,24604,3280,89,89
3,2.25,1640,3896,2,0,0,3,8,1640,0,47.5689,-122.006,1780,3999,5536,5779,1640,20,20
2,1,900,4600,1,0,0,3,6,900,0,47.6918,-122.361,1060,4600,5500,5660,900,63,63
4,2.5,2480,5000,2,0,0,3,7,2480,0,47.6811,-122.035,2410,5000,7480,7410,2480,10,10
3,2.25,2120,9804,2,0,0,3,7,2120,0,47.3596,-122.16,2120,7200,11924,9320,2120,21,21
4,3,3180,12070,2,0,0,4,9,3180,0,47.6371,-122.058,3110,12600,15250,15710,3180,38,38
5,2.25,2960,7680,1,0,2,5,8,1550,1410,47.6456,-122.389,2860,7680,10640,10540,2960,56,56
4,2.5,3420,17038,2,0,0,3,9,3420,0,47.718,-122.241,2520,14190,20458,16710,3420,7,7
4,2.5,2950,43560,1,0,2,4,9,2550,400,47.5988,-122.207,3260,41016,46510,44276,2950,64,64
5,1.75,3380,20021,1,0,0,4,8,1690,1690,47.6395,-122.211,3260,19809,23401,23069,3380,51,51
1,1,700,2550,1,0,0,3,6,700,0,47.6783,-122.383,1330,4110,3250,5440,700,61,61
3,2.5,3040,6255,2,0,0,3,7,3040,0,47.3817,-122.206,2670,6259,9295,8929,3040,16,16
3,2,1230,11502,1,0,0,4,7,1230,0,47.7017,-122.127,1660,11727,12732,13387,1230,30,30
3,1,1530,4944,1,0,0,3,7,1530,0,47.6857,-122.341,1500,4944,6474,6444,1530,64,64
5,1.5,2240,6337,1,0,0,3,8,1280,960,47.7046,-122.316,1870,6380,8577,8250,2240,58,58
4,2.25,2420,36680,2,0,0,4,8,2420,0,47.4663,-122.006,2410,36680,39100,39090,2420,38,38
4,2.5,2506,6232,2,0,0,3,7,2506,0,47.3734,-122.182,2070,8260,8738,10330,2506,9,9
3,1.75,2000,9416,1,0,0,4,6,2000,0,47.697,-122.175,1440,9555,11416,10995,2000,53,53
4,2.5,2540,8400,2,0,0,5,7,2540,0,47.3754,-122.277,1600,8050,10940,9650,2540,37,37
5,3.75,4220,15959,2,0,0,3,11,4220,0,47.5869,-121.967,4630,16531,20179,21161,4220,10,10
3,1,1060,4650,1,0,0,3,7,910,150,47.5784,-122.393,1480,4750,5710,6230,1060,65,65
3,1.5,1740,9038,1,0,0,4,7,1740,0,47.5897,-122.136,1390,9770,10778,11160,1740,59,59
3,3.5,3380,3333,3,0,0,3,10,2800,580,47.6162,-122.288,2790,5000,6713,7790,3380,6,6
4,1.75,1500,11600,1,0,0,4,7,1000,500,47.7373,-122.241,1740,11600,13100,13340,1500,59,59
1,1,2880,7560,1,0,0,3,7,1440,1440,47.537,-122.375,1400,5040,10440,6440,2880,89,0
8,2.75,4040,20666,1,0,0,4,9,2020,2020,47.634,-122.221,3670,20500,24706,24170,4040,52,52
3,1.75,2030,217800,1,0,2,4,8,2030,0,47.2618,-122.12,2570,216057,219830,218627,2030,37,37
2,2,2370,217800,1,0,0,3,7,1600,770,47.5007,-122.088,2370,157687,220170,160057,2370,22,22
3,1,1340,9339,1,0,0,5,7,1340,0,47.5407,-122.177,1310,9350,10679,10660,1340,54,54
3,2.5,1670,4308,2,0,0,3,8,1670,0,47.5307,-122.047,1670,2897,5978,4567,1670,13,13
2,1.75,1800,7191,1,0,3,4,7,990,810,47.4828,-122.191,1940,7400,8991,9340,1800,63,63
3,2.5,1639,2710,2,0,0,3,8,1479,160,47.5924,-122.294,1580,1733,4349,3313,1639,11,11
3,1.75,1510,8400,1,0,0,2,7,980,530,47.4476,-121.771,1500,10125,9910,11625,1510,36,36
2,1.5,840,867,2,0,0,3,7,840,0,47.6955,-122.304,840,1322,1707,2162,840,9,9
1,1,810,2451,1,0,0,5,7,810,0,47.5188,-122.376,980,1198,3261,2178,810,73,73
3,1,880,10800,1,0,0,3,6,880,0,47.4949,-122.338,1100,8820,11680,9920,880,73,73
3,1.5,1150,8450,1,0,0,4,6,1150,0,47.4927,-122.224,1160,6800,9600,7960,1150,63,63
3,1.5,960,6497,1,0,0,4,7,960,0,47.3018,-122.378,1160,7080,7457,8240,960,45,45
3,2,2020,5500,1,0,3,3,10,1790,230,47.6388,-122.409,2580,5500,7520,8080,2020,77,77
3,3,3030,35123,2,0,0,4,8,1760,1270,47.4694,-122.006,2810,36205,38153,39015,3030,30,30
3,1,1510,15022,1,0,0,3,7,1510,0,47.3304,-122.304,1510,12970,16532,14480,1510,52,52
4,2.5,2669,5385,2,0,0,3,9,2669,0,47.3262,-122.165,2669,4645,8054,7314,2669,1,1
4,1.75,2120,8520,1,0,0,3,7,1600,520,47.302,-122.373,2160,8400,10640,10560,2120,37,37
3,1,1130,7500,1,0,0,3,7,880,250,47.6973,-122.389,2190,5250,8630,7440,1130,67,67
3,1.5,1790,7526,1,0,0,3,7,1790,0,47.6387,-122.207,2080,10943,9316,13023,1790,61,0
3,2.25,1950,8868,1,0,0,3,7,1350,600,47.7538,-122.312,1300,8880,10818,10180,1950,50,50
4,2.5,3180,13118,2,0,0,4,11,3180,0,47.5382,-122.23,3070,12861,16298,15931,3180,28,28
3,1,1170,3330,2,0,0,4,6,1170,0,47.3155,-122.182,1090,3330,4500,4420,1170,45,45
3,2.5,2590,21494,2,0,0,4,8,2590,0,47.6139,-122.061,2590,10720,24084,13310,2590,23,23
4,0.5,2300,5570,2,0,0,3,8,2300,0,47.3285,-122.168,1820,6371,7870,8191,2300,18,18
4,2,1360,2746,1,0,0,3,7,1360,0,47.6736,-122.39,1960,2746,4106,4706,1360,69,3
4,2.5,2100,4237,2,0,0,3,8,2100,0,47.3901,-122.174,2100,4575,6337,6675,2100,8,8
2,1,1080,5000,1,0,0,3,7,1080,0,47.5682,-122.359,1010,5000,6080,6010,1080,60,60
5,2.25,1700,13500,1,0,0,4,7,1700,0,47.4611,-122.067,1810,14550,15200,16360,1700,53,53
4,2.5,1930,8660,1,0,0,3,7,1120,810,47.3261,-122.26,1830,9591,10590,11421,1930,33,33
4,1.5,1930,15531,2,0,0,3,7,1930,0,47.345,-122.296,1580,7800,17461,9380,1930,35,35
4,1,1440,9600,1,0,0,2,7,1440,0,47.3168,-122.264,1740,43560,11040,45300,1440,51,51
3,1.75,1330,9417,1,0,0,5,6,710,620,47.7231,-122.301,1690,7937,10747,9627,1330,78,78
3,1.75,2290,19000,1,0,0,4,9,1650,640,47.3837,-122.158,2900,13034,21290,15934,2290,42,42
4,2,1170,4000,1,0,0,3,7,1170,0,47.5797,-122.305,1720,4000,5170,5720,1170,60,60
2,1,770,8149,1,0,0,3,6,770,0,47.7467,-122.3,880,8149,8919,9029,770,67,67
3,2.25,2280,200811,1,0,0,3,7,2280,0,47.6522,-121.941,2280,206038,203091,208318,2280,36,36
4,2.25,3040,5000,2,0,3,4,9,2080,960,47.6565,-122.278,2870,5000,8040,7870,3040,88,88
3,2.5,1910,66211,2,0,0,3,7,1910,0,47.5385,-121.911,2330,67268,68121,69598,1910,18,18
5,2.5,3220,10572,2,0,0,3,8,3220,0,47.7268,-121.957,2890,9090,13792,11980,3220,9,9
3,2.5,1850,4600,2,0,0,3,7,1850,0,47.4661,-122.145,2160,4751,6450,6911,1850,9,9
3,2,1370,8336,1,0,0,5,7,1370,0,47.7458,-122.331,1770,7288,9706,9058,1370,50,50
3,2.25,2100,20018,1,0,4,3,8,1470,630,47.4544,-122.366,2410,17196,22118,19606,2100,66,66
3,1.75,1610,10229,1,0,0,5,8,1610,0,47.553,-122.174,2270,8800,11839,11070,1610,54,54
4,1.5,1810,7998,1,0,0,3,8,1210,600,47.726,-122.297,1830,7763,9808,9593,1810,55,55
5,3,3340,10796,1,0,2,3,9,2120,1220,47.5421,-122.229,3290,12955,14136,16245,3340,51,25
4,2.5,3340,34238,1,0,0,4,8,2060,1280,47.7654,-122.076,2400,36590,37578,38990,3340,37,37
4,2,1750,8116,1,0,0,4,5,1750,0,47.5097,-122.181,1440,7865,9866,9305,1750,71,71
3,1.75,1200,8034,1,0,0,5,7,1200,0,47.4135,-122.18,1270,7600,9234,8870,1200,40,40
4,2.5,3130,21100,1,0,4,3,9,2530,600,47.7598,-122.372,3680,23000,24230,26680,3130,59,59
5,3,2110,5260,2,0,0,3,7,1670,440,47.5449,-122.272,2110,5260,7370,7370,2110,12,12
3,2.25,2540,9961,1,0,0,4,8,1320,1220,47.41,-122.208,1870,10251,12501,12121,2540,45,45
3,2,1660,8174,1,0,0,3,7,830,830,47.7103,-122.199,1610,9318,9834,10928,1660,33,33
3,2.5,2040,4348,2,0,0,4,8,2040,0,47.3517,-121.999,2380,4348,6388,6728,2040,8,8
3,0.75,2510,20000,2,0,0,4,7,2510,0,47.2871,-122.287,2130,20000,22510,22130,2510,54,54
2,1.75,1780,224769,1,0,0,4,8,1780,0,47.4158,-122.002,2060,71560,226549,73620,1780,39,39
2,1,780,5300,1,0,0,3,6,780,0,47.513,-122.354,780,5300,6080,6080,780,74,74
4,2.75,2200,9676,1,0,0,3,8,1500,700,47.7713,-122.259,2120,9585,11876,11705,2200,35,35
3,2.5,2420,6847,2,0,0,3,9,2420,0,47.7329,-122.356,1180,8100,9267,9280,2420,6,6
5,2,2740,3838,1,0,0,4,7,1370,1370,47.6819,-122.393,1660,4040,6578,5700,2740,55,55
3,3,2240,10479,2,0,0,4,7,1710,530,47.5529,-122.356,1530,5244,12719,6774,2240,64,64
4,3.5,4730,13586,1,0,0,5,10,4270,460,47.6319,-122.288,3710,8828,18316,12538,4730,79,79
3,1,1410,7419,1,0,0,3,7,1050,360,47.534,-122.173,1800,8000,8829,9800,1410,46,46
5,3,2750,3800,1,0,0,5,7,1750,1000,47.6845,-122.313,1900,3800,6550,5700,2750,89,89
3,1,1350,92721,1,0,0,2,6,1200,150,47.4657,-122.198,1860,8096,94071,9956,1350,69,69
4,1.75,2630,11213,1,0,2,4,8,1430,1200,47.7158,-122.366,2240,15186,13843,17426,2630,66,66
2,2.5,1760,3710,1,0,0,3,8,1130,630,47.7335,-122.16,1760,4200,5470,5960,1760,26,26
4,1.5,1780,8000,2,0,0,4,6,1080,700,47.3124,-122.003,1750,9147,9780,10897,1780,115,19
3,1,1330,6900,1,0,0,3,7,1330,0,47.3033,-122.381,1530,7000,8230,8530,1330,38,38
3,2,1310,7332,1,0,0,3,7,1310,0,47.3597,-122.051,1530,7362,8642,8892,1310,27,27
2,1,1280,4635,1,0,0,3,6,840,440,47.5532,-122.28,1660,6180,5915,7840,1280,98,98
4,2.5,3770,10893,2,0,2,3,11,3770,0,47.5646,-122.129,3710,9685,14663,13395,3770,17,17
3,2.25,1960,2345,2,0,0,3,7,1750,210,47.5419,-122.288,1760,1958,4305,3718,1960,11,11
2,1.75,1240,6417,1,0,0,5,7,1240,0,47.5439,-122.379,1800,6417,7657,8217,1240,90,90
3,3,2100,2409,2,0,0,3,8,1660,440,47.5973,-122.298,1900,2400,4509,4300,2100,6,6
4,2.75,4190,38912,1,0,0,4,9,2040,2150,47.6472,-122.157,3050,36884,43102,39934,4190,49,49
3,1,1450,7850,1,0,0,5,7,1450,0,47.4299,-122.199,1360,10400,9300,11760,1450,104,104
3,2,1410,7566,1,0,0,3,7,1410,0,47.3674,-122.182,1570,7210,8976,8780,1410,29,29
3,2.25,1670,6240,1,0,0,4,8,1240,430,47.6413,-122.113,1910,7000,7910,8910,1670,41,41
5,2,3920,5250,1,0,0,5,7,2560,1360,47.5798,-122.294,1830,4240,9170,6070,3920,104,104
3,1.75,1620,7500,1,0,0,3,7,1220,400,47.4815,-122.162,1470,7938,9120,9408,1620,34,34
5,1,1940,8875,1,0,0,3,7,1940,0,47.4407,-122.275,1380,8875,10815,10255,1940,57,57
2,1,1396,111949,1,0,0,3,7,1396,0,47.6374,-122.007,2020,111949,113345,113969,1396,74,17
6,2.75,2300,24773,1,0,0,4,9,2300,0,47.5833,-122.242,2720,11740,27073,14460,2300,64,29
3,1.75,1720,9775,1,0,0,3,8,1720,0,47.3731,-122.286,1970,8400,11495,10370,1720,36,36
3,2.5,2930,19900,1,0,0,3,9,2930,0,47.7234,-122.066,3160,20492,22830,23652,2930,31,31
4,1.75,2520,7770,1,0,0,3,8,1680,840,47.7721,-122.372,2340,7770,10290,10110,2520,49,49
3,1.75,1850,6869,1,0,2,5,6,1100,750,47.4648,-122.363,1850,10096,8719,11946,1850,95,80
3,1,1210,5200,1,0,0,3,6,1210,0,47.531,-122.373,890,5200,6410,6090,1210,74,74
4,2.5,2840,6268,2,0,0,3,9,2840,0,47.7386,-122.235,2790,6526,9108,9316,2840,16,16
3,3,2480,14141,1,0,0,3,8,1500,980,47.3778,-122.033,2480,10667,16621,13147,2480,20,20
4,3,2750,7500,1,0,0,5,8,1630,1120,47.7134,-122.361,2440,7500,10250,9940,2750,48,48
2,0.75,1060,48292,1,1,2,5,6,560,500,47.4285,-122.511,750,80201,49352,80951,1060,67,67
4,1,1480,8321,1,0,0,3,7,1080,400,47.7629,-122.318,1580,8502,9801,10082,1480,62,62
4,1,1300,6030,1,0,0,3,6,1300,0,47.4778,-122.286,1240,6900,7330,8140,1300,67,67
4,2,2120,11479,1,0,0,4,7,1060,1060,47.7084,-122.303,1540,11000,13599,12540,2120,74,74
3,2.25,1430,4777,2,0,0,3,7,1430,0,47.4867,-122.152,1639,3854,6207,5493,1430,4,4
3,1.5,1830,8000,1,0,0,4,7,1830,0,47.6017,-122.122,1310,7500,9830,8810,1830,57,57
4,2.5,2580,3436,2,0,0,3,8,2580,0,47.6853,-122.21,1780,5772,6016,7552,2580,2,2
3,2.5,3110,123710,2,0,0,3,8,2430,680,47.3879,-122.002,2420,92782,126820,95202,3110,20,20
4,5.5,6530,871200,2,0,2,3,11,6530,0,47.664,-121.878,1280,858132,877730,859412,6530,7,7
3,2,2250,8800,1,0,0,4,7,1250,1000,47.5737,-122.409,2250,4800,11050,7050,2250,89,89
4,4,2630,59586,1,0,0,3,7,1470,1160,47.4496,-122.209,2230,5715,62216,7945,2630,52,52
4,2.5,2520,5000,2,0,0,3,9,2520,0,47.5524,-121.992,2910,5001,7520,7911,2520,10,10
3,1,1380,5864,1,0,0,3,7,790,590,47.7049,-122.339,1509,5864,7244,7373,1380,71,71
3,2.5,1810,3930,2,0,0,3,8,1810,0,47.7169,-122.02,1560,5100,5740,6660,1810,7,7
4,4,4130,5575,2,1,4,4,10,2860,1270,47.5968,-122.083,2980,5575,9705,8555,4130,21,21
3,1,1460,10000,1,0,0,3,7,1460,0,47.6214,-122.063,1910,10000,11460,11910,1460,12,12
3,2.5,3490,8343,2,1,4,4,9,2150,1340,47.7265,-122.281,2990,13104,11833,16094,3490,75,23
4,2,1870,8750,1,0,2,3,7,1870,0,47.1985,-122.001,1770,8207,10620,9977,1870,37,37
4,3.25,4160,10335,2,0,0,3,10,4160,0,47.6235,-122.192,1840,10333,14495,12173,4160,1,1
3,2,1060,11765,1,0,0,4,6,1060,0,47.7333,-122.302,1500,9151,12825,10651,1060,64,64
4,2,2120,7806,1,0,0,4,6,1770,350,47.6859,-122.166,1560,9920,9926,11480,2120,66,66
3,2.25,2550,9674,1,0,0,3,7,1850,700,47.4856,-122.247,2240,9674,12224,11914,2550,55,55
3,2.5,1480,1171,3,0,0,3,8,1480,0,47.62,-122.3,1480,1231,2651,2711,1480,8,8
3,1.75,1750,11180,1,0,0,3,8,1750,0,47.4713,-122.117,1730,11180,12930,12910,1750,46,46
4,2,2920,10424,1,0,0,5,8,1520,1400,47.5876,-122.172,2360,10696,13344,13056,2920,51,51
2,1.75,1910,12142,1,0,0,3,9,1910,0,47.6276,-122.053,2580,12326,14052,14906,1910,38,38
4,1.75,1700,7800,1,0,0,4,8,1700,0,47.651,-122.119,2430,8342,9500,10772,1700,39,39
4,2,2530,5650,1,0,0,4,8,1910,620,47.5778,-122.382,1310,5750,8180,7060,2530,104,104
3,3.25,1860,1787,3,0,0,3,8,1860,0,47.7563,-122.316,1830,1787,3647,3617,1860,7,7
4,2.25,2040,9565,1,0,0,3,8,1400,640,47.7356,-122.335,1890,8580,11605,10470,2040,56,56
6,2.75,3040,36721,1,0,3,4,9,1760,1280,47.4488,-122.356,2420,21075,39761,23495,3040,56,56
3,2.5,1980,7807,2,0,0,4,9,1980,0,47.6884,-122.204,1590,7579,9787,9169,1980,25,25
3,1,2090,4755,1,0,2,3,8,1200,890,47.5304,-122.387,1850,5300,6845,7150,2090,45,45
4,2.5,3360,13636,2,0,0,3,10,3360,0,47.6373,-122.042,2980,10615,16996,13595,3360,27,27
3,1,1600,3200,1,0,0,3,7,1600,0,47.653,-122.331,1860,3420,4800,5280,1600,105,105
3,1.75,1440,7200,1,0,0,3,7,1440,0,47.4473,-122.284,1640,9167,8640,10807,1440,29,29
3,2.5,2280,213879,2,0,0,3,8,2280,0,47.4213,-122.033,2380,178160,216159,180540,2280,20,20
2,1,670,5140,1,0,0,3,6,670,0,47.5387,-122.371,850,5140,5810,5990,670,88,88
3,2,1600,9638,1,0,0,5,7,1600,0,47.5753,-122.224,1800,11400,11238,13200,1600,63,63
3,2.5,1910,3075,2,0,0,3,8,1910,0,47.5491,-122.005,1940,3485,4985,5425,1910,14,14
4,1.5,1510,6460,1,0,0,3,7,1070,440,47.7121,-122.214,1450,6630,7970,8080,1510,44,44
3,1.75,1850,22767,1,0,4,5,6,1850,0,47.6144,-122.067,2700,17906,24617,20606,1850,107,107
3,1,1700,4165,1,0,0,3,7,1700,0,47.5569,-122.277,1400,4165,5865,5565,1700,97,97
3,2.25,1860,9210,2,0,0,3,7,1860,0,47.3864,-122.03,1530,8091,11070,9621,1860,20,20
3,2,1280,6994,1,0,0,3,7,1280,0,47.3889,-122.048,1290,7514,8274,8804,1280,24,24
4,2.25,1660,7350,1,0,0,3,8,1660,0,47.6263,-122.124,1790,7455,9010,9245,1660,49,0
3,2.5,1780,1729,2,0,0,3,8,1080,700,47.6594,-122.355,1780,1741,3509,3521,1780,7,7
2,2.5,750,1430,2,0,0,3,8,750,0,47.6093,-122.31,1320,2790,2180,4110,750,8,8
5,1.5,1930,4500,1,0,0,3,8,1930,0,47.6401,-122.303,2083,4500,6430,6583,1930,86,86
3,1.75,1350,7200,1,0,0,5,7,1350,0,47.713,-122.284,1100,7200,8550,8300,1350,60,60
3,2.5,2670,10082,1,0,0,3,10,2670,0,47.6359,-122.045,2740,10854,12752,13594,2670,27,27
4,2.5,3100,5700,2,0,0,3,9,3100,0,47.3696,-122.058,3060,6000,8800,9060,3100,4,4
4,2.25,2330,10451,2,0,0,4,8,2330,0,47.6044,-122.168,1880,8400,12781,10280,2330,49,49
3,1,1170,7350,1,0,0,4,7,1170,0,47.625,-122.117,1170,7350,8520,8520,1170,55,55
2,1,1330,5510,1,0,0,3,6,850,480,47.6901,-122.362,1200,4150,6840,5350,1330,104,104
3,2.5,2000,9202,2,0,0,4,7,2000,0,47.3516,-122.057,1750,7827,11202,9577,2000,22,22
4,2.25,3320,20100,1,0,0,4,8,1810,1510,47.5566,-122.153,2450,9821,23420,12271,3320,34,34
3,1.5,1150,8686,1,0,0,4,7,1150,0,47.4417,-122.194,1760,8798,9836,10558,1150,51,51
3,2.25,2950,8036,1,0,0,3,8,1950,1000,47.7239,-122.313,2060,7200,10986,9260,2950,51,51
3,1.75,1650,7700,1,0,0,4,8,1650,0,47.3155,-122.365,2020,7700,9350,9720,1650,38,38
3,1,1730,21183,1,0,0,3,7,1030,700,47.5024,-122.332,1610,13000,22913,14610,1730,60,60
4,1,2550,4000,2,0,0,3,8,2370,180,47.6354,-122.353,2200,4000,6550,6200,2550,109,109
3,2,1360,2500,1,0,0,3,7,730,630,47.6753,-122.363,1630,5000,3860,6630,1360,28,28
3,1.75,1790,6980,1,0,0,3,7,1330,460,47.7311,-122.226,1770,8081,8770,9851,1790,34,34
4,2.5,2310,5100,2,0,0,3,9,2310,0,47.7039,-122.36,1260,5100,7410,6360,2310,1,1
3,1,970,8378,1,0,0,4,6,970,0,47.3078,-122.365,1050,8563,9348,9613,970,53,53
2,2,1370,1339,2,0,0,4,8,1150,220,47.6021,-122.295,1370,1339,2709,2709,1370,9,9
2,1.5,2060,7713,1,0,0,4,7,2060,0,47.3722,-122.185,1780,7713,9773,9493,2060,85,85
5,1.75,2080,217800,1,0,0,5,7,2080,0,47.3884,-122.404,1670,213008,219880,214678,2080,51,51
4,2.75,3180,13348,2,0,0,3,8,3020,160,47.7439,-121.977,3020,10029,16528,13049,3180,10,10
5,2.5,2990,7292,2,0,0,4,8,2990,0,47.3604,-122.091,2150,8190,10282,10340,2990,24,24
3,1,1400,9460,1,0,0,3,7,1060,340,47.5119,-122.321,1570,7700,10860,9270,1400,53,53
3,2,1810,4064,1,0,0,3,7,1810,0,47.6859,-122.339,1518,2945,5874,4463,1810,89,89
3,2.5,1730,1301,3,0,0,3,9,1730,0,47.653,-122.352,1330,1240,3031,2570,1730,3,3
3,2.75,1810,3292,2,0,0,3,8,1810,0,47.5164,-121.877,1810,2769,5102,4579,1810,0,0
4,2.25,2500,8500,1,0,0,4,8,1600,900,47.5615,-122.131,2290,8927,11000,11217,2500,36,36
3,2,1820,17600,1,0,0,5,7,1820,0,47.4703,-122.112,2190,17440,19420,19630,1820,42,42
3,2,1710,134489,1,0,2,5,7,1710,0,47.2207,-121.984,1700,63823,136199,65523,1710,62,62
5,6,6880,279968,2,0,3,3,12,4070,2810,47.4624,-121.779,4690,256803,286848,261493,6880,7,7
3,2,2270,11989,1,0,0,4,9,2270,0,47.5434,-122.229,2880,12439,14259,15319,2270,46,46
4,2.5,3300,10514,2,0,0,3,10,3300,0,47.6323,-122.036,2820,11462,13814,14282,3300,31,31
4,2.75,3040,7274,2,0,3,3,9,2320,720,47.7184,-122.28,2830,10080,10314,12910,3040,28,28
3,2.5,1740,10050,2,0,0,3,7,1740,0,47.2671,-122.236,1300,10125,11790,11425,1740,25,25
3,1.75,2540,8280,1,0,0,3,7,1270,1270,47.7219,-122.358,1950,8280,10820,10230,2540,66,66
6,2.25,3830,11180,1,0,2,5,9,2440,1390,47.5849,-122.113,2500,10400,15010,12900,3830,52,52
4,2.5,2760,6440,2,0,0,3,10,2760,0,47.5836,-122.026,3070,8127,9200,11197,2760,15,15
3,1.75,2100,6874,1,0,0,3,7,1300,800,47.6724,-122.279,2220,5912,8974,8132,2100,71,71
6,3,2880,7560,2,0,0,3,7,2880,0,47.5959,-122.3,1470,1815,10440,3285,2880,34,34
2,1.5,830,1858,2,0,0,3,7,830,0,47.5828,-122.314,1480,3030,2688,4510,830,9,9
2,1,1010,4120,2,0,0,3,6,1010,0,47.488,-122.2,1200,4120,5130,5320,1010,107,61
3,1.75,1410,15120,1,0,0,4,7,1410,0,47.5974,-122.195,1880,15120,16530,17000,1410,65,65
3,2.75,1910,7280,1,0,0,3,7,1160,750,47.7319,-122.224,1710,8152,9190,9862,1910,35,35
2,1,770,8612,1,0,0,3,6,770,0,47.7547,-122.323,1290,8407,9382,9697,770,61,61
2,1,1110,6411,1,0,0,3,6,1110,0,47.4962,-122.242,1150,6504,7521,7654,1110,71,71
3,1,1550,6840,1,0,0,3,7,1550,0,47.6572,-122.335,2370,4560,8390,6930,1550,96,96
3,1.5,1060,9039,1,0,0,3,7,1060,0,47.4293,-122.151,1410,9515,10099,10925,1060,41,1
4,1,1200,43560,1,0,0,3,5,1200,0,47.3375,-122.123,1400,54450,44760,55850,1200,46,46
3,3,2990,30869,2,0,0,3,10,2990,0,47.7602,-122.278,1750,15802,33859,17552,2990,64,12
4,3,3620,403693,2,0,2,3,9,3620,0,47.2527,-121.98,2230,148811,407313,151041,3620,34,34
4,2.5,2110,4178,2,0,0,3,7,2110,0,47.3612,-122.081,2300,4142,6288,6442,2110,2,2
3,2.5,2153,4400,2,0,0,3,8,2153,0,47.2872,-122.283,2434,4400,6553,6834,2153,8,8
4,1.5,2320,5534,1,0,0,4,7,1540,780,47.6944,-122.355,1670,5913,7854,7583,2320,100,100
3,1.75,1470,7590,1,0,0,3,7,1470,0,47.6964,-122.362,1700,5080,9060,6780,1470,26,26
4,2.25,2580,7344,2,0,0,3,8,2580,0,47.5647,-122.09,2390,7507,9924,9897,2580,37,37
4,1.75,1770,12278,1,0,0,3,7,1350,420,47.7004,-122.295,1670,9336,14048,11006,1770,77,77
3,1,1250,8412,1,0,0,4,7,1250,0,47.7012,-122.131,1840,8976,9662,10816,1250,40,40
3,1,1100,17334,1,0,0,3,7,1100,0,47.3003,-122.27,1530,18694,18434,20224,1100,36,36
4,1.75,1690,10854,1,0,0,3,7,1690,0,47.5241,-122.199,2390,7000,12544,9390,1690,37,37
3,1.75,2550,6117,2,0,0,3,9,1650,900,47.6109,-122.285,2100,4967,8667,7067,2550,63,10
4,2.75,3540,13515,2,0,0,3,10,3540,0,47.5945,-121.982,3540,11538,17055,15078,3540,16,16
4,3.5,5270,53428,2,0,0,3,10,3440,1830,47.4358,-122.085,2340,30904,58698,33244,5270,10,10
3,2.5,2490,24691,1,1,4,4,9,1580,910,47.488,-122.364,2800,24121,27181,26921,2490,53,53
3,1,1250,7280,1,0,0,3,7,1250,0,47.3414,-122.286,1450,7350,8530,8800,1250,50,50
3,2.5,2590,4961,2,0,0,3,9,2590,0,47.5271,-122.381,1230,4961,7551,6191,2590,71,8
2,2,1270,3881,1,0,0,4,6,610,660,47.6694,-122.298,1370,5000,5151,6370,1270,89,89
4,1.75,1520,15398,1,0,0,4,7,1370,150,47.5265,-122.05,1840,12500,16918,14340,1520,54,54
3,1,1440,3060,1,0,0,4,7,1440,0,47.6769,-122.307,1440,3570,4500,5010,1440,104,104
2,1,1802,11225,1,0,0,3,7,1802,0,47.7205,-122.323,1810,7332,13027,9142,1802,54,54
4,2.5,3010,9600,1,0,2,3,9,1510,1500,47.5519,-122.156,2780,10000,12610,12780,3010,36,36
4,3.5,2710,5722,2,0,0,4,8,2040,670,47.5591,-122.302,2500,5722,8432,8222,2710,17,17
3,2.75,2015,16807,2,1,4,3,9,2015,0,47.45,-122.377,1780,12310,18822,14090,2015,7,7
3,2.25,1390,6004,2,0,0,3,8,1390,0,47.3536,-122.047,1630,6397,7394,8027,1390,22,22
3,2,1640,9825,1,0,0,4,7,1090,550,47.7244,-122.2,1500,9750,11465,11250,1640,44,44
4,2.5,1990,5511,2,0,0,3,8,1990,0,47.3585,-122.191,1850,6031,7501,7881,1990,20,20
2,1.75,1950,2719,1,0,0,5,7,1010,940,47.6513,-122.346,1360,1256,4669,2616,1950,95,95
4,2.5,2610,7333,2,0,0,3,8,2610,0,47.2721,-122.293,2280,9033,9943,11313,2610,27,27
5,2.75,2550,5040,1,0,0,5,8,2550,0,47.6136,-122.299,1590,3840,7590,5430,2550,112,112
5,3,4350,37169,2,0,0,3,10,2950,1400,47.6518,-122.16,3280,41631,41519,44911,4350,42,42
4,2.5,3080,13870,2,0,0,4,9,3080,0,47.6197,-122.149,2920,12221,16950,15141,3080,34,34
3,2.25,1250,871,3,0,0,3,8,1250,0,47.6907,-122.343,1250,1158,2121,2408,1250,7,7
3,1,1180,8474,1,0,0,3,7,1180,0,47.7416,-122.327,1180,7200,9654,8380,1180,58,58
2,1,720,7200,1,0,0,5,6,720,0,47.4763,-122.177,970,8027,7920,8997,720,71,71
5,2.5,2770,8100,2,0,0,3,9,2770,0,47.6341,-122.208,2070,8100,10870,10170,2770,12,12
2,1,930,3200,1,0,0,3,7,930,0,47.609,-122.314,1690,3840,4130,5530,930,111,111
4,2.25,2290,10409,2,0,0,3,8,2290,0,47.6351,-122.168,2040,10409,12699,12449,2290,42,42
4,1.75,2450,13300,1,0,2,4,9,1630,820,47.5564,-122.13,3150,15500,15750,18650,2450,27,27
4,3.25,4160,47480,2,0,0,3,10,4160,0,47.7266,-122.115,3400,40428,51640,43828,4160,19,19
3,1.75,1670,5100,1,0,2,5,7,990,680,47.5898,-122.291,2140,4452,6770,6592,1670,61,61
3,1.75,1480,7225,1,0,0,4,7,1480,0,47.513,-122.185,1430,7201,8705,8631,1480,49,49
5,2.5,2344,8000,1,0,0,4,8,1560,784,47.3185,-122.377,2344,8000,10344,10344,2344,38,38
3,2,1500,11233,1,0,0,3,7,1500,0,47.7279,-121.967,1580,14013,12733,15593,1500,28,28
5,3.5,2473,9282,2,0,1,5,7,2473,0,47.3966,-122.308,2040,10920,11755,12960,2473,52,52
4,2.5,2150,8536,1,0,3,4,8,1400,750,47.5663,-122.163,2800,9500,10686,12300,2150,48,48
2,2,1240,9119,1,0,0,4,7,1240,0,47.6221,-122.193,1380,9121,10359,10501,1240,62,62
3,3.25,1510,1125,3,0,0,3,8,1510,0,47.6711,-122.39,1390,1174,2635,2564,1510,8,8
3,1,920,5200,1,0,0,4,6,920,0,47.3647,-122.082,920,4875,6120,5795,920,46,46
3,1.5,1560,9350,1,0,0,4,7,1220,340,47.6729,-122.148,1870,8671,10910,10541,1560,45,45
3,1,1040,4480,1,0,0,3,7,870,170,47.6461,-122.356,1730,4200,5520,5930,1040,90,90
4,1.75,1920,9500,1,0,0,4,7,1470,450,47.5683,-122.177,1820,10091,11420,11911,1920,48,48
4,2.25,2050,8372,2,0,0,4,8,2050,0,47.7234,-122.107,2010,8037,10422,10047,2050,30,30
4,1.75,1710,10440,1,0,0,4,7,1710,0,47.5756,-122.158,1480,10440,12150,11920,1710,59,59
4,2.5,2200,9397,2,0,0,3,8,2200,0,47.3406,-122.269,2310,9176,11597,11486,2200,27,27
4,1.5,1920,7973,1,0,0,3,8,1920,0,47.4961,-122.235,2020,8840,9893,10860,1920,60,60
2,2.5,2170,7546,1,0,0,3,8,2170,0,47.7242,-122.032,2170,7083,9716,9253,2170,8,8
3,2.5,1890,6560,2,0,0,3,7,1890,0,47.3684,-122.031,2390,7570,8450,9960,1890,12,12
2,1.75,1290,1493,2,0,0,3,8,1290,0,47.5171,-122.346,1410,1875,2783,3285,1290,0,0
2,1.75,1120,758,2,0,0,3,7,1120,0,47.5325,-122.072,1150,758,1878,1908,1120,2,2
4,1.5,1740,12728,1,0,0,4,7,1180,560,47.2808,-122.3,1830,11125,14468,12955,1740,51,51
4,2,1770,3332,2,0,0,3,7,1630,140,47.5563,-122.281,1640,4000,5102,5640,1770,91,40
3,2.75,3370,5350,1,0,1,4,7,2310,1060,47.5373,-122.39,1720,5618,8720,7338,3370,105,105
4,2,2208,5000,3,0,0,5,8,2208,0,47.5711,-122.383,1760,5000,7208,6760,2208,97,97
4,2.5,2000,7376,2,0,0,3,8,2000,0,47.5719,-121.999,1950,5218,9376,7168,2000,25,25
4,2.5,2560,5428,2,0,0,3,8,2560,0,47.3835,-122.095,2620,5428,7988,8048,2560,3,3
5,1.5,2160,5000,1,0,2,4,8,2160,0,47.6645,-122.36,1450,4265,7160,5715,2160,88,88
4,2.5,2210,5077,1,0,0,4,8,1480,730,47.5719,-122.377,1740,5000,7287,6740,2210,102,102
3,1,1050,7577,1,0,0,3,7,1050,0,47.2891,-122.357,1430,7245,8627,8675,1050,31,31
4,2.75,1980,11443,1,0,0,5,7,1980,0,47.7707,-122.273,2080,15700,13423,17780,1980,62,62
3,1,1000,19969,1,0,0,3,7,1000,0,47.6745,-122.197,1370,7962,20969,9332,1000,64,64
5,3,2680,8410,2,0,0,3,8,1810,870,47.4401,-122.126,1860,8410,11090,10270,2680,24,24
3,1.5,1840,10125,1,0,0,4,8,1220,620,47.5607,-122.217,2320,10160,11965,12480,1840,55,55
2,1,1550,38449,1,0,0,3,6,1550,0,47.4315,-122.199,1188,25875,39999,27063,1550,68,68
4,1,1360,7132,1,0,0,3,6,1360,0,47.5054,-122.301,1280,7175,8492,8455,1360,74,74
4,1.75,2380,5700,2,0,1,4,7,1820,560,47.6656,-122.271,2190,5700,8080,7890,2380,68,68
2,1,1190,27007,1,0,0,4,5,1190,0,47.524,-122.04,1730,12632,28197,14362,1190,104,104
3,1.75,2150,4200,1,0,4,5,8,1140,1010,47.5671,-122.405,2510,7500,6350,10010,2150,54,54
2,1.5,1010,825,3,0,0,3,7,1010,0,47.7124,-122.301,1128,1080,1835,2208,1010,8,8
5,4.75,6200,13873,2,1,4,4,11,4440,1760,47.605,-122.112,2940,13525,20073,16465,6200,25,25
3,2.5,1690,4476,2,0,0,3,7,1690,0,47.3663,-122.114,2250,4488,6166,6738,1690,7,7
4,1.75,1950,13320,1,0,0,4,8,1370,580,47.6196,-122.139,2120,12051,15270,14171,1950,45,45
3,2.5,3800,104979,2,0,0,3,8,3210,590,47.4304,-121.841,2040,109771,108779,111811,3800,9,9
3,1,1100,5200,1,0,0,4,6,1100,0,47.3643,-122.081,920,5200,6300,6120,1100,46,46
4,2.5,3040,6000,2,0,0,3,9,3040,0,47.3473,-122.03,2640,6000,9040,8640,3040,8,8
4,2.25,2800,18673,1,0,0,5,9,1650,1150,47.5893,-122.177,2800,15300,21473,18100,2800,49,49
4,2.75,2090,9240,1,0,0,4,6,2090,0,47.4854,-122.343,1460,9240,11330,10700,2090,65,65
4,2.5,2403,6172,2,0,0,3,9,2403,0,47.7361,-122.234,2380,6075,8575,8455,2403,15,15
3,3.5,1340,1168,2,0,2,3,8,1080,260,47.711,-122.356,1650,1378,2508,3028,1340,13,13
3,3,1950,1983,3,0,0,3,9,1610,340,47.6078,-122.202,2040,2131,3933,4171,1950,5,5
8,4,7710,11750,3,0,0,5,12,6090,1620,47.6263,-122.314,4210,8325,19460,12535,7710,110,110
5,3,4090,12850,1,0,2,4,10,2090,2000,47.6627,-122.188,2540,10270,16940,12810,4090,28,28
3,1,1310,8370,1,0,0,3,7,1310,0,47.7284,-122.241,1310,8370,9680,9680,1310,52,52
3,2,2770,89298,2,0,0,3,9,2770,0,47.4291,-121.842,2040,109771,92068,111811,2770,10,10
4,2.5,3220,5120,2,0,0,3,9,2420,800,47.5434,-122.27,1770,7680,8340,9450,3220,14,14
3,3,3620,28064,2,1,4,5,10,2370,1250,47.5516,-122.398,2550,34713,31684,37263,3620,37,37
3,1,1250,7300,1,0,0,4,7,1250,0,47.6032,-122.125,1540,7400,8550,8940,1250,58,58
4,2.5,2880,35610,1,0,0,3,10,2880,0,47.6911,-122.054,3460,35610,38490,39070,2880,25,25
3,2.5,2180,40278,2,0,0,3,9,2180,0,47.733,-122.09,2630,40000,42458,42630,2180,29,29
5,3.5,2815,4900,2,0,0,3,9,2815,0,47.3424,-122.179,2798,4900,7715,7698,2815,3,3
4,2,1910,7826,1,0,0,4,7,1140,770,47.3493,-122.306,1540,7826,9736,9366,1910,41,41
4,1.75,1550,9899,1,0,0,4,7,1550,0,47.3583,-122.183,1500,11272,11449,12772,1550,47,47
3,1.75,2070,37904,1,0,0,4,7,1420,650,47.425,-122.186,2011,19110,39974,21121,2070,41,41
2,1,1580,2199,2,0,2,3,8,1580,0,47.6541,-122.329,2170,4405,3779,6575,1580,93,19
3,1.75,1700,8360,1,0,0,4,7,850,850,47.5766,-122.147,1520,8360,10060,9880,1700,59,59
4,1,1660,4690,1,0,0,3,7,1260,400,47.6829,-122.378,1400,3876,6350,5276,1660,69,69
3,2.5,2120,6840,1,0,0,3,7,1220,900,47.278,-122.145,1820,8200,8960,10020,2120,30,30
2,1,1340,7788,1,0,2,3,7,1340,0,47.5094,-122.244,2550,7788,9128,10338,1340,67,67
4,2.5,1980,5400,2,0,0,3,8,1980,0,47.5182,-122.207,1980,5400,7380,7380,1980,16,16
4,2.25,2130,9000,2,0,0,4,8,2130,0,47.5716,-122.159,2110,10431,11130,12541,2130,49,49
3,1.75,1430,7210,1,0,0,3,7,1430,0,47.4189,-122.168,1220,7777,8640,8997,1430,40,40
4,2.5,2740,45732,2,0,0,3,8,2740,0,47.74,-122.048,2080,43560,48472,45640,2740,19,19
4,1.75,2040,53578,1,0,0,5,7,1160,880,47.3844,-122,2040,53578,55618,55618,2040,56,56
4,1.75,1260,7250,1,0,0,3,6,1260,0,47.5267,-122.032,1880,7250,8510,9130,1260,72,72
4,3,2010,7426,1,0,0,5,7,1090,920,47.5042,-122.265,1470,7426,9436,8896,2010,64,64
5,3,2870,5700,1,0,0,3,7,1950,920,47.6621,-122.33,1730,5529,8570,7259,2870,50,50
4,1.75,2010,8625,1,0,0,4,7,1340,670,47.7496,-122.355,1500,8400,10635,9900,2010,57,57
3,1.5,1630,22764,1,0,0,3,7,1630,0,47.3611,-122.293,1620,17859,24394,19479,1630,44,44
3,1.5,1480,13457,1,0,0,3,7,1480,0,47.5914,-122.136,2100,10517,14937,12617,1480,55,55
3,2.5,3000,25341,2,0,0,3,9,3000,0,47.6724,-122.013,3000,32417,28341,35417,3000,19,19
4,2.25,2860,40284,2,0,0,3,10,2860,0,47.7308,-122.115,2670,92782,43144,95452,2860,32,32
3,2.25,1880,7350,1,0,0,3,8,1390,490,47.4457,-122.123,1910,8400,9230,10310,1880,31,31
3,2.5,1670,6186,2,0,0,3,7,1670,0,47.3668,-122.031,2390,6924,7856,9314,1670,12,12
5,2.5,2240,7770,1,0,0,3,7,1340,900,47.7198,-122.171,1820,7770,10010,9590,2240,36,36
4,4.25,5710,24663,2,0,0,3,11,5710,0,47.3065,-122.158,4060,23847,30373,27907,5710,7,7
3,3,1290,1112,3,0,0,3,7,1290,0,47.7282,-122.296,1230,9000,2402,10230,1290,6,6
3,2.5,1810,4592,2,0,0,3,8,1810,0,47.5764,-121.996,1810,4758,6402,6568,1810,22,22
3,2.25,1170,1249,3,0,0,3,8,1170,0,47.6722,-122.381,1350,1310,2419,2660,1170,0,0
4,1,1450,6820,1,0,0,3,6,1450,0,47.7061,-122.347,1450,6820,8270,8270,1450,67,67
3,3.25,1570,1777,2,0,0,3,8,1260,310,47.6655,-122.369,1000,1777,3347,2777,1570,7,7
3,2.75,3400,7200,2,0,2,3,9,2470,930,47.4878,-122.191,1580,8676,10600,10256,3400,5,5
3,1,1140,6400,1,0,0,3,7,1140,0,47.4902,-122.331,1340,6650,7540,7990,1140,53,53
2,1,1640,14100,1,0,0,4,7,1140,500,47.5712,-122.143,1520,13527,15740,15047,1640,60,60
3,2.5,1350,1186,2,0,0,3,8,1120,230,47.6786,-122.375,1500,1605,2536,3105,1350,7,7
4,1,1360,5766,1,0,0,5,7,1360,0,47.6827,-122.289,1500,5704,7126,7204,1360,63,63
3,2.25,1640,11050,1,0,0,4,8,1640,0,47.4723,-122.121,1870,11050,12690,12920,1640,42,42
3,1,1220,3400,1,0,0,3,7,1060,160,47.6775,-122.363,1350,3750,4620,5100,1220,87,87
4,2.75,2190,3267,2,0,0,3,8,2190,0,47.7751,-122.168,2190,3619,5457,5809,2190,10,10
3,2.25,3530,17450,1,1,3,3,9,1840,1690,47.5358,-122.213,3530,17310,20980,20840,3530,84,21
3,1.5,1620,21929,2,0,0,3,7,1620,0,47.767,-121.903,1600,21679,23549,23279,1620,25,25
3,3,2600,5238,1,0,3,3,9,1890,710,47.3448,-122.327,2220,4853,7838,7073,2600,25,25
4,2.75,2020,15810,1,0,0,4,9,1620,400,47.5921,-122.155,2210,10160,17830,12370,2020,47,47
2,0.75,1130,11429,1,0,0,3,7,1130,0,47.4526,-122.284,1550,10700,12559,12250,1130,58,58
3,1.5,1980,4000,2,0,0,3,8,1980,0,47.6364,-122.351,1980,3600,5980,5580,1980,95,95
4,2.75,2240,27820,1,0,0,4,8,2240,0,47.5936,-122.054,2330,20000,30060,22330,2240,38,38
3,1,1340,18000,1,0,0,4,7,1340,0,47.4443,-122.509,1660,196591,19340,198251,1340,90,90
3,1.75,1630,11475,1,0,0,4,7,1330,300,47.4635,-121.746,1630,11475,13105,13105,1630,36,36
4,2.75,2160,4205,1,0,3,3,7,1080,1080,47.7081,-122.276,2450,6014,6365,8464,2160,45,45
2,1.5,1870,12960,1,0,0,4,6,1350,520,47.5234,-122.288,1380,7800,14830,9180,1870,88,88
2,1,720,6345,1,0,0,3,6,720,0,47.5201,-122.35,720,6345,7065,7065,720,71,71
3,2.5,1730,6653,1,0,0,4,7,1360,370,47.3588,-122.088,1730,7061,8383,8791,1730,24,24
3,2.25,3440,10628,2,0,2,3,10,3440,0,47.5647,-122.108,3170,11434,14068,14604,3440,29,29
4,2.25,1860,3766,2,0,0,3,8,1860,0,47.5699,-122.006,1860,4169,5626,6029,1860,20,20
4,2,2680,13680,2,0,2,4,7,2350,330,47.4887,-122.192,1430,11000,16360,12430,2680,71,49
2,1,670,7952,1,0,0,4,6,670,0,47.5124,-122.372,1080,9525,8622,10605,670,73,73
4,3,3050,6179,2,0,0,4,9,2330,720,47.6253,-122.284,3020,6505,9229,9525,3050,88,88
5,1.75,1850,14800,1,0,0,3,6,1760,90,47.4935,-122.321,1250,14800,16650,16050,1850,78,78
4,2.5,2150,4000,2,0,0,3,7,2150,0,47.3655,-122.018,1610,4000,6150,5610,2150,5,5
5,2.5,3220,5751,2,0,0,3,8,3220,0,47.3717,-122.104,2740,5500,8971,8240,3220,12,12
3,2,1860,13374,1,0,0,3,8,1860,0,47.5397,-122.054,1960,9797,15234,11757,1860,29,29
4,2.5,2620,5060,2,0,0,3,9,2620,0,47.5634,-122.394,900,5060,7680,5960,2620,10,10
3,2,1080,7236,1,0,0,5,7,1080,0,47.7143,-122.32,1120,8008,8316,9128,1080,67,67
4,3.5,2780,3100,2,0,0,3,8,2120,660,47.6886,-122.364,1740,3600,5880,5340,2780,1,1
2,1.75,1550,4257,1,0,3,3,7,830,720,47.5274,-122.384,1920,5100,5807,7020,1550,61,61
3,2.5,1630,10762,1,0,0,3,7,1630,0,47.7508,-122.175,1770,10762,12392,12532,1630,20,20
3,2.25,2090,9163,1,0,0,3,7,1460,630,47.7334,-122.167,1960,7713,11253,9673,2090,40,40
3,2,1640,2808,1,0,3,4,7,820,820,47.5945,-122.291,2270,5328,4448,7598,1640,90,90
2,1,710,1131,2,0,0,4,7,710,0,47.6413,-122.329,1370,1173,1841,2543,710,71,71
2,1.5,1800,4500,1,0,2,3,7,1000,800,47.6305,-122.347,2270,3840,6300,6110,1800,72,72
3,2.5,1900,18414,2,0,0,3,8,1900,0,47.6326,-122.015,2900,39921,20314,42821,1900,44,8
3,1.75,2130,7140,1,0,0,3,8,1580,550,47.3074,-122.341,2180,7906,9270,10086,2130,36,36
5,2.5,3120,15593,2,0,4,3,11,3120,0,47.6142,-122.065,3390,17003,18713,20393,3120,29,29
5,2.5,3180,13806,2,0,0,4,10,3180,0,47.652,-122.182,3180,13798,16986,16978,3180,24,24
3,1,1250,9126,1,0,0,3,7,1250,0,47.7554,-122.076,1440,10620,10376,12060,1250,45,45
4,1.75,1530,3615,1,0,0,4,7,1530,0,47.6529,-122.334,1650,4200,5145,5850,1530,102,102
4,2.5,1900,8282,1,0,0,3,7,1900,0,47.2089,-122.003,1420,8350,10182,9770,1900,46,17
4,2.5,2520,4950,2,0,0,3,8,2520,0,47.6814,-122.359,1810,3500,7470,5310,2520,108,12
3,1,1410,18600,1,0,0,5,7,1410,0,47.5031,-122.152,1610,24941,20010,26551,1410,55,55
3,1,890,9870,1,0,0,4,7,890,0,47.5398,-122.178,1270,9861,10760,11131,890,54,54
4,2.5,3504,6000,2,0,0,3,7,3504,0,47.3012,-122.285,2790,5231,9504,8021,3504,9,9
3,1.75,1330,7216,1,0,0,3,7,1330,0,47.7199,-122.18,1500,8000,8546,9500,1330,45,45
6,8,12050,27600,2,0,3,4,13,8570,3480,47.6298,-122.323,3940,8800,39650,12740,12050,104,27
3,2.25,1330,1198,2,0,0,3,8,1080,250,47.555,-122.362,1260,1062,2528,2322,1330,8,8
3,2.5,2020,1159,3,0,3,3,8,2020,0,47.6617,-122.356,1920,3600,3179,5520,2020,14,14
3,2,1640,15258,1,0,0,3,8,1640,0,47.6301,-122.037,1640,16345,16898,17985,1640,33,33
3,2.75,2300,4637,2,0,0,3,8,2300,0,47.5216,-121.878,2420,5699,6937,8119,2300,6,6
4,2.5,2440,10423,1,0,0,3,7,2440,0,47.725,-122.172,1990,7758,12863,9748,2440,59,21
5,2.5,2860,4000,2,0,0,4,8,2160,700,47.6225,-122.318,1340,1224,6860,2564,2860,104,104
4,1.5,2670,10026,2,0,0,3,8,2670,0,47.2659,-122.215,2420,11900,12696,14320,2670,18,18
3,2,2590,3750,1,0,0,5,7,1790,800,47.635,-122.353,2440,4000,6340,6440,2590,110,110
3,1.75,1800,6000,1,0,0,5,7,900,900,47.6867,-122.349,1800,3000,7800,4800,1800,109,109
3,3.5,2710,3326,2,0,0,3,8,1650,1060,47.5371,-122.073,2280,2738,6036,5018,2710,9,9
4,1,1450,6250,1,0,0,3,6,990,460,47.5131,-122.357,1440,4000,7700,5440,1450,50,50
8,6,4340,9415,2,0,0,3,8,4340,0,47.6316,-122.202,2050,9100,13755,11150,4340,47,47
3,1.75,1890,9920,1,0,0,3,7,1230,660,47.7327,-122.306,1380,9086,11810,10466,1890,70,70
4,3.5,4560,41636,2,0,0,3,9,4170,390,47.5589,-122.116,2990,11381,46196,14371,4560,19,19
3,2.5,1950,8251,2,0,0,3,7,1950,0,47.343,-122.28,1540,8588,10201,10128,1950,24,24
3,2.5,1520,8720,1,0,0,3,7,1080,440,47.4267,-122.157,1720,7551,10240,9271,1520,33,33
4,3.25,4250,12281,2,0,4,3,12,3020,1230,47.5507,-122.113,4940,12941,16531,17881,4250,18,18
3,2.5,1480,9743,2,0,0,4,7,1480,0,47.3293,-122.001,1810,9601,11223,11411,1480,18,18
7,5.5,6630,13782,2,0,0,3,10,4930,1700,47.5399,-122.118,4470,8639,20412,13109,6630,10,10
2,1,740,5000,1,0,0,4,6,740,0,47.5298,-122.273,1170,4968,5740,6138,740,88,88
4,3.5,2734,210201,2,0,0,5,8,2734,0,47.3652,-122.504,2270,187308,212935,189578,2734,40,40
3,1.75,2080,5969,1,0,2,3,7,1080,1000,47.5474,-122.295,2090,5500,8049,7590,2080,43,43
4,3.5,4640,9827,2,0,2,3,10,3210,1430,47.5524,-122.078,3810,8207,14467,12017,4640,8,8
3,2.5,1770,3744,1,0,0,3,7,1270,500,47.6807,-122.364,1400,4680,5514,6080,1770,85,85
3,2,3110,44967,2,0,0,3,9,3020,90,47.4343,-122.082,2150,44967,48077,47117,3110,15,15
3,1,1140,8800,1,0,0,3,7,1140,0,47.2629,-122.275,1270,13560,9940,14830,1140,42,42
3,1.75,1510,30185,1,0,0,3,7,1510,0,47.4118,-122.089,1470,12465,31695,13935,1510,38,38
3,1,1440,13824,1,0,0,4,7,1440,0,47.5872,-122.241,2540,12092,15264,14632,1440,58,58
3,2.5,1740,3690,2,0,0,3,8,1740,0,47.5345,-121.867,2100,4944,5430,7044,1740,14,14
3,2.5,2050,5694,2,0,2,3,8,2050,0,47.5331,-121.855,2680,7187,7744,9867,2050,10,10
2,1,1060,5703,1,0,2,4,6,1060,0,47.3444,-122.327,2240,4416,6763,6656,1060,68,68
3,2.5,1560,9361,1,0,0,4,7,1360,200,47.5591,-122.295,1670,6244,10921,7914,1560,78,78
3,2.75,1670,3330,1,0,0,4,7,1670,0,47.6551,-122.36,1370,5000,5000,6370,1670,89,89
3,2.5,2580,23925,2,0,0,3,9,2580,0,47.2978,-122.376,1660,8460,26505,10120,2580,14,14
2,2.25,1280,2574,2,0,0,3,7,1280,0,47.5939,-122.302,1250,3960,3854,5210,1280,22,22
3,1.75,1460,4000,1,0,2,4,7,730,730,47.5768,-122.307,1360,4000,5460,5360,1460,86,86
3,1.75,1920,9512,1,0,0,3,8,1440,480,47.7606,-122.167,1820,9512,11432,11332,1920,35,35
4,2.5,2060,9719,1,0,0,4,8,1320,740,47.5549,-122.176,2050,9643,11779,11693,2060,54,54
3,2.5,2620,4800,2,0,0,3,7,2620,0,47.6849,-122.037,2400,4756,7420,7156,2620,12,12
2,2.5,1480,1369,3,0,0,3,7,1480,0,47.676,-122.121,1390,1337,2849,2727,1480,5,5
3,2.5,1950,7481,2,0,0,3,8,1950,0,47.564,-122.091,1980,8479,9431,10459,1950,27,27
4,1.5,1180,8058,1,0,0,5,7,1180,0,47.2966,-122.19,1800,9348,9238,11148,1180,46,46
3,1.75,2000,7111,1,0,0,4,7,1360,640,47.7676,-122.373,1830,9000,9111,10830,2000,58,58
3,2.5,1740,1308,3,0,0,3,8,1740,0,47.5892,-122.387,1740,1280,3048,3020,1740,7,7
4,2.25,1980,9714,1,0,0,3,7,1170,810,47.3207,-122.209,1610,9272,11694,10882,1980,37,37
2,1,810,6697,1,0,0,4,6,810,0,47.3057,-122.216,1140,6695,7507,7835,810,91,91
3,3,1740,3700,1,0,0,3,7,1740,0,47.6102,-122.309,1830,2480,5440,4310,1740,32,32
2,2.5,3900,920423,2,0,0,3,12,3900,0,47.5371,-121.756,2720,411962,924323,414682,3900,6,6
4,2.5,2900,4950,2,0,0,3,8,2900,0,47.7717,-122.236,2590,4950,7850,7540,2900,10,10
4,2.75,2840,11900,1,0,3,4,9,1640,1200,47.5271,-122.386,2790,10070,14740,12860,2840,53,53
3,1,1230,12201,1,0,0,3,7,1230,0,47.3285,-122.134,1230,10780,13431,12010,1230,45,45
4,2.5,2120,5293,2,0,0,3,7,2120,0,47.4217,-122.201,1990,5313,7413,7303,2120,11,11
6,3.25,2120,6893,1,0,0,4,7,1060,1060,47.5508,-122.355,1380,6986,9013,8366,2120,31,31
5,1.75,2170,9752,1,0,0,3,7,1100,1070,47.3355,-122.331,1810,10609,11922,12419,2170,52,52
3,1,1520,8055,1,0,0,3,7,1520,0,47.7222,-122.305,1560,8160,9575,9720,1520,62,62
5,2.5,2560,46786,2,0,0,3,8,2560,0,47.7125,-121.915,2430,46929,49346,49359,2560,19,19
3,2.25,2700,4025,2,0,0,4,8,1760,940,47.6074,-122.294,1580,4025,6725,5605,2700,107,107
3,1,1180,7537,1,0,0,3,7,1180,0,47.7233,-122.221,1220,7425,8717,8645,1180,46,46
2,2,1290,9041,1,0,0,3,7,950,340,47.5346,-122.291,1290,5000,10331,6290,1290,58,58
3,1.5,1430,8960,1,0,0,4,6,1430,0,47.4759,-122.349,1560,10125,10390,11685,1430,61,61
3,3,1850,12556,2,0,0,3,9,1850,0,47.6286,-122.053,2390,12474,14406,14864,1850,38,38
3,2.5,2680,7757,2,0,0,3,8,2680,0,47.2918,-122.346,2430,8231,10437,10661,2680,24,24
3,2.5,2260,5500,1,0,0,3,7,1280,980,47.681,-122.388,1790,5355,7760,7145,2260,105,105
4,1.75,2020,6000,1,0,0,3,7,1620,400,47.577,-122.302,1870,4000,8020,5870,2020,55,55
3,1.5,2270,8187,1,0,0,4,8,1420,850,47.7573,-122.278,2020,14092,10457,16112,2270,60,60
2,1.75,2110,9519,1,0,0,2,7,2110,0,47.7504,-122.306,1480,9519,11629,10999,2110,66,66
3,2.25,1470,1578,2,0,0,3,8,1090,380,47.5388,-122.387,1470,1668,3048,3138,1470,7,7
4,2.5,2590,7910,2,0,0,3,9,2590,0,47.6978,-122.284,1700,7488,10500,9188,2590,13,13
5,3,2520,5500,1,0,0,3,8,1550,970,47.4938,-122.255,1700,8000,8020,9700,2520,10,10
3,1.5,1640,7222,2,0,0,4,7,1640,0,47.5215,-122.33,1240,5100,8862,6340,1640,106,106
3,2.5,2100,7600,1,0,0,4,7,1450,650,47.6968,-122.127,2010,7600,9700,9610,2100,35,35
2,1,1630,9255,1,0,0,3,7,1630,0,47.7222,-122.332,1800,8000,10885,9800,1630,74,74
3,3.5,2800,7694,1,0,0,3,9,2800,0,47.7095,-122.022,2420,7694,10494,10114,2800,10,10
3,2.5,2040,11211,2,0,0,3,8,2040,0,47.4867,-122.223,1830,11964,13251,13794,2040,15,15
3,2,2800,10501,1,0,0,3,7,1400,1400,47.7055,-122.315,2260,6534,13301,8794,2800,60,60
4,3.5,3730,15029,2,0,2,3,10,2440,1290,47.3804,-122.163,3440,14280,18759,17720,3730,23,23
3,2.5,1710,3469,2,0,0,3,8,1710,0,47.546,-122.011,2120,3560,5179,5680,1710,15,15
3,1.5,1330,9548,1,0,0,5,7,1330,0,47.3675,-122.11,1420,9548,10878,10968,1330,47,47
4,2.5,2500,4500,2,0,0,3,7,2500,0,47.4928,-122.149,2230,4500,7000,6730,2500,5,5
4,2,1900,5100,1,0,0,3,6,950,950,47.6767,-122.38,1230,5100,7000,6330,1900,100,41
3,1.5,1740,12000,2,0,0,3,9,1740,0,47.6276,-122.053,2580,12224,13740,14804,1740,40,40
3,2.5,3380,9528,2,0,0,3,10,3380,0,47.5275,-122.148,3630,14089,12908,17719,3380,20,20
3,2.5,2580,14603,1,0,2,4,9,2580,0,47.6199,-122.212,2410,14347,17183,16757,2580,64,64
4,1.5,1370,9957,1,0,0,3,7,900,470,47.7237,-122.181,1510,8088,11327,9598,1370,42,42
4,1.75,1850,6480,1,0,0,4,7,1120,730,47.5525,-122.313,1610,5040,8330,6650,1850,56,56
3,1,1440,5000,2,0,0,3,7,1440,0,47.6741,-122.354,1850,4500,6440,6350,1440,104,104
4,1.75,2800,5400,1,0,0,3,9,1400,1400,47.6803,-122.313,1490,5400,8200,6890,2800,90,8
3,2.5,1570,4926,2,0,0,3,8,1570,0,47.5342,-121.842,1800,3202,6496,5002,1570,0,0
3,1,1300,10236,1,0,0,4,6,1300,0,47.5028,-121.77,1380,11325,11536,12705,1300,43,43
2,2.25,1700,2383,2,0,0,3,8,1700,0,47.547,-121.997,1700,2700,4083,4400,1700,9,9
3,1.75,1560,9452,1,0,0,4,8,1560,0,47.5197,-122.18,2200,9985,11012,12185,1560,41,41
4,2.5,2870,9292,2,0,0,3,8,2540,330,47.4522,-122.123,2590,7533,12162,10123,2870,35,35
3,2,1108,1128,3,0,0,3,7,1108,0,47.6961,-122.318,1285,1253,2236,2538,1108,6,6
2,1.75,1670,4008,1,0,0,3,9,1670,0,47.5539,-122.001,2330,3752,5678,6082,1670,9,9
3,1.75,1690,7953,1,0,0,3,7,1690,0,47.3556,-122.175,1680,7425,9643,9105,1690,28,28
3,1.75,1580,8775,1,0,0,3,6,1220,360,47.4845,-122.335,1180,8775,10355,9955,1580,73,73
3,2.5,1782,1577,3,0,0,3,7,1782,0,47.7114,-122.301,1550,1744,3359,3294,1782,14,14
3,2,1930,10929,1,0,0,3,8,1260,670,47.7657,-122.272,2030,8750,12859,10780,1930,51,51
3,2.5,2230,5750,2,0,0,3,9,2230,0,47.6938,-122.213,1900,8238,7980,10138,2230,11,11
3,2,2660,5000,1,0,3,3,8,1940,720,47.5829,-122.382,2270,5000,7660,7270,2660,104,104
3,2.5,1490,4078,2,0,0,3,8,1490,0,47.4915,-122.155,1310,2767,5568,4077,1490,17,17
3,1,1660,9600,1,0,0,3,7,1660,0,47.708,-122.216,2020,9600,11260,11620,1660,51,51
4,2.5,2770,6000,2,0,0,3,8,2400,370,47.5536,-122.383,2120,6000,8770,8120,2770,22,22
4,2.5,2740,33158,2,0,0,3,9,2740,0,47.3333,-122.074,2740,36074,35898,38814,2740,21,21
3,1.75,2000,7560,1,0,0,4,7,1300,700,47.4346,-122.171,1900,8301,9560,10201,2000,46,46
3,2.75,1700,3264,1,0,0,3,7,1060,640,47.6767,-122.311,1880,4080,4964,5960,1700,96,96
4,2.25,2090,10869,2,0,0,3,8,2090,0,47.6715,-122.164,1800,17788,12959,19588,2090,44,44
3,2.75,1930,2960,1,0,0,5,7,1490,440,47.6659,-122.287,2080,3760,4890,5840,1930,85,85
3,1.75,1370,3850,1,0,0,5,7,770,600,47.6374,-122.279,1390,3600,5220,4990,1370,103,26
6,3.25,2820,4536,2,0,0,4,8,1930,890,47.6688,-122.309,2820,4536,7356,7356,2820,97,97
3,2,1090,8400,1,0,0,4,6,1090,0,47.4942,-122.322,1100,10850,9490,11950,1090,54,54
3,1.75,2360,8290,1,0,0,4,7,1180,1180,47.6738,-122.281,1880,7670,10650,9550,2360,65,65
2,2.5,1100,1760,3,0,0,3,7,1100,0,47.6972,-122.35,1200,1415,2860,2615,1100,17,17
3,1,1150,4681,1,0,0,3,7,1150,0,47.7284,-122.336,1150,6800,5831,7950,1150,59,59
2,1,940,8997,1,0,0,5,7,940,0,47.2005,-121.999,1110,9126,9937,10236,940,59,59
4,2.5,3320,8325,2,0,0,5,10,3320,0,47.6263,-122.314,3680,6050,11645,9730,3320,109,109
3,1.75,1010,7171,1,0,0,4,7,1010,0,47.7317,-122.231,1250,7560,8181,8810,1010,47,47
4,2.5,1950,3000,2,0,0,3,7,1550,400,47.565,-122.281,1540,4300,4950,5840,1950,16,16
2,1,1080,6052,1,0,0,5,6,1080,0,47.3857,-122.215,1810,7830,7132,9640,1080,107,107
4,2.25,1830,5720,2,0,0,3,7,1830,0,47.3604,-122.179,1960,5754,7550,7714,1830,11,11
5,2.25,2680,13292,1,0,0,3,8,1340,1340,47.7422,-122.257,2220,13181,15972,15401,2680,38,38
3,2.5,1400,4800,1,0,0,3,7,1200,200,47.6865,-122.379,1440,3840,6200,5280,1400,93,93
2,1.5,1220,8409,1,0,0,4,6,1220,0,47.7534,-122.324,1130,8409,9629,9539,1220,66,66
3,2.5,3450,8000,3,0,0,4,8,2970,480,47.5605,-122.402,1880,6135,11450,8015,3450,87,39
3,2.5,2390,8000,2,0,0,3,8,2390,0,47.3895,-122.154,2070,7585,10390,9655,2390,20,20
3,2,2340,3477,1,0,1,5,7,1170,1170,47.54,-122.267,2110,6300,5817,8410,2340,43,43
2,1.5,1040,83199,1,0,0,4,7,870,170,47.4222,-122.443,1760,75794,84239,77554,1040,49,49
5,4,4050,11358,2,0,0,4,10,2780,1270,47.56,-122.225,3120,13555,15408,16675,4050,35,35
3,2.5,1870,1058,3,0,0,3,8,1380,490,47.6512,-122.345,1440,1136,2928,2576,1870,7,7
4,2.5,2154,6050,2,0,0,3,8,2154,0,47.3513,-122.174,2305,5769,8204,8074,2154,2,2
3,1,1040,16986,1,0,0,4,7,1040,0,47.4812,-122.097,1660,16986,18026,18646,1040,46,46
3,1.75,1370,6700,1,0,0,3,8,1370,0,47.6982,-122.362,1180,6694,8070,7874,1370,74,2
3,2.5,1120,1100,2,0,0,3,8,820,300,47.6106,-122.31,1590,1795,2220,3385,1120,7,7
4,3.5,3930,16970,2,0,0,3,9,3930,0,47.7412,-121.966,2740,17219,20900,19959,3930,17,17
3,2.5,2550,7200,2,0,2,3,10,2550,0,47.5996,-122.288,2030,3500,9750,5530,2550,33,1
3,1,860,5200,1,0,0,5,6,860,0,47.3677,-122.078,1010,5200,6060,6210,860,46,46
4,2.5,3140,7260,2,0,0,3,8,2200,940,47.5664,-122.124,2860,8186,10400,11046,3140,10,10
4,2.25,2760,12100,2,0,0,4,9,2760,0,47.6285,-122.058,2850,12410,14860,15260,2760,38,38
3,1,1460,9750,1,0,0,4,7,1460,0,47.3242,-122.144,1270,9750,11210,11020,1460,45,45
5,3,2380,5000,2,0,0,5,7,2380,0,47.6722,-122.389,1800,4650,7380,6450,2380,106,106
3,1,1570,9467,1,0,0,3,7,1570,0,47.7683,-122.359,1570,9100,11037,10670,1570,60,60
3,1,1790,5250,1,0,0,3,7,1400,390,47.6627,-122.276,1790,5250,7040,7040,1790,71,71
3,1.75,1830,2417,1,0,0,3,7,930,900,47.5723,-122.309,1320,3200,4247,4520,1830,96,96
2,2,1250,7543,1,0,0,3,7,1250,0,47.4051,-122.296,1250,7506,8793,8756,1250,53,53
5,2.5,1710,9720,2,0,0,4,8,1710,0,47.5903,-122.157,2270,9672,11430,11942,1710,40,40
3,2.25,1490,9600,1,0,0,4,7,1170,320,47.7378,-121.977,1590,10104,11090,11694,1490,27,27
3,1.75,1040,5650,1,0,0,5,6,1040,0,47.5111,-122.256,1290,5650,6690,6940,1040,63,63
5,3.5,2950,2932,3,0,0,3,8,2950,0,47.5923,-122.298,1580,2047,5882,3627,2950,11,11
3,1,1770,5720,1,0,0,4,7,1140,630,47.5546,-122.377,1500,4406,7490,5906,1770,88,88
4,2.5,2910,35679,2,0,0,4,9,2910,0,47.5859,-121.991,2720,36728,38589,39448,2910,28,28
3,2,1630,6550,1,0,0,5,7,850,780,47.5452,-122.379,1440,6550,8180,7990,1630,103,103
4,1.75,2860,48351,1,0,0,3,8,1710,1150,47.7605,-122.085,2460,43560,51211,46020,2860,37,37
4,3,3160,10948,1,0,3,3,8,1930,1230,47.3733,-122.422,2380,13623,14108,16003,3160,23,23
4,2.75,1550,4000,1,0,0,3,9,1550,0,47.6596,-122.28,2120,4000,5550,6120,1550,84,84
4,2.5,2210,6080,1,0,2,4,8,1410,800,47.4915,-122.228,2210,6175,8290,8385,2210,49,49
4,1.5,1840,10080,2,0,0,3,8,1840,0,47.5575,-122.279,1830,5040,11920,6870,1840,108,108
2,1,830,5100,1,0,0,3,6,830,0,47.6932,-122.346,1050,5100,5930,6150,830,74,74
3,2.25,1870,7403,1,0,0,3,7,1870,0,47.7171,-122.32,1630,7440,9273,9070,1870,64,64
3,2.75,2080,9600,1,0,0,3,7,2080,0,47.7698,-122.238,2220,9600,11680,11820,2080,27,27
3,2.5,2456,7566,2,0,0,3,8,2456,0,47.297,-122.351,2478,7212,10022,9690,2456,2,2
3,2.25,1370,1007,3,0,0,3,8,1330,40,47.6682,-122.361,1570,1635,2377,3205,1370,6,6
4,2.25,1890,4300,1,0,0,3,7,1350,540,47.6649,-122.337,1830,3800,6190,5630,1890,97,97
4,2.5,2820,15233,1,0,2,4,9,1820,1000,47.3426,-122.321,2560,11998,18053,14558,2820,42,42
4,2,1720,7560,1,0,0,3,7,1720,0,47.2845,-122.25,1750,7988,9280,9738,1720,55,55
4,2.75,2610,9077,1,0,0,4,8,1310,1300,47.4612,-122.147,1900,10500,11687,12400,2610,27,27
2,1,960,112384,1,0,0,3,7,960,0,47.7642,-122.234,1210,24875,113344,26085,960,59,59
2,2,1320,1462,3,0,0,3,7,1320,0,47.7223,-122.29,1430,1650,2782,3080,1320,18,18
2,1,1030,3060,1,0,2,4,7,790,240,47.6779,-122.353,1390,3060,4090,4450,1030,96,96
3,2.5,2860,5805,2,0,0,3,9,2860,0,47.6218,-122.16,2360,5832,8665,8192,2860,16,16
3,1,1680,7910,1,0,0,3,7,1680,0,47.5085,-122.385,1330,7910,9590,9240,1680,66,66
3,2.75,1950,12240,1,0,0,3,7,1250,700,47.7401,-122.258,1880,12000,14190,13880,1950,58,58
2,1,1040,3200,1,0,0,3,7,1040,0,47.6558,-122.334,1890,4000,4240,5890,1040,88,88
3,2,1440,7187,1,0,0,4,7,970,470,47.291,-122.368,1440,7187,8627,8627,1440,33,33
3,1.75,2180,7700,1,0,0,3,8,1480,700,47.7594,-122.361,2180,7604,9880,9784,2180,53,53
4,2.25,2680,5439,2,0,0,3,7,2680,0,47.7534,-122.218,2460,4473,8119,6933,2680,15,15
5,2,2800,17788,1,0,0,4,8,1400,1400,47.6719,-122.163,1760,18282,20588,20042,2800,51,51
2,1,1270,19602,1,0,0,3,6,1270,0,47.3375,-122.048,1270,17699,20872,18969,1270,37,37
3,1.75,1990,13000,2,0,3,3,9,1990,0,47.7439,-122.262,2880,11340,14990,14220,1990,35,35
4,2.5,2620,4400,2,0,0,3,9,2620,0,47.5524,-121.991,2640,4554,7020,7194,2620,11,11
3,1.5,1430,5200,1,0,0,4,7,1030,400,47.3644,-122.094,1190,5200,6630,6390,1430,37,37
5,3.25,4260,7861,2,0,0,3,10,4260,0,47.611,-121.992,4020,7528,12121,11548,4260,9,9
3,1,1090,10114,1,0,0,4,7,1090,0,47.2975,-122.223,1380,7800,11204,9180,1090,59,59
4,1.75,2350,5946,1,0,2,3,8,1350,1000,47.6879,-122.298,2060,6000,8296,8060,2350,57,57
3,1.75,1300,1237,2,0,0,3,7,1060,240,47.539,-122.026,1350,942,2537,2292,1300,7,7
4,1.75,2000,6032,1,0,2,3,7,1300,700,47.5132,-122.389,1930,6032,8032,7962,2000,55,55
2,1,680,4190,1,0,0,2,5,680,0,47.6901,-122.358,1070,4175,4870,5245,680,108,108
1,2.25,1940,2550,2,0,0,4,7,1100,840,47.7313,-122.343,1580,5100,4490,6680,1940,35,35
5,2.5,2600,4284,2,0,0,3,9,2600,0,47.5409,-122.39,1620,5000,6884,6620,2600,0,0
4,3.5,3130,4500,2,0,0,3,9,2060,1070,47.677,-122.33,1500,4500,7630,6000,3130,1,1
4,2.5,2050,12500,1,0,0,3,7,1300,750,47.42,-122.319,1790,7900,14550,9690,2050,49,49
6,2.5,3300,13501,1,0,0,3,8,2060,1240,47.5116,-122.163,2060,8745,16801,10805,3300,34,34
3,2.5,1440,2500,2,0,0,3,7,1440,0,47.511,-122.359,1440,5000,3940,6440,1440,8,8
3,1,1650,10075,1,0,0,3,7,1170,480,47.7695,-122.359,1690,8125,11725,9815,1650,60,60
3,3.75,6400,76665,1,0,2,4,10,3810,2590,47.7313,-122.37,3430,60548,83065,63978,6400,48,48
4,3.5,4120,7304,2,0,0,3,11,3070,1050,47.681,-122.167,2470,9600,11424,12070,4120,8,8
3,2.5,2160,6288,2,0,0,3,8,2160,0,47.7655,-122.35,1830,7600,8448,9430,2160,19,19
3,1.75,2060,3300,2,0,0,4,9,1500,560,47.6498,-122.32,1830,3712,5360,5542,2060,97,97
3,1.5,1980,5800,1,0,0,4,8,1520,460,47.6499,-122.413,2280,5800,7780,8080,1980,65,65
3,2.5,1940,4927,2,0,0,3,8,1940,0,47.4479,-122.12,2070,4892,6867,6962,1940,10,10
5,4,4780,118047,2,0,0,3,11,4780,0,47.7243,-122.052,4040,31760,122827,35800,4780,21,21
5,2,2290,7125,1,0,0,3,7,1190,1100,47.634,-122.119,1460,7920,9415,9380,2290,50,50
3,2.25,1570,8767,1,0,0,3,7,1180,390,47.3568,-122.038,1570,7434,10337,9004,1570,25,25
3,1,1350,8700,1,0,0,3,6,1350,0,47.4497,-122.289,1300,8700,10050,10000,1350,73,73
3,2,1920,5688,1,0,3,3,9,1920,0,47.1952,-121.976,2384,4802,7608,7186,1920,8,8
3,2.5,2080,4931,2,0,0,3,8,2080,0,47.5342,-121.868,1890,4229,7011,6119,2080,15,15
3,1.75,1360,9603,1,0,0,3,7,1360,0,47.3959,-122.309,2240,10605,10963,12845,1360,52,52
4,2.5,2250,10160,2,0,0,5,8,2250,0,47.5645,-122.219,2660,10125,12410,12785,2250,48,48
3,2.5,2480,6112,2,0,0,3,7,2480,0,47.4387,-122.114,3220,6727,8592,9947,2480,10,10
4,2.5,1920,4600,2,0,0,3,7,1920,0,47.3795,-122.023,2200,6600,6520,8800,1920,12,12
2,1,1150,11250,1,0,0,3,6,1150,0,47.486,-122.264,1100,11400,12400,12500,1150,95,95
2,1,1490,6000,1,0,0,3,7,1090,400,47.6296,-122.3,1590,6000,7490,7590,1490,68,68
3,2.5,3370,36218,2,0,0,4,9,3370,0,47.5855,-121.987,2980,31793,39588,34773,3370,26,26
6,3.75,3810,6663,2,0,0,4,8,3810,0,47.6938,-122.34,1610,4561,10473,6171,3810,38,38
4,3,2110,5000,1,0,2,4,7,1640,470,47.5195,-122.391,1380,5000,7110,6380,2110,84,84
2,1,900,5000,1,0,0,3,7,900,0,47.6883,-122.395,1280,5000,5900,6280,900,70,70
4,1.75,2200,8100,1,0,0,5,6,1400,800,47.4945,-122.303,1520,8100,10300,9620,2200,72,72
3,2,1330,1042,2,0,0,3,8,1060,270,47.5522,-122.382,1440,2428,2372,3868,1330,0,0
4,2.75,2290,21486,1,0,2,5,7,2290,0,47.5515,-122.189,2540,15936,23776,18476,2290,52,52
3,1,1480,5600,1,0,0,4,6,940,540,47.5045,-122.27,1350,11100,7080,12450,1480,67,67
3,2,1470,2052,1,0,0,3,7,1470,0,47.3084,-122.331,1390,2052,3522,3442,1470,29,29
3,1,1610,5500,1,0,0,3,7,1610,0,47.698,-122.351,1200,5701,7110,6901,1610,111,41
4,2.25,2120,8267,2,0,0,3,8,2120,0,47.4885,-121.779,2150,7746,10387,9896,2120,18,18
2,1.5,1070,877,3,0,0,3,8,1070,0,47.6699,-122.393,1320,1193,1947,2513,1070,9,9
3,3.25,1490,857,3,0,0,3,8,1220,270,47.6357,-122.324,1550,1092,2347,2642,1490,13,13
4,2.5,2500,8215,2,0,0,3,8,2500,0,47.4124,-122.204,2360,7801,10715,10161,2500,25,25
3,1,1010,14510,1,0,0,5,7,1010,0,47.3437,-122.078,2020,44866,15520,46886,1010,40,40
3,2.5,1910,4755,2,0,0,3,8,1910,0,47.4956,-122.162,2460,6099,6665,8559,1910,18,18
2,2.75,1465,972,2,0,0,3,7,1050,415,47.621,-122.298,1480,1430,2437,2910,1465,8,8
2,1.5,901,1245,3,0,0,3,7,901,0,47.6774,-122.325,1138,1137,2146,2275,901,13,13
4,3.5,3290,8059,2,0,0,3,9,3290,0,47.5573,-122.02,3290,10758,11349,14048,3290,2,2
7,1,2350,8636,1,0,0,3,7,1550,800,47.5432,-122.277,1500,7366,10986,8866,2350,52,52
4,2.5,1900,2766,2,0,0,3,8,1900,0,47.543,-122.368,1900,2604,4666,4504,1900,0,0
4,1.75,1690,8392,1,0,0,3,7,1190,500,47.773,-122.256,1880,9861,10082,11741,1690,36,36
3,1.75,1640,4590,1,0,0,5,7,1640,0,47.6846,-122.294,1760,5100,6230,6860,1640,64,64
4,2.5,2150,37981,2,0,0,3,9,2150,0,47.7227,-122.098,2450,37981,40131,40431,2150,29,29
4,2.5,2580,3943,2,0,0,3,8,2580,0,47.6853,-122.21,1700,5772,6523,7472,2580,1,1
3,1,1140,4500,1,0,0,3,6,840,300,47.5897,-122.314,1150,3000,5640,4150,1140,108,108
3,2,2120,7560,1,0,0,3,9,2120,0,47.435,-122.16,2660,7700,9680,10360,2120,23,23
3,1,1210,4000,1,0,0,3,7,1090,120,47.5934,-122.308,1210,4000,5210,5210,1210,87,87
3,2.5,1800,2700,2,0,0,3,8,1800,0,47.5458,-122.369,1580,2036,4500,3616,1800,3,3
4,2.5,3420,7462,2,0,0,3,9,3420,0,47.6388,-122.064,3080,8031,10882,11111,3420,12,12
2,1,1330,92782,1,0,0,2,6,1330,0,47.6624,-121.868,1280,168141,94112,169421,1330,65,65
3,1.75,1570,8530,1,0,0,4,7,1190,380,47.6881,-122.184,1530,8708,10100,10238,1570,31,31
3,1.75,2090,65558,1,0,0,3,8,1330,760,47.7621,-122.127,2450,47178,67648,49628,2090,38,38
5,1.5,2940,13425,1,0,0,3,8,1470,1470,47.7632,-122.29,1580,8200,16365,9780,2940,60,60
2,1.5,1480,1349,2,0,0,3,7,1240,240,47.5439,-122.386,1550,1349,2829,2899,1480,8,8
3,2.5,1810,7350,1,0,0,3,8,1310,500,47.4434,-122.125,2240,7350,9160,9590,1810,30,30
4,1,1610,6000,1,0,0,4,7,1510,100,47.5261,-122.266,1430,6000,7610,7430,1610,110,110
6,1.5,1930,8400,1,0,0,3,7,1030,900,47.4869,-122.34,1780,9520,10330,11300,1930,44,44
3,2.5,2260,5500,1,0,0,3,7,1280,980,47.681,-122.388,1790,5355,7760,7145,2260,104,104
4,3.5,3920,11086,2,0,0,3,10,3920,0,47.5416,-121.869,3740,10880,15006,14620,3920,16,16
3,1,1450,7930,1,0,0,4,6,1150,300,47.5212,-122.371,1040,7740,9380,8780,1450,92,92
2,1,830,7590,1,0,0,2,6,830,0,47.4784,-122.335,980,7590,8420,8570,830,72,72
3,2.25,1470,5597,2,0,0,3,7,1470,0,47.5674,-122.019,1610,5217,7067,6827,1470,30,30
5,2.5,2430,4781,2,0,0,3,9,2430,0,47.4487,-122.117,2420,4770,7211,7190,2430,13,13
3,2.75,2200,9600,1,0,3,4,8,1570,630,47.3438,-122.323,2680,9896,11800,12576,2200,37,37
3,2.5,2390,8102,2,0,0,4,8,2390,0,47.4378,-122.16,2310,8606,10492,10916,2390,29,29
4,3.5,3810,13592,1,0,1,3,9,2560,1250,47.5134,-122.2,3230,9311,17402,12541,3810,1,1
3,1.5,1240,9405,1,0,0,4,7,1240,0,47.3727,-122.162,2260,7611,10645,9871,1240,48,48
3,2.5,2260,19821,2,0,0,3,9,2260,0,47.448,-122.088,2750,22718,22081,25468,2260,20,20
3,2.5,2653,4510,2,0,0,3,8,2653,0,47.4145,-122.166,2653,4927,7163,7580,2653,9,9
3,2.25,3400,12825,1,0,1,3,9,3400,0,47.5435,-122.26,2510,11574,16225,14084,3400,54,54
3,2,1290,886,3,0,0,3,7,1290,0,47.7161,-122.295,1270,1152,2176,2422,1290,11,11
3,1,1270,7500,1,0,0,3,7,1270,0,47.4921,-122.339,1340,3000,8770,4340,1270,62,62
4,2.25,2160,8119,1,0,0,3,8,1080,1080,47.5443,-122.177,1850,9000,10279,10850,2160,48,48
4,3,2190,12825,1,0,0,3,9,1520,670,47.7107,-122.229,3050,4673,15015,7723,2190,25,25
3,2,1300,3731,1,0,0,3,7,900,400,47.5374,-122.27,1300,3731,5031,5031,1300,21,21
3,1.75,1640,11730,1,0,0,5,7,1640,0,47.7351,-122.189,1640,7770,13370,9410,1640,47,47
3,3,2610,22672,1,1,4,4,8,2610,0,47.4414,-122.354,2810,22672,25282,25482,2610,62,62
4,2.5,2510,7992,1,0,0,3,8,1610,900,47.3715,-122.285,2030,7992,10502,10022,2510,36,36
4,2.5,2890,9045,2,0,0,3,8,2890,0,47.7385,-121.965,2840,10114,11935,12954,2890,13,13
6,3,2870,206474,2,0,0,3,7,2330,540,47.401,-122.095,2380,59677,209344,62057,2870,54,29
4,2.5,2910,48351,1,0,0,4,8,1910,1000,47.6495,-122.164,2760,43560,51261,46320,2910,48,48
2,1.75,1320,13052,1,0,0,3,7,1320,0,47.712,-121.352,1320,13052,14372,14372,1320,34,34
4,1.75,1910,8775,1,0,0,3,7,1210,700,47.7396,-122.247,2210,8778,10685,10988,1910,59,59
2,2.25,2160,2578,3,0,0,3,8,2160,0,47.6607,-122.354,1800,2142,4738,3942,2160,10,10
4,1,1790,8400,1,0,0,4,7,1260,530,47.7627,-122.353,1470,8400,10190,9870,1790,60,60
4,1.75,1990,18900,2,0,0,4,7,1870,120,47.5131,-122.313,1710,12400,20890,14110,1990,85,85
3,1.75,1480,7830,1,0,0,3,7,1480,0,47.1967,-121.998,1130,7553,9310,8683,1480,34,34
3,1,970,14850,1,0,0,3,7,970,0,47.3251,-122.268,1410,14850,15820,16260,970,47,47
2,1,740,6380,1,0,0,3,6,740,0,47.6929,-122.318,1800,6380,7120,8180,740,102,102
3,1.75,2380,6000,1,0,0,3,7,1320,1060,47.498,-122.222,1290,6000,8380,7290,2380,79,79
2,1,2160,7439,1,0,0,4,6,1300,860,47.6981,-122.286,1680,7439,9599,9119,2160,62,62
2,2,860,3000,1,0,0,3,6,860,0,47.5633,-122.288,1290,3500,3860,4790,860,109,109
5,3.25,3960,6352,2,0,0,3,10,3960,0,47.5806,-122.055,2930,9875,10312,12805,3960,1,1
2,1,1070,9750,1,0,0,3,7,1070,0,47.7532,-122.318,1500,8775,10820,10275,1070,67,67
3,2.5,3400,12442,2,0,0,3,9,3400,0,47.5611,-122.032,3250,8635,15842,11885,3400,14,14
4,1.75,2460,5750,1,0,3,5,7,1620,840,47.5601,-122.378,1760,4830,8210,6590,2460,96,96
2,1,1130,5070,1,0,0,4,7,1130,0,47.5141,-122.377,860,6300,6200,7160,1130,60,60
4,2.5,3220,7873,2,0,0,3,10,3220,0,47.5849,-122.03,2610,8023,11093,10633,3220,21,21
4,2.5,2680,4548,2,0,0,3,8,2680,0,47.7073,-122.114,2750,4548,7228,7298,2680,6,6
3,2,1770,7000,1,0,0,3,7,1770,0,47.3321,-122.261,1510,10462,8770,11972,1770,28,28
3,1.75,1720,2218,1,0,0,3,7,1270,450,47.649,-122.335,1130,1600,3938,2730,1720,83,11
4,2.5,2640,6738,2,0,0,4,8,2640,0,47.5787,-122,2180,5782,9378,7962,2640,25,25
2,1.5,910,966,2,0,0,3,8,820,90,47.627,-122.361,2740,6400,1876,9140,910,8,8
5,2.5,2500,9248,1,0,0,3,8,1300,1200,47.5415,-122.18,2090,8568,11748,10658,2500,49,49
3,1.75,2820,8879,1,0,0,5,7,1540,1280,47.5094,-122.376,1640,7850,11699,9490,2820,94,57
3,2.5,2420,4725,2,0,0,3,8,2420,0,47.371,-122.018,2370,4200,7145,6570,2420,0,0
3,1.75,1530,9600,1,0,0,3,7,1200,330,47.3594,-122.076,1680,9680,11130,11360,1530,27,27
4,2.25,2880,9996,1,0,0,4,8,1920,960,47.7584,-122.143,2410,10584,12876,12994,2880,33,33
3,2,1220,17652,1,0,0,4,7,1220,0,47.4712,-122.1,1990,17652,18872,19642,1220,35,35
3,2.5,2930,9280,2,0,0,4,10,2930,0,47.6335,-122.151,2730,10090,12210,12820,2930,26,26
3,2.5,2260,9577,2,0,0,3,8,1700,560,47.6928,-122.399,1740,10240,11837,11980,2260,89,10
4,1.75,2280,5959,1,0,0,3,7,1250,1030,47.5655,-122.395,1640,5911,8239,7551,2280,67,67
3,1.75,1440,45302,2,0,0,3,7,1440,0,47.7078,-121.915,2080,49658,46742,51738,1440,37,37
2,1,790,8424,1,0,0,4,6,790,0,47.7511,-122.352,1470,8424,9214,9894,790,61,61
3,1.5,1170,11530,1,0,0,3,7,1170,0,47.4211,-122.29,1550,8605,12700,10155,1170,54,54
3,2.75,3290,22649,2,0,0,4,8,3290,0,47.5241,-122.193,2750,6119,25939,8869,3290,21,21
3,2.25,1880,7488,2,0,0,3,8,1880,0,47.3631,-122.277,2180,7344,9368,9524,1880,35,35
3,2.5,3400,38400,1,0,4,3,8,1870,1530,47.7611,-122.372,3400,24338,41800,27738,3400,59,-1
3,1.75,1440,7800,1,0,0,4,7,1440,0,47.5996,-122.12,1440,7800,9240,9240,1440,57,57
3,1.5,1760,4000,2,0,0,3,8,1760,0,47.6401,-122.32,1760,4000,5760,5760,1760,92,92
3,2,2910,6600,2,0,0,4,7,1920,990,47.5576,-122.281,1370,5500,9510,6870,2910,114,26
3,2.5,2610,7301,2,0,0,3,8,2610,0,47.7614,-122.139,2460,7181,9911,9641,2610,10,10
4,2.25,2050,9583,2,0,2,3,8,1770,280,47.3978,-122.313,2230,9730,11633,11960,2050,49,49
3,1.75,2450,8603,1,0,0,5,8,1340,1110,47.6536,-122.414,2280,5779,11053,8059,2450,74,74
5,3.25,4110,7920,2,0,3,3,9,3150,960,47.617,-122.282,3890,7800,12030,11690,4110,93,93
3,1,1120,10176,1,0,0,3,6,920,200,47.5235,-122.277,1350,7500,11296,8850,1120,109,109
4,2.75,2260,12005,1,0,0,4,8,2260,0,47.6342,-122.171,1870,10800,14265,12670,2260,58,25
3,1.75,1380,3561,1,0,0,4,7,860,520,47.6822,-122.399,1820,4593,4941,6413,1380,89,89
4,2.5,2050,8909,1,0,2,4,8,1690,360,47.398,-122.31,2190,8912,10959,11102,2050,28,28
2,1,670,6300,1,0,0,5,6,670,0,47.5161,-122.374,760,6300,6970,7060,670,72,72
2,1,1250,5413,1,0,0,4,7,1250,0,47.6945,-122.315,1250,5413,6663,6663,1250,91,91
3,1.75,1650,9500,1,0,0,3,8,1650,0,47.631,-122.098,1880,9375,11150,11255,1650,48,48
3,1,1560,4500,1,0,0,5,7,1560,0,47.6204,-122.292,1530,4500,6060,6030,1560,100,100
3,1.75,1930,7200,1,0,0,3,6,1930,0,47.5263,-121.809,1350,9000,9130,10350,1930,85,85
3,1.5,1810,18483,1,0,0,3,8,1810,0,47.7617,-122.378,2920,20279,20293,23199,1810,60,60
2,1,780,3475,1,0,0,4,5,780,0,47.4944,-121.789,1210,6769,4255,7979,780,84,84
3,1,980,6530,1,0,0,3,7,980,0,47.7133,-122.213,1220,6723,7510,7943,980,45,45
3,2,1340,1480,3,0,0,3,8,1340,0,47.6904,-122.393,1340,1321,2820,2661,1340,17,17
3,1,1240,3500,1,0,0,4,7,1240,0,47.6835,-122.347,1650,3360,4740,5010,1240,87,87
3,1.5,1810,349351,1,0,0,3,7,1810,0,47.3392,-121.897,2480,339332,351161,341812,1810,13,13
2,1.5,1260,9693,1,0,0,3,7,1260,0,47.7775,-122.365,1800,9693,10953,11493,1260,57,57
3,2.5,2840,7500,2,0,3,3,11,2840,0,47.7049,-122.224,2580,5918,10340,8498,2840,18,18
4,2.5,2341,9594,2,0,0,3,9,2341,0,47.6993,-122.115,2850,9421,11935,12271,2341,17,17
4,3,2000,5304,1,0,0,4,7,2000,0,47.6762,-122.285,1670,5304,7304,6974,2000,68,68
3,2.5,1480,7210,1,0,0,3,7,1180,300,47.3124,-122.351,1690,7396,8690,9086,1480,28,28
4,2.5,1830,3868,2,0,0,3,7,1830,0,47.5186,-122.276,2330,3868,5698,6198,1830,7,7
3,1.75,1410,5100,1,0,0,4,7,1110,300,47.7026,-122.29,1600,7800,6510,9400,1410,60,60
3,2.5,2280,4757,2,0,0,3,8,2280,0,47.5901,-122.018,2280,4534,7037,6814,2280,12,12
3,1,2020,19210,1,0,0,3,6,1760,260,47.7552,-122.229,1780,14469,21230,16249,2020,65,65
3,1,1570,10050,1,0,0,3,7,1570,0,47.736,-122.231,2540,9940,11620,12480,1570,51,51
3,1.5,1690,9144,1,0,0,4,7,1140,550,47.739,-122.253,1840,10600,10834,12440,1690,58,58
2,1,730,7528,1,0,0,3,7,730,0,47.6997,-122.305,1620,7528,8258,9148,730,68,68
3,1.5,1810,3880,1,0,0,4,8,1310,500,47.6835,-122.392,1400,3880,5690,5280,1810,86,86
5,2,1380,4300,1,0,0,3,7,1380,0,47.6647,-122.337,1830,3800,5680,5630,1380,99,99
3,1.75,1060,7875,1,0,0,4,7,1060,0,47.2761,-122.152,1420,7680,8935,9100,1060,29,29
4,2,2100,8160,1,0,0,3,7,1200,900,47.5145,-122.365,1140,8160,10260,9300,2100,55,55
2,2.25,2290,9772,1,0,0,3,8,2290,0,47.7199,-122.025,1810,6077,12062,7887,2290,7,7
3,1.5,1180,1231,3,0,0,3,7,1180,0,47.6845,-122.315,1280,3360,2411,4640,1180,7,7
3,1.75,1610,38707,1,0,0,3,7,1610,0,47.3778,-122.001,1930,45151,40317,47081,1610,25,25
4,2.5,1990,30083,2,0,0,3,8,1990,0,47.7678,-122.272,2220,11627,32073,13847,1990,16,16
4,1.75,1930,6720,1,0,2,3,8,1130,800,47.6935,-122.312,1850,6380,8650,8230,1930,55,55
4,1.75,2170,5750,1,0,2,3,7,1370,800,47.5668,-122.383,1450,5750,7920,7200,2170,40,40
4,3.5,3320,8808,2,0,0,3,9,3320,0,47.592,-121.989,3160,9226,12128,12386,3320,9,9
4,2.5,2290,12047,2,0,0,4,9,2290,0,47.5599,-122.105,3130,15666,14337,18796,2290,26,26
3,2.5,3240,8016,2,0,0,3,8,2910,330,47.5382,-121.877,2990,7561,11256,10551,3240,10,10
3,2.5,2730,7136,2,0,0,3,8,2730,0,47.3938,-122.321,2130,8932,9866,11062,2730,3,3
3,3.25,2260,3727,2,0,0,3,8,1880,380,47.6422,-122.361,1600,4800,5987,6400,2260,11,11
4,2.5,1930,8040,1,0,0,3,7,1380,550,47.7283,-122.218,2080,7200,9970,9280,1930,37,37
4,2.75,4270,25807,2,0,0,3,11,4270,0,47.5951,-122.206,3860,20723,30077,24583,4270,18,18
4,1,1060,5750,1,0,0,3,6,950,110,47.6562,-122.389,1790,5857,6810,7647,1060,110,110
3,1.5,1280,5065,2,0,0,4,6,1280,0,47.3343,-122.217,1070,4491,6345,5561,1280,31,31
5,2.5,2880,8216,2,0,0,3,8,2880,0,47.3747,-122.185,1960,7200,11096,9160,2880,13,13
2,1,990,2446,2,0,0,3,7,990,0,47.5919,-122.297,1260,2805,3436,4065,990,16,16
3,2.5,2520,10012,2,0,0,3,10,2520,0,47.6295,-122.051,2680,10071,12532,12751,2520,28,28
3,3,2440,3202,2,0,0,4,8,1640,800,47.7152,-122.342,2440,3200,5642,5640,2440,33,33
7,4,2960,2665,2,0,0,3,9,1950,1010,47.5835,-122.313,1970,4410,5625,6380,2960,88,2
3,2,1770,8141,1,0,0,5,8,1770,0,47.7232,-122.371,1770,8100,9911,9870,1770,63,63
3,2.25,1330,8004,2,0,0,3,7,1330,0,47.7098,-122.217,1300,7971,9334,9271,1330,29,29
3,2,1830,6925,1,0,0,4,8,1830,0,47.4445,-122.123,2010,7350,8755,9360,1830,36,36
4,2,1490,13736,1,0,0,4,6,1490,0,47.712,-122.281,2040,7200,15226,9240,1490,73,73
3,2.75,1740,8436,1,0,0,3,7,1140,600,47.3456,-122.305,1550,8436,10176,9986,1740,47,47
3,2.5,2340,5957,2,0,0,3,8,2340,0,47.7347,-122.236,2340,6604,8297,8944,2340,19,19
2,2,1494,19271,2,1,4,3,7,1494,0,47.4728,-122.497,1494,43583,20765,45077,1494,71,17
4,3.25,3440,35021,2,0,0,3,10,3440,0,47.6476,-122.184,3440,35021,38461,38461,3440,31,31
3,1.75,1880,16239,1,0,0,3,7,880,1000,47.7004,-122.304,1260,7528,18119,8788,1880,92,92
5,2.5,2270,6300,2,0,0,3,8,2270,0,47.3266,-122.169,2240,7005,8570,9245,2270,19,19
3,1,840,8400,1,0,0,3,6,840,0,47.3277,-122.343,840,9450,9240,10290,840,55,55
3,2.5,1940,9000,1,0,0,4,7,970,970,47.6933,-122.393,2190,7310,10940,9500,1940,66,66
4,1.75,2120,7620,2,0,0,3,8,2120,0,47.457,-122.346,1820,7620,9740,9440,2120,43,12
3,1.5,1090,8160,1,0,0,3,7,1090,0,47.4551,-122.175,1260,7560,9250,8820,1090,47,0
3,2.25,1560,15340,2,0,0,3,7,1560,0,47.4989,-122.322,1560,8260,16900,9820,1560,17,17
3,1,1340,10260,1,0,0,3,7,1340,0,47.3173,-122.317,1250,8775,11600,10025,1340,46,46
2,2.5,3180,9400,2,0,4,5,10,2610,570,47.5617,-122.158,3760,9450,12580,13210,3180,29,29
4,2.25,2130,8499,1,0,0,4,7,1600,530,47.3657,-122.21,1890,11368,10629,13258,2130,39,39
3,2.25,1280,959,3,0,0,3,8,1280,0,47.6914,-122.343,1130,1126,2239,2256,1280,9,9
4,2.5,2330,7936,2,0,0,3,9,2330,0,47.6269,-122.03,2460,8137,10266,10597,2330,27,27
3,1.75,1510,8433,1,0,0,4,7,1220,290,47.6226,-122.103,1950,8199,9943,10149,1510,47,47
3,2.5,2000,4500,2,0,0,3,7,2000,0,47.4937,-122.149,2230,4501,6500,6731,2000,4,4
4,2.5,3870,50965,2,0,0,3,10,3870,0,47.3109,-122.045,2170,65843,54835,68013,3870,8,8
3,3.5,3020,4082,2,0,0,3,9,2080,940,47.651,-122.409,2060,5102,7102,7162,3020,60,10
3,1.5,1270,1483,3,0,0,3,8,1270,0,47.6987,-122.317,1270,1413,2753,2683,1270,8,8
3,1.75,1560,7207,1,0,0,3,7,1250,310,47.7283,-122.222,1540,7485,8767,9025,1560,31,31
3,2,1320,7625,1,0,0,3,7,1320,0,47.3635,-122.045,1420,7500,8945,8920,1320,27,27
4,4.25,1960,3565,2,0,0,3,7,1960,0,47.5849,-122.384,1920,5750,5525,7670,1960,74,11
3,1.75,1200,24805,1,0,0,3,6,1200,0,47.4236,-122.195,2150,4339,26005,6489,1200,30,30
4,2.75,2650,6717,2,0,0,3,10,2650,0,47.4947,-122.171,2740,7923,9367,10663,2650,0,0
4,3.5,3190,31450,2,0,0,3,9,3190,0,47.501,-121.902,3000,72745,34640,75745,3190,4,4
4,2.5,2090,6667,2,0,0,3,8,2090,0,47.4648,-122.15,2250,6165,8757,8415,2090,17,17
2,1,980,5393,1,0,0,3,6,980,0,47.3674,-122.081,980,5200,6373,6180,980,45,45
3,2.5,1940,9874,2,0,0,3,7,1940,0,47.3794,-122.113,1860,8875,11814,10735,1940,24,24
3,2.5,1880,4200,2,0,0,3,7,1880,0,47.366,-122.017,2090,4200,6080,6290,1880,7,7
3,3.5,3240,23522,2,0,0,3,10,2130,1110,47.3388,-122.033,3180,23273,26762,26453,3240,23,23
4,3.75,3790,7200,2,0,0,3,10,2530,1260,47.6264,-122.289,3250,7200,10990,10450,3790,83,83
4,2.5,3220,8256,2,0,0,3,8,2610,610,47.495,-122.155,2500,9472,11476,11972,3220,8,8
2,1.5,1430,8137,1,0,0,3,7,1130,300,47.7307,-122.29,1430,8137,9567,9567,1430,80,80
4,2.25,1870,4198,2,0,0,3,7,1870,0,47.3657,-122.021,1870,4184,6068,6054,1870,6,6
3,2.75,1100,750,2,0,0,3,7,780,320,47.5601,-122.363,1170,4800,1850,5970,1100,6,6
3,2.5,2570,3600,2,0,0,3,9,2570,0,47.5412,-121.994,2570,3600,6170,6170,2570,7,7
3,1,1180,7573,1,0,0,4,7,1180,0,47.7372,-122.294,1320,7573,8753,8893,1180,37,37
3,3.5,2050,2020,2,0,0,3,8,1520,530,47.6235,-122.306,1230,3640,4070,4870,2050,9,9
3,2,1640,7333,1,0,0,4,7,1020,620,47.5636,-122.316,2130,4933,8973,7063,1640,74,74
3,1.75,1460,7361,1,0,0,3,6,1460,0,47.7436,-121.979,1460,7505,8821,8965,1460,32,32
5,3.5,3180,4628,2,0,0,3,10,2420,760,47.6423,-122.394,2060,4640,7808,6700,3180,14,14
3,1.5,1210,7247,1,0,0,4,7,1210,0,47.328,-122.321,1370,7869,8457,9239,1210,47,47
3,1,1370,8162,1,0,0,3,6,1370,0,47.7263,-122.289,1560,8250,9532,9810,1370,65,65
7,4.25,3670,4000,2,0,1,3,8,2800,870,47.6375,-122.388,2010,4000,7670,6010,3670,50,50
5,1.75,2460,14100,1,0,0,3,7,1380,1080,47.7452,-122.224,2028,11078,16560,13106,2460,42,42
3,1.75,1550,7200,1,0,0,3,7,1100,450,47.7071,-122.314,1560,7440,8750,9000,1550,66,66
5,2.75,2790,7600,1,0,0,4,7,2790,0,47.4999,-122.165,1480,7600,10390,9080,2790,50,50
2,1,940,5000,1,0,0,3,6,940,0,47.5186,-122.374,940,5000,5940,5940,940,63,63
3,1.5,1410,8415,1,0,0,4,7,780,630,47.2914,-122.368,1440,7361,9825,8801,1410,33,33
3,2.25,1690,7245,1,0,1,3,7,1160,530,47.3505,-122.305,1690,6720,8935,8410,1690,41,41
2,1,770,8600,1,0,0,4,4,770,0,47.5325,-122.031,1420,6960,9370,8380,770,101,101
3,1,1090,17630,1,0,0,4,7,1090,0,47.288,-122.196,1300,12000,18720,13300,1090,52,52
6,4.5,2810,11214,1,0,0,3,8,2010,800,47.4045,-122.197,1940,8349,14024,10289,2810,56,56
3,2.5,1790,6191,2,0,0,3,8,1790,0,47.4102,-122.195,1790,6758,7981,8548,1790,22,22
3,3,2230,12968,2,0,0,3,9,2230,0,47.6271,-122.197,2260,10160,15198,12420,2230,25,25
3,2.5,2620,241200,1,0,0,4,9,2620,0,47.4574,-122.01,2620,172933,243820,175553,2620,16,16
5,2.5,2510,7525,1,0,0,4,7,1710,800,47.5422,-122.359,1270,6741,10035,8011,2510,85,85
4,2.5,2750,8471,2,0,0,3,7,2750,0,47.3671,-122.029,2610,7482,11221,10092,2750,12,12
4,2.5,2520,11240,1,0,0,3,8,1440,1080,47.6748,-122.144,2360,10345,13760,12705,2520,37,37
3,1.75,2040,4125,1,0,0,4,8,1540,500,47.6608,-122.359,1620,4400,6165,6020,2040,97,97
3,1,1640,13939,1,0,0,3,7,1040,600,47.3947,-122.313,2080,13000,15579,15080,1640,54,54
3,1.75,2220,216493,1,0,2,3,8,2220,0,47.6624,-121.951,2900,169884,218713,172784,2220,25,25
4,2,1610,4770,1,0,0,4,7,1230,380,47.5333,-122.381,1180,6120,6380,7300,1610,74,74
5,3.5,3270,4080,2,0,0,3,9,2180,1090,47.6754,-122.327,1410,4080,7350,5490,3270,3,3
3,1,1350,8581,1,0,0,5,6,1350,0,47.7612,-122.362,2080,8451,9931,10531,1350,70,70
4,2.5,2830,13760,2,0,0,3,8,2830,0,47.7334,-121.97,2350,14029,16590,16379,2830,21,21
3,1.75,2080,5000,2,0,0,5,8,2080,0,47.6717,-122.356,1820,5000,7080,6820,2080,108,108
3,2.5,1460,11593,2,0,0,3,7,1460,0,47.2984,-122.385,1640,9703,13053,11343,1460,25,25
3,1.75,1270,6600,1,0,0,5,7,1270,0,47.5976,-122.295,1490,3600,7870,5090,1270,111,111
3,2,1540,8885,1,0,0,5,6,1540,0,47.7403,-121.984,1730,5000,10425,6730,1540,76,76
4,2.75,3270,9231,2,0,0,3,10,3270,0,47.6539,-122.121,3380,10154,12501,13534,3270,20,20
2,1,750,5026,1,0,0,4,6,750,0,47.5368,-122.374,1260,5040,5776,6300,750,72,72
4,2.25,2860,5658,2,0,3,3,10,2130,730,47.6395,-122.409,2700,5221,8518,7921,2860,81,81
3,2.5,2370,3239,2,0,0,3,8,1950,420,47.7515,-122.174,2520,3431,5609,5951,2370,9,9
4,2,1730,3884,1,0,0,5,7,1060,670,47.6624,-122.349,1360,3563,5614,4923,1730,90,90
5,2.5,2100,14395,1,0,0,3,7,1140,960,47.7723,-122.317,1830,8700,16495,10530,2100,32,32
3,3,3490,4500,2,0,0,3,9,3170,320,47.6394,-122.321,2840,4050,7990,6890,3490,90,90
3,2.5,1480,7200,2,0,0,5,7,1480,0,47.3126,-122.023,1350,7200,8680,8550,1480,19,19
5,3.5,2920,3000,2,0,0,3,9,2260,660,47.6846,-122.349,1580,4000,5920,5580,2920,0,0
4,3.25,1960,7200,2,0,0,3,7,1960,0,47.7291,-122.218,1980,7529,9160,9509,1960,35,35
5,1.75,2060,10911,1,0,0,4,7,1360,700,47.7767,-122.365,2060,9688,12971,11748,2060,61,61
6,2.5,2560,8320,1,0,0,3,7,1370,1190,47.7021,-122.287,2360,7800,10880,10160,2560,53,53
4,1.75,2270,9830,1,0,0,4,8,2270,0,47.5999,-122.176,2540,11990,12100,14530,2270,55,55
2,1.75,1270,7800,1,0,0,4,7,890,380,47.4438,-122.134,2020,8025,9070,10045,1270,34,34
3,2.5,1650,4636,2,0,0,3,8,1650,0,47.5997,-122.016,1650,4504,6286,6154,1650,16,16
4,1,1220,11730,1,0,0,4,7,1220,0,47.3229,-122.283,1270,9520,12950,10790,1220,54,54
3,2,2290,16258,1,0,0,5,8,2290,0,47.4672,-122.165,1660,10530,18548,12190,2290,55,55
3,3,2790,13295,2,1,4,4,10,2370,420,47.5466,-122.197,3140,11949,16085,15089,2790,82,26
3,2.5,1650,13816,2,0,0,3,7,1650,0,47.6553,-121.912,1650,15144,15466,16794,1650,16,16
4,1.75,2000,8700,1,0,0,5,7,1010,990,47.374,-122.141,1490,7350,10700,8840,2000,39,39
4,2.5,2800,4687,2,0,0,3,9,2800,0,47.3594,-122.04,2750,4750,7487,7500,2800,9,9
2,2,1680,5756,2,0,0,4,7,1680,0,47.3065,-122.222,1340,5447,7436,6787,1680,104,104
3,2.5,4040,147856,2,0,0,3,9,4040,0,47.2711,-122.067,3000,125452,151896,128452,4040,10,10
5,1.5,1750,9780,1,0,0,4,7,1750,0,47.7755,-122.235,1750,10295,11530,12045,1750,53,53
3,1.75,1590,7535,1,0,0,5,6,1590,0,47.3769,-122.234,1110,6000,9125,7110,1590,106,106
4,1,1480,12675,1,0,0,4,7,1480,0,47.763,-122.342,1820,7995,14155,9815,1480,86,86
3,1,1250,8450,1,0,0,4,7,1250,0,47.503,-122.364,1350,9300,9700,10650,1250,60,60
2,2,1070,649,2,0,0,3,9,720,350,47.5213,-122.357,1070,928,1719,1998,1070,7,7
3,1.75,1410,7700,1,0,0,4,7,1410,0,47.5375,-122.176,1560,7700,9110,9260,1410,48,48
2,1.5,1020,1049,3,0,0,3,8,1020,0,47.68,-122.348,1350,1395,2069,2745,1020,7,7
3,1.75,1430,8505,1,0,0,4,7,1430,0,47.3173,-122.319,1190,8640,9935,9830,1430,46,46
3,2.5,1680,11193,2,0,0,3,8,1680,0,47.4482,-122.125,2080,8084,12873,10164,1680,30,30
6,3.75,4000,6015,2,0,2,3,10,3080,920,47.453,-122.118,3180,5700,10015,8880,4000,10,10
3,2.5,1940,4000,1,0,0,5,7,1940,0,47.6372,-122.352,1440,4000,5940,5440,1940,108,108
3,2,1610,8069,1,0,0,5,7,1090,520,47.5754,-122.15,1510,8803,9679,10313,1610,60,60
3,2.5,2380,9719,2,0,0,3,8,2380,0,47.2932,-122.283,2830,11505,12099,14335,2380,14,14
3,1.5,2540,9520,1,0,0,3,8,1500,1040,47.6834,-122.306,1870,6800,12060,8670,2540,55,55
6,1.75,1820,6250,1,0,0,3,7,1130,690,47.579,-122.39,1820,5750,8070,7570,1820,60,60
4,2,1370,4000,2,0,0,3,9,1370,0,47.6593,-122.394,2010,5720,5370,7730,1370,63,20
2,1.5,1160,1438,2,0,0,3,7,1160,0,47.5917,-122.295,1220,1740,2598,2960,1160,13,13
3,1.75,1590,13500,1,0,0,4,7,1090,500,47.3621,-122.031,1540,10375,15090,11915,1590,34,34
4,1.75,1810,7700,1,0,0,5,8,1390,420,47.6976,-122.169,2080,7700,9510,9780,1810,37,37
3,2.5,2300,9218,2,0,2,3,9,2300,0,47.5504,-122.077,2730,9930,11518,12660,2300,16,16
3,1.75,1280,3880,1,0,0,5,7,1280,0,47.6871,-122.391,980,3880,5160,4860,1280,99,99
4,2,2190,14439,1,0,0,4,7,1180,1010,47.2702,-122.29,2160,14439,16629,16599,2190,37,37
5,2,2450,9488,1,0,0,4,7,1240,1210,47.7056,-122.34,1310,5693,11938,7003,2450,114,59
3,1.75,1760,8266,1,0,0,5,7,1760,0,47.7708,-122.339,1400,8519,10026,9919,1760,61,61
4,1.75,1620,7560,1,0,3,4,7,1380,240,47.6981,-122.4,2170,8650,9180,10820,1620,68,68
5,3.25,3320,11340,2,0,0,4,8,2480,840,47.3904,-122.154,2330,8339,14660,10669,3320,15,15
5,2.5,2650,12987,1,0,0,4,7,1350,1300,47.7482,-122.244,2160,12726,15637,14886,2650,35,35
3,1.75,2100,15480,1,0,0,3,7,2100,0,47.2924,-122.271,1330,15657,17580,16987,2100,31,31
3,2.5,2640,5964,2,0,0,3,9,2640,0,47.7043,-122.128,2680,5211,8604,7891,2640,11,11
4,2.25,2170,8240,2,0,1,4,8,2170,0,47.5634,-122.128,2600,9898,10410,12498,2170,32,32
4,2.75,2910,16362,1,0,2,4,9,2120,790,47.3397,-122.322,2850,14904,19272,17754,2910,46,46
4,2.5,2220,3561,2,0,0,3,8,2220,0,47.3561,-122.063,2530,4449,5781,6979,2220,0,0
4,2.5,1940,10500,1,0,0,4,7,1140,800,47.683,-122.114,2200,10500,12440,12700,1940,38,38
4,2,1560,8250,1,0,0,3,8,1320,240,47.7565,-122.358,1870,8258,9810,10128,1560,51,51
4,3.5,2850,4416,1,0,0,3,7,2040,810,47.6835,-122.342,1860,4416,7266,6276,2850,88,88
2,2.25,1630,1686,2,0,0,3,10,1330,300,47.6113,-122.314,1570,2580,3316,4150,1630,0,0
4,2.75,3530,6844,2,0,0,3,10,3530,0,47.5975,-121.985,3530,10038,10374,13568,3530,1,1
3,2.5,1720,3012,2,0,0,3,9,1720,0,47.7312,-122.334,1720,7658,4732,9378,1720,3,3
3,1.5,1040,1264,2,0,0,3,9,900,140,47.5951,-122.301,1350,3000,2304,4350,1040,-1,-1
2,1.5,960,1808,2,0,0,3,7,960,0,47.6183,-122.298,1290,1668,2768,2958,960,21,21
4,3.75,4160,35000,2,0,0,3,11,4160,0,47.669,-122.067,5330,36446,39160,41776,4160,24,24
2,1.75,1450,4000,1,0,0,4,7,1350,100,47.6571,-122.326,1310,4000,5450,5310,1450,112,112
2,1,720,6687,1,0,0,3,6,720,0,47.7001,-122.362,840,6687,7407,7527,720,72,72
3,2,1820,4480,1,0,0,5,7,1120,700,47.6717,-122.295,1920,4480,6300,6400,1820,91,91
5,3.5,3880,13885,2,0,3,4,9,2540,1340,47.5696,-122.156,3690,13885,17765,17575,3880,35,35
3,1.75,1310,7811,1,0,0,3,7,1310,0,47.7319,-122.167,1530,7800,9121,9330,1310,38,38
4,2.5,1700,9000,1,0,0,5,7,1700,0,47.7306,-122.233,1370,7592,10700,8962,1700,42,42
3,2.5,2390,3903,2,0,0,3,8,1970,420,47.7515,-122.174,2390,3431,6293,5821,2390,8,8
3,2,2850,19200,1,0,3,3,8,2340,510,47.3378,-122.348,2860,18240,22050,21100,2850,10,10
2,1,860,10500,1,0,0,3,6,860,0,47.5662,-121.886,950,10500,11360,11450,860,72,72
2,1,1250,5208,1,0,0,3,7,1050,200,47.3063,-122.219,1030,5354,6458,6384,1250,64,64
3,2.5,1470,1741,2,0,0,3,8,1170,300,47.5464,-121.999,1470,1583,3211,3053,1470,11,11
6,2.75,3610,10003,1,0,0,4,8,3610,0,47.6261,-122.125,2560,10004,13613,12564,3610,48,48
4,2.5,3280,5232,2,0,0,3,7,3280,0,47.6798,-122.033,2600,5080,8512,7680,3280,11,11
3,1.75,1590,8219,1,0,0,5,6,970,620,47.7146,-122.217,2030,7504,9809,9534,1590,76,76
4,2.5,3310,6500,2,0,0,3,8,3310,0,47.515,-121.87,2380,5000,9810,7380,3310,2,2
3,2,1260,22100,2,0,0,4,7,1260,0,47.2772,-122.354,1430,13000,23360,14430,1260,33,33
3,1,940,7980,1,0,0,4,7,940,0,47.3838,-122.289,1150,8050,8920,9200,940,54,54
3,1,1400,10425,1,0,0,4,7,1400,0,47.2738,-122.301,1440,10425,11825,11865,1400,46,46
4,2.5,1800,8100,2,0,0,3,7,1800,0,47.3611,-122.047,1590,8100,9900,9690,1800,16,16
3,1.75,1630,10001,1,0,0,4,7,1100,530,47.3605,-122.12,1630,10001,11631,11631,1630,38,38
4,1.75,2060,9828,1,0,0,4,8,2060,0,47.5867,-122.174,2260,9996,11888,12256,2060,54,54
2,1,940,3800,1,0,0,3,7,940,0,47.6798,-122.292,1680,3800,4740,5480,940,86,86
4,2.5,2420,8056,1,0,0,3,8,1680,740,47.5748,-122.013,2160,6807,10476,8967,2420,26,26
5,3,3410,9600,1,0,0,4,8,1870,1540,47.6358,-122.103,2390,9679,13010,12069,3410,46,46
4,2.5,3340,8930,2,0,2,3,10,3340,0,47.535,-121.867,3160,7865,12270,11025,3340,15,15
4,2.75,2460,3600,2,0,0,3,8,1640,820,47.6093,-122.297,1890,3600,6060,5490,2460,108,8
4,2.25,2920,46355,2,0,0,4,9,2920,0,47.569,-121.962,2310,184694,49275,187004,2920,16,16
4,3.25,3180,194278,2,0,0,3,10,3180,0,47.4711,-122.084,2200,178160,197458,180360,3180,9,9
2,1,910,5759,1,0,0,3,6,910,0,47.7153,-122.284,1520,7518,6669,9038,910,64,64
3,1.75,1350,155073,1,0,0,4,7,1350,0,47.4058,-121.994,1560,50965,156423,52525,1350,45,45
4,2.5,2820,25995,2,0,0,3,9,2820,0,47.3415,-122.029,3330,27653,28815,30983,2820,16,16
3,4.5,3970,24920,2,0,2,3,10,3260,710,47.7183,-122.258,2610,13838,28890,16448,3970,38,16
2,2.5,1620,3795,2,0,0,3,7,1620,0,47.5321,-122.034,1620,6000,5415,7620,1620,1,1
3,1,1060,12690,1,0,0,3,7,1060,0,47.6736,-122.167,1920,10200,13750,12120,1060,45,45
5,2,2150,4500,1,0,0,3,8,2150,0,47.5582,-122.388,1300,4500,6650,5800,2150,77,77
2,1,1160,7500,1,0,0,4,7,1160,0,47.6499,-121.916,1110,7500,8660,8610,1160,98,98
2,1.75,2120,7680,1,0,0,5,6,1130,990,47.5304,-122.374,1220,7680,9800,8900,2120,67,67
4,1.75,2720,7810,1,0,0,3,8,1510,1210,47.6788,-122.283,2120,7315,10530,9435,2720,62,62
3,1.5,1970,13709,1,0,0,4,7,1680,290,47.7562,-122.277,2200,16536,15679,18736,1970,59,59
2,1,800,6240,1,0,0,3,6,800,0,47.7257,-122.296,1530,8000,7040,9530,800,60,60
3,2,3040,41072,1,0,0,4,8,1520,1520,47.3944,-121.972,2230,54014,44112,56244,3040,37,37
3,4.25,3840,6161,2,0,0,3,10,3840,0,47.6336,-122.064,3230,7709,10001,10939,3840,15,15
3,1,920,8400,1,0,0,3,7,920,0,47.3771,-122.287,1260,8400,9320,9660,920,51,51
3,1,1430,5000,1,0,0,4,6,1080,350,47.6724,-122.296,1630,4600,6430,6230,1430,95,95
4,2.5,2090,8325,1,0,0,4,7,1470,620,47.4888,-122.184,1700,8025,10415,9725,2090,32,32
3,2,1170,5360,1,0,0,3,6,1170,0,47.5181,-122.364,1180,7200,6530,8380,1170,95,95
4,2.5,3130,5200,2,0,0,3,7,3130,0,47.3828,-122.098,3020,5200,8330,8220,3130,10,10
4,2.25,2030,11585,1,0,0,4,7,1590,440,47.6561,-122.13,1960,8977,13615,10937,2030,47,47
4,2.25,2970,54450,2,0,0,3,8,2970,0,47.4338,-122.146,2260,6465,57420,8725,2970,31,16
6,3,2580,8064,1,0,0,3,7,1880,700,47.5549,-122.287,1510,6084,10644,7594,2580,101,101
5,2.5,2830,25958,1,0,1,5,8,1610,1220,47.5896,-122.083,2670,21567,28788,24237,2830,35,35
4,1.75,1640,9299,1,0,0,4,7,870,770,47.5334,-122.168,2460,14326,10939,16786,1640,71,71
4,2.75,4070,115434,2,0,0,3,9,4070,0,47.4843,-121.752,2970,95832,119504,98802,4070,12,12
4,1,1180,13500,1,0,0,3,7,1180,0,47.7165,-122.308,1580,8976,14680,10556,1180,65,65
3,2.5,3680,13384,2,0,0,3,10,3680,0,47.5484,-122.119,3600,11306,17064,14906,3680,20,20
2,2,1570,4665,1,0,0,3,8,1570,0,47.709,-122.017,2165,6262,6235,8427,1570,8,8
3,1.75,2100,14850,1,0,0,4,7,2100,0,47.3622,-122.059,1930,17238,16950,19168,2100,51,51
3,2.25,1580,4379,2,0,0,4,8,1580,0,47.5694,-122.005,1770,4187,5959,5957,1580,20,20
3,2.5,2370,7916,2,0,0,3,9,2370,0,47.528,-122.171,2500,8221,10286,10721,2370,25,25
3,2.5,1690,3068,2,0,0,3,7,1690,0,47.6763,-122.028,1690,3260,4758,4950,1690,10,10
5,3,2440,4750,1,0,0,3,9,1450,990,47.5485,-122.302,1420,5940,7190,7360,2440,8,8
3,2.25,2260,13209,1,0,0,3,9,2260,0,47.6385,-122.167,2820,12534,15469,15354,2260,37,37
3,1,1150,6000,1,0,0,3,7,1150,0,47.4963,-121.787,1210,7700,7150,8910,1150,87,87
3,1.75,1620,8645,1,0,0,3,7,1190,430,47.6651,-122.151,2010,8645,10265,10655,1620,41,41
5,3.75,5350,15360,1,0,1,3,11,3040,2310,47.648,-122.218,3740,15940,20710,19680,5350,7,7
4,1.75,1740,7700,1,0,0,5,7,1740,0,47.6259,-122.111,1740,8120,9440,9860,1740,46,46
5,3.5,4010,6000,2,0,3,3,9,2560,1450,47.4928,-122.229,2440,6000,10010,8440,4010,18,18
4,1,1620,4080,1,0,0,3,7,1620,0,47.6696,-122.324,1760,4080,5700,5840,1620,91,91
4,2.5,1980,6566,2,0,0,3,8,1980,0,47.3809,-122.097,2590,6999,8546,9589,1980,11,11
5,2.75,2280,10319,1,0,0,3,8,1300,980,47.7566,-122.363,2370,8056,12599,10426,2280,55,55
3,2.25,1420,1282,3,0,0,3,8,1420,0,47.6533,-122.346,1530,1280,2702,2810,1420,8,8
4,3,2620,18362,1,0,0,4,8,1870,750,47.5646,-122.184,2630,16792,20982,19422,2620,58,58
3,1,1340,7260,1,0,0,3,7,1340,0,47.7016,-122.295,1830,6822,8600,8652,1340,62,62
3,3.25,4330,14600,2,0,0,3,10,3630,700,47.6341,-122.044,3220,12672,18930,15892,4330,30,30
3,1,1120,12500,1,0,0,4,7,1120,0,47.6842,-122.2,2380,10000,13620,12380,1120,38,38
2,2.75,1590,20917,1,0,0,3,5,1590,0,47.2786,-122.25,1310,6000,22507,7310,1590,94,94
5,2.5,2400,4564,2,0,0,3,7,2400,0,47.369,-122.126,1880,4109,6964,5989,2400,11,11
2,1,1020,4200,1,0,0,5,6,1020,0,47.5319,-122.391,1660,4200,5220,5860,1020,91,91
4,1.5,1280,5460,1,0,0,5,7,1080,200,47.5348,-122.268,1470,5934,6740,7404,1280,94,94
3,2.25,2420,31497,1,0,0,4,8,1750,670,47.4422,-122.151,2040,30472,33917,32512,2420,51,51
4,1.75,1920,9350,1,0,0,4,7,1000,920,47.292,-122.195,1910,8400,11270,10310,1920,38,38
4,2.5,2820,6180,2,0,0,3,9,2050,770,47.5529,-122.281,1390,4635,9000,6025,2820,1,1
3,2.5,2240,7791,2,0,0,3,7,2240,0,47.5361,-121.88,2480,5018,10031,7498,2240,12,12
3,1,1090,3264,1,0,0,4,6,1090,0,47.3155,-122.182,1090,3330,4354,4420,1090,45,45
3,1.75,1710,10800,1,0,0,4,7,1710,0,47.7391,-122.241,1890,10800,12510,12690,1710,56,56
3,2.5,1700,9100,1,0,0,3,8,1160,540,47.5369,-122.378,1590,8374,10800,9964,1700,16,16
3,2.5,3220,6409,2,0,0,3,9,3220,0,47.4815,-122.127,3330,6231,9629,9561,3220,7,7
2,1,750,6380,1,0,0,3,7,750,0,47.7033,-122.308,1690,6495,7130,8185,750,65,65
3,1,980,7228,1,0,0,3,7,980,0,47.7294,-122.353,1070,7228,8208,8298,980,68,68
2,1,2230,11472,2,0,0,3,7,2230,0,47.7372,-122.35,1870,8649,13702,10519,2230,63,63
3,1,1010,9750,1,0,0,5,7,1010,0,47.3244,-122.144,1230,9750,10760,10980,1010,45,45
